1	3
2	1
3	3
4	2
5	1
6	2
7	3
8	1
9	1
10	3
11	1
12	1
13	2
14	2
15	1
16	1
17	1
18	4
19	3
20	1
21	5
22	1
23	6
24	1
25	5
26	2
27	4
28	2
29	2
30	3
31	1
32	5
33	2
34	6
35	1
36	6
37	1
38	1
39	3
40	4
41	2
42	6
43	7
44	9
45	2
46	11
47	4
48	6
49	6
50	1
51	1
52	3
53	2
54	1
55	2
56	8
57	2
58	5
59	1
60	3
61	8
62	2
63	1
64	3
65	1
66	6
67	4
68	2
69	1
70	2
71	2
72	1
73	5
74	9
75	4
76	1
77	14
78	2
79	4
80	2
81	13
82	1
83	3
84	8
85	1
86	2
87	1
88	14
89	7
90	15
91	2
92	1
93	6
94	10
95	13
96	7
97	7
98	23
99	2
100	2
101	3
102	8
103	20
104	1
105	7
106	1
107	10
108	16
109	3
110	2
111	3
112	6
113	2
114	20
115	20
116	5
117	20
118	13
119	8
120	10
121	7
122	3
123	1
124	5
125	2
126	11
127	2
128	1
129	26
130	13
131	16
132	17
133	2
134	1
135	28
136	3
137	5
138	1
139	2
140	2
141	28
142	3
143	3
144	6
145	31
146	8
147	1
148	1
149	27
150	2
151	31
152	33
153	8
154	16
155	15
156	5
157	21
158	2
159	15
160	1
161	25
162	1
163	11
164	1
165	4
166	7
167	19
168	14
169	5
170	9
171	1
172	38
173	39
174	35
175	2
176	3
177	24
178	8
179	3
180	2
181	2
182	1
183	4
184	13
185	9
186	23
187	2
188	26
189	3
190	5
191	22
192	14
193	7
194	21
195	4
196	22
197	24
198	2
199	8
200	1
201	1
202	27
203	6
204	34
205	4
206	2
207	5
208	29
209	8
210	1
211	28
212	2
213	2
214	25
215	1
216	29
217	2
218	5
219	27
220	39
221	9
222	2
223	3
224	1
225	22
226	13
227	12
228	10
229	1
230	9
231	14
232	1
233	9
234	1
235	6
236	35
237	16
238	29
239	11
240	17
241	13
242	1
243	18
244	1
245	22
246	8
247	13
248	40
249	23
250	1
251	3
252	6
253	1
254	9
255	10
256	2
257	39
258	24
259	30
260	38
261	11
262	1
263	1
264	8
265	3
266	27
267	5
268	22
269	1
270	33
271	3
272	1
273	1
274	1
275	27
276	26
277	4
278	15
279	24
280	28
281	1
282	12
283	1
284	1
285	35
286	3
287	2
288	3
289	22
290	8
291	1
292	1
293	1
294	9
295	5
296	40
297	17
298	1
299	30
300	5
301	19
302	5
303	2
304	20
305	4
306	7
307	37
308	18
309	9
310	12
311	13
312	17
313	1
314	22
315	17
316	25
317	21
318	11
319	26
320	7
321	1
322	36
323	34
324	1
325	3
326	1
327	1
328	1
329	20
330	27
331	33
332	1
333	20
334	21
335	1
336	8
337	2
338	14
339	1
340	19
341	40
342	1
343	3
344	1
345	3
346	34
347	1
348	30
349	7
350	3
351	21
352	10
353	17
354	16
355	26
356	7
357	6
358	1
359	8
360	8
361	5
362	32
363	29
364	2
365	1
366	1
367	11
368	23
369	9
370	20
371	15
372	1
373	5
374	18
375	8
376	2
377	13
378	1
379	1
380	19
381	1
382	1
383	17
384	30
385	16
386	11
387	33
388	23
389	24
390	38
391	4
392	18
393	32
394	14
395	10
396	32
397	2
398	26
399	4
400	3
401	5
402	34
403	4
404	2
405	3
406	39
407	3
408	16
409	3
410	4
411	1
412	26
413	26
414	28
415	1
416	35
417	33
418	21
419	32
420	7
421	10
422	1
423	3
424	1
425	27
426	2
427	31
428	40
429	10
430	3
431	1
432	35
433	36
434	3
435	28
436	5
437	1
438	9
439	30
440	24
441	31
442	15
443	1
444	34
445	25
446	13
447	38
448	17
449	2
450	2
451	1
452	19
453	32
454	5
455	29
456	15
457	2
458	19
459	4
460	2
461	8
462	38
463	1
464	28
465	6
466	9
467	14
468	3
469	5
470	21
471	2
472	14
473	15
474	3
475	11
476	25
477	1
478	1
479	30
480	29
481	7
482	21
483	2
484	18
485	25
486	11
487	3
488	18
489	1
490	14
491	39
492	2
493	2
494	35
495	3
496	3
497	8
498	5
499	16
500	29
501	4
502	1
503	7
504	1
505	20
506	28
507	23
508	1
509	35
510	2
511	3
512	37
513	9
514	27
515	1
516	33
517	30
518	2
519	10
520	6
521	17
522	34
523	1
524	12
525	3
526	3
527	2
528	32
529	11
530	1
531	5
532	36
533	3
534	18
535	12
536	14
537	16
538	8
539	7
540	38
541	39
542	9
543	2
544	31
545	3
546	1
547	4
548	1
549	2
550	18
551	2
552	24
553	8
554	20
555	1
556	15
557	2
558	1
559	1
560	11
561	40
562	19
563	27
564	9
565	9
566	2
567	33
568	1
569	1
570	4
571	22
572	12
573	12
574	2
575	2
576	40
577	17
578	5
579	28
580	3
581	15
582	16
583	18
584	2
585	15
586	12
587	2
588	31
589	21
590	36
591	11
592	33
593	1
594	1
595	30
596	1
597	22
598	3
599	1
600	6
601	1
602	3
603	3
604	1
605	1
606	26
607	8
608	1
609	5
610	3
611	1
612	6
613	11
614	2
615	1
616	24
617	16
618	32
619	3
620	1
621	37
622	1
623	13
624	4
625	35
626	26
627	1
628	10
629	10
630	1
631	2
632	40
633	24
634	26
635	11
636	14
637	12
638	1
639	6
640	7
641	2
642	7
643	5
644	2
645	2
646	35
647	4
648	23
649	9
650	1
651	2
652	1
653	15
654	10
655	19
656	37
657	1
658	7
659	2
660	19
661	3
662	38
663	2
664	2
665	4
666	5
667	13
668	4
669	1
670	13
671	12
672	1
673	1
674	4
675	32
676	3
677	1
678	2
679	15
680	1
681	26
682	36
683	13
684	10
685	35
686	7
687	4
688	1
689	1
690	2
691	1
692	1
693	1
694	10
695	19
696	34
697	2
698	6
699	26
700	12
701	1
702	33
703	1
704	34
705	2
706	16
707	1
708	2
709	6
710	10
711	2
712	15
713	32
714	12
715	22
716	9
717	17
718	10
719	12
720	14
721	1
722	1
723	1
724	3
725	8
726	1
727	3
728	3
729	31
730	9
731	1
732	1
733	4
734	13
735	2
736	25
737	2
738	24
739	10
740	32
741	23
742	18
743	32
744	14
745	2
746	2
747	1
748	4
749	1
750	4
751	11
752	1
753	2
754	29
755	4
756	1
757	8
758	23
759	3
760	1
761	23
762	23
763	10
764	27
765	1
766	1
767	3
768	11
769	18
770	28
771	21
772	31
773	2
774	17
775	25
776	2
777	12
778	14
779	2
780	1
781	2
782	2
783	22
784	8
785	11
786	7
787	1
788	1
789	31
790	24
791	34
792	1
793	36
794	3
795	3
796	1
797	21
798	23
799	20
800	2
801	1
802	5
803	22
804	1
805	14
806	18
807	5
808	23
809	1
810	14
811	19
812	20
813	33
814	16
815	35
816	8
817	7
818	12
819	1
820	7
821	1
822	1
823	11
824	15
825	4
826	6
827	8
828	39
829	1
830	1
831	39
832	6
833	2
834	1
835	21
836	25
837	1
838	38
839	2
840	31
841	11
842	6
843	6
844	4
845	3
846	10
847	2
848	25
849	1
850	2
851	2
852	36
853	2
854	19
855	6
856	2
857	3
858	34
859	24
860	7
861	9
862	1
863	9
864	33
865	7
866	1
867	28
868	13
869	29
870	22
871	36
872	11
873	2
874	4
875	27
876	6
877	20
878	10
879	2
880	4
881	3
882	1
883	30
884	30
885	1
886	37
887	2
888	25
889	28
890	6
891	25
892	12
893	10
894	21
895	17
896	9
897	7
898	27
899	9
900	30
901	7
902	1
903	3
904	1
905	1
906	1
907	1
908	6
909	3
910	3
911	1
912	37
913	29
914	7
915	16
916	38
917	38
918	5
919	5
920	1
921	22
922	34
923	9
924	5
925	12
926	18
927	37
928	2
929	13
930	1
931	1
932	4
933	2
934	4
935	21
936	1
937	1
938	1
939	39
940	1
941	25
942	1
943	15
944	39
945	36
946	3
947	4
948	11
949	4
950	10
951	1
952	2
953	24
954	1
955	29
956	2
957	16
958	3
959	19
960	3
961	5
962	1
963	1
964	3
965	37
966	6
967	4
968	3
969	1
970	40
971	7
972	17
973	37
974	5
975	36
976	40
977	4
978	20
979	37
980	3
981	40
982	6
983	19
984	7
985	12
986	2
987	8
988	27
989	1
990	18
991	23
992	8
993	31
994	1
995	1
996	5
997	1
998	17
999	1
1000	1
