1	1
2	1
3	1
4	1
5	1
6	1
7	1
8	1
9	1
10	1
11	2
12	2
13	2
14	1
15	1
16	1
17	1
18	2
19	2
20	2
21	3
22	2
23	1
24	3
25	4
26	1
27	3
28	1
29	2
30	2
31	2
32	2
33	2
34	3
35	1
36	2
37	3
38	3
39	2
40	2
41	3
42	2
43	1
44	1
45	2
46	3
47	1
48	1
49	4
50	3
51	5
52	2
53	1
54	1
55	1
56	1
57	3
58	1
59	4
60	4
61	7
62	5
63	1
64	2
65	9
66	5
67	7
68	9
69	10
70	1
71	1
72	7
73	1
74	6
75	2
76	4
77	7
78	6
79	4
80	6
81	2
82	14
83	11
84	16
85	2
86	4
87	5
88	12
89	11
90	9
91	10
92	7
93	10
94	12
95	1
96	9
97	7
98	4
99	12
100	9
101	1
102	16
103	7
104	4
105	14
106	5
107	16
108	12
109	6
110	1
111	1
112	4
113	11
114	5
115	1
116	22
117	1
118	13
119	30
120	16
121	13
122	28
123	3
124	1
125	1
126	1
127	1
128	21
129	25
130	11
131	6
132	3
133	5
134	11
135	1
136	26
137	1
138	28
139	1
140	23
141	8
142	8
143	34
144	1
145	1
146	2
147	1
148	11
149	2
150	16
151	6
152	3
153	1
154	3
155	10
156	28
157	2
158	2
159	33
160	33
161	15
162	40
163	2
164	16
165	11
166	16
167	41
168	18
169	38
170	32
171	37
172	1
173	3
174	1
175	4
176	41
177	1
178	1
179	18
180	10
181	21
182	23
183	23
184	4
185	40
186	20
187	1
188	38
189	1
190	4
191	10
192	3
193	26
194	8
195	24
196	30
197	17
198	4
199	33
200	13
201	19
202	18
203	20
204	14
205	6
206	26
207	8
208	1
209	34
210	37
211	1
212	4
213	47
214	1
215	6
216	36
217	45
218	3
219	32
220	14
221	51
222	21
223	1
224	31
225	13
226	18
227	39
228	1
229	40
230	25
231	16
232	5
233	25
234	2
235	1
236	1
237	1
238	29
239	2
240	40
241	34
242	21
243	44
244	30
245	14
246	29
247	12
248	26
249	35
250	3
251	7
252	1
253	37
254	17
255	36
256	19
257	30
258	32
259	41
260	6
261	34
262	2
263	45
264	15
265	34
266	4
267	1
268	2
269	15
270	7
271	12
272	8
273	11
274	41
275	48
276	22
277	14
278	22
279	34
280	10
281	25
282	38
283	26
284	25
285	38
286	48
287	24
288	16
289	42
290	37
291	1
292	19
293	16
294	5
295	12
296	36
297	8
298	23
299	9
300	30
301	6
302	38
303	27
304	28
305	5
306	2
307	18
308	11
309	11
310	43
311	39
312	20
313	30
314	41
315	33
316	10
317	47
318	6
319	9
320	42
321	1
322	5
323	47
324	1
325	46
326	29
327	1
328	34
329	19
330	21
331	22
332	2
333	46
334	20
335	27
336	4
337	1
338	28
339	39
340	39
341	4
342	1
343	19
344	13
345	4
346	14
347	43
348	6
349	44
350	1
351	35
352	7
353	21
354	24
355	35
356	1
357	5
358	36
359	4
360	6
361	3
362	1
363	32
364	7
365	1
366	24
367	47
368	32
369	1
370	1
371	16
372	3
373	47
374	6
375	31
376	42
377	3
378	4
379	23
380	3
381	1
382	5
383	14
384	39
385	8
386	2
387	29
388	36
389	43
390	5
391	45
392	10
393	48
394	2
395	8
396	24
397	3
398	9
399	39
400	21
401	10
402	13
403	27
404	1
405	8
406	31
407	40
408	4
409	1
410	1
411	35
412	27
413	7
414	1
415	4
416	20
417	15
418	8
419	25
420	19
421	1
422	23
423	8
424	44
425	6
426	1
427	6
428	19
429	2
430	18
431	26
432	18
433	3
434	7
435	46
436	48
437	12
438	2
439	22
440	25
441	6
442	26
443	29
444	44
445	39
446	1
447	24
448	7
449	9
450	31
451	51
452	3
453	27
454	5
455	10
456	8
457	28
458	51
459	9
460	5
461	2
462	32
463	36
464	29
465	3
466	36
467	41
468	14
469	5
470	20
471	37
472	44
473	40
474	20
475	15
476	2
477	3
478	2
479	3
480	10
481	25
482	36
483	29
484	47
485	35
486	35
487	35
488	9
489	19
490	40
491	46
492	3
493	37
494	16
495	50
496	33
497	12
498	16
499	51
500	3
501	15
502	3
503	9
504	30
505	50
506	34
507	11
508	44
509	5
510	31
511	16
512	32
513	15
514	2
515	14
516	41
517	6
518	18
519	9
520	22
521	23
522	7
523	13
524	9
525	30
526	15
527	37
528	20
529	31
530	1
531	7
532	27
533	43
534	8
535	12
536	24
537	50
538	3
539	17
540	18
541	17
542	34
543	7
544	1
545	35
546	38
547	35
548	3
549	9
550	3
551	40
552	2
553	17
554	24
555	18
556	4
557	13
558	6
559	40
560	22
561	45
562	10
563	6
564	23
565	3
566	46
567	49
568	24
569	1
570	1
571	19
572	28
573	28
574	5
575	28
576	12
577	31
578	29
579	14
580	17
581	8
582	33
583	1
584	16
585	13
586	15
587	50
588	26
589	35
590	17
591	11
592	49
593	22
594	49
595	1
596	30
597	50
598	3
599	4
600	10
601	32
602	19
603	7
604	33
605	1
606	6
607	44
608	13
609	20
610	34
611	1
612	18
613	1
614	13
615	1
616	19
617	5
618	20
619	27
620	26
621	37
622	1
623	36
624	49
625	17
626	10
627	29
628	4
629	43
630	24
631	33
632	25
633	1
634	4
635	9
636	1
637	51
638	2
639	17
640	40
641	13
642	17
643	1
644	1
645	24
646	48
647	22
648	20
649	41
650	5
651	1
652	50
653	3
654	10
655	3
656	25
657	42
658	46
659	31
660	39
661	2
662	4
663	12
664	33
665	19
666	2
667	20
668	23
669	2
670	36
671	20
672	1
673	11
674	42
675	27
676	4
677	22
678	32
679	27
680	33
681	34
682	48
683	24
684	13
685	5
686	18
687	51
688	2
689	8
690	14
691	44
692	5
693	44
694	2
695	4
696	30
697	27
698	3
699	7
700	8
701	6
702	26
703	43
704	32
705	50
706	39
707	1
708	49
709	45
710	29
711	29
712	36
713	37
714	49
715	9
716	19
717	2
718	3
719	1
720	1
721	6
722	1
723	8
724	15
725	47
726	14
727	32
728	30
729	11
730	12
731	10
732	21
733	33
734	32
735	1
736	24
737	44
738	36
739	16
740	45
741	10
742	1
743	31
744	23
745	26
746	21
747	4
748	9
749	27
750	1
751	46
752	21
753	2
754	13
755	14
756	1
757	20
758	1
759	15
760	46
761	3
762	19
763	11
764	50
765	37
766	21
767	7
768	12
769	13
770	15
771	5
772	2
773	1
774	38
775	6
776	26
777	11
778	38
779	27
780	20
781	1
782	23
783	1
784	21
785	6
786	15
787	15
788	45
789	24
790	7
791	35
792	41
793	38
794	35
795	43
796	2
797	18
798	40
799	9
800	3
801	1
802	8
803	16
804	31
805	17
806	43
807	12
808	2
809	37
810	1
811	43
812	1
813	22
814	48
815	2
816	34
817	42
818	12
819	9
820	50
821	11
822	37
823	18
824	1
825	28
826	38
827	31
828	17
829	1
830	5
831	22
832	1
833	1
834	1
835	2
836	27
837	15
838	33
839	1
840	25
841	38
842	28
843	4
844	8
845	13
846	9
847	2
848	32
849	21
850	28
851	45
852	27
853	1
854	1
855	49
856	51
857	12
858	4
859	26
860	2
861	19
862	17
863	9
864	4
865	30
866	1
867	1
868	7
869	10
870	51
871	25
872	24
873	11
874	34
875	23
876	29
877	45
878	25
879	43
880	3
881	18
882	15
883	47
884	2
885	28
886	32
887	23
888	14
889	17
890	18
891	14
892	17
893	51
894	49
895	18
896	14
897	6
898	42
899	31
900	23
901	14
902	38
903	30
904	42
905	39
906	29
907	2
908	21
909	3
910	29
911	1
912	28
913	25
914	23
915	30
916	17
917	22
918	17
919	1
920	5
921	48
922	49
923	15
924	12
925	8
926	7
927	4
928	10
929	41
930	4
931	2
932	46
933	8
934	16
935	20
936	51
937	8
938	13
939	4
940	42
941	45
942	15
943	10
944	48
945	2
946	13
947	8
948	35
949	22
950	15
951	12
952	1
953	21
954	4
955	31
956	46
957	2
958	47
959	4
960	11
961	13
962	41
963	26
964	3
965	19
966	39
967	5
968	17
969	48
970	2
971	2
972	2
973	39
974	1
975	49
976	25
977	10
978	14
979	1
980	7
981	33
982	42
983	7
984	21
985	12
986	13
987	11
988	11
989	22
990	50
991	42
992	31
993	2
994	5
995	1
996	9
997	47
998	19
999	3
1000	22
