1	1
2	2
3	2
4	1
5	2
6	5
7	2
8	5
9	1
10	3
11	4
12	4
13	5
14	2
15	1
16	6
17	4
18	7
19	1
20	3
21	6
22	6
23	2
24	3
25	1
26	7
27	9
28	12
29	11
30	3
31	3
32	2
33	2
34	3
35	3
36	4
37	2
38	5
39	13
40	13
41	3
42	2
43	6
44	3
45	9
46	7
47	4
48	3
49	4
50	15
51	6
52	13
53	10
54	8
55	15
56	15
57	2
58	4
59	17
60	2
61	11
62	3
63	12
64	7
65	7
66	7
67	5
68	3
69	2
70	13
71	20
72	5
73	14
74	1
75	8
76	1
77	9
78	2
79	5
80	1
81	25
82	12
83	18
84	13
85	5
86	1
87	12
88	1
89	1
90	3
91	2
92	3
93	7
94	1
95	19
96	19
97	4
98	3
99	1
100	3
101	1
102	2
103	10
104	13
105	7
106	18
107	11
108	5
109	15
110	30
111	6
112	19
113	5
114	28
115	5
116	11
117	14
118	1
119	5
120	7
121	30
122	15
123	10
124	18
125	2
126	10
127	2
128	14
129	7
130	18
131	1
132	1
133	28
134	1
135	4
136	20
137	19
138	27
139	32
140	1
141	7
142	3
143	9
144	7
145	31
146	2
147	33
148	2
149	6
150	12
151	5
152	35
153	6
154	16
155	6
156	29
157	26
158	15
159	9
160	9
161	11
162	12
163	24
164	10
165	14
166	9
167	18
168	38
169	5
170	7
171	2
172	4
173	1
174	1
175	38
176	37
177	14
178	8
179	1
180	7
181	5
182	28
183	10
184	27
185	30
186	26
187	1
188	14
189	4
190	20
191	4
192	3
193	6
194	28
195	1
196	23
197	14
198	8
199	2
200	4
201	30
202	11
203	42
204	32
205	1
206	6
207	1
208	23
209	1
210	24
211	5
212	20
213	8
214	5
215	2
216	2
217	17
218	2
219	8
220	2
221	22
222	9
223	3
224	32
225	21
226	21
227	20
228	1
229	11
230	5
231	22
232	28
233	23
234	1
235	8
236	24
237	25
238	24
239	16
240	9
241	26
242	21
243	39
244	5
245	6
246	36
247	5
248	25
249	41
250	10
251	17
252	22
253	31
254	3
255	14
256	23
257	31
258	24
259	1
260	7
261	30
262	22
263	1
264	6
265	13
266	2
267	29
268	10
269	23
270	13
271	15
272	2
273	6
274	32
275	9
276	6
277	5
278	2
279	17
280	16
281	12
282	4
283	3
284	1
285	24
286	12
287	28
288	10
289	40
290	16
291	3
292	13
293	13
294	3
295	1
296	9
297	39
298	20
299	22
300	12
301	10
302	14
303	1
304	29
305	11
306	2
307	42
308	27
309	1
310	40
311	34
312	7
313	1
314	41
315	26
316	1
317	37
318	3
319	3
320	4
321	5
322	5
323	6
324	2
325	6
326	10
327	4
328	27
329	4
330	5
331	33
332	21
333	15
334	32
335	1
336	19
337	5
338	14
339	42
340	7
341	2
342	8
343	25
344	24
345	2
346	20
347	31
348	4
349	1
350	32
351	12
352	1
353	3
354	42
355	4
356	14
357	1
358	38
359	25
360	6
361	6
362	6
363	14
364	40
365	24
366	16
367	33
368	4
369	1
370	10
371	39
372	23
373	7
374	1
375	13
376	8
377	4
378	24
379	41
380	32
381	3
382	1
383	3
384	15
385	2
386	30
387	6
388	30
389	4
390	1
391	27
392	5
393	1
394	21
395	18
396	14
397	4
398	17
399	3
400	2
401	23
402	16
403	36
404	2
405	5
406	3
407	6
408	2
409	1
410	8
411	6
412	3
413	7
414	20
415	9
416	9
417	34
418	37
419	23
420	6
421	1
422	11
423	2
424	3
425	38
426	12
427	25
428	17
429	2
430	3
431	2
432	2
433	3
434	1
435	21
436	26
437	2
438	3
439	10
440	7
441	23
442	1
443	41
444	15
445	16
446	13
447	3
448	35
449	1
450	41
451	28
452	40
453	16
454	4
455	8
456	2
457	1
458	27
459	10
460	38
461	4
462	5
463	3
464	33
465	4
466	37
467	39
468	4
469	2
470	1
471	3
472	2
473	36
474	13
475	23
476	7
477	31
478	26
479	36
480	31
481	10
482	1
483	6
484	14
485	2
486	15
487	36
488	3
489	35
490	2
491	33
492	8
493	1
494	29
495	9
496	19
497	2
498	5
499	15
500	16
501	14
502	17
503	13
504	27
505	27
506	36
507	8
508	11
509	8
510	2
511	12
512	20
513	21
514	20
515	7
516	5
517	21
518	2
519	18
520	38
521	33
522	8
523	5
524	3
525	37
526	13
527	4
528	1
529	1
530	37
531	37
532	2
533	25
534	11
535	8
536	11
537	7
538	20
539	11
540	29
541	37
542	14
543	3
544	34
545	28
546	9
547	2
548	1
549	12
550	9
551	10
552	23
553	6
554	6
555	25
556	4
557	3
558	16
559	2
560	38
561	2
562	7
563	29
564	40
565	3
566	8
567	5
568	1
569	1
570	30
571	9
572	17
573	34
574	1
575	42
576	6
577	19
578	3
579	4
580	41
581	15
582	11
583	5
584	35
585	28
586	7
587	13
588	1
589	10
590	2
591	17
592	22
593	33
594	16
595	2
596	6
597	4
598	27
599	27
600	18
601	11
602	42
603	28
604	24
605	15
606	5
607	17
608	34
609	6
610	9
611	8
612	20
613	35
614	18
615	14
616	1
617	26
618	5
619	3
620	1
621	22
622	5
623	8
624	2
625	18
626	6
627	13
628	1
629	4
630	10
631	2
632	31
633	1
634	2
635	4
636	39
637	11
638	11
639	9
640	4
641	11
642	2
643	7
644	14
645	32
646	31
647	35
648	27
649	16
650	1
651	2
652	19
653	1
654	2
655	39
656	30
657	3
658	2
659	29
660	1
661	16
662	5
663	5
664	2
665	35
666	21
667	6
668	3
669	29
670	39
671	34
672	10
673	9
674	10
675	2
676	17
677	16
678	31
679	10
680	7
681	15
682	15
683	4
684	5
685	22
686	26
687	18
688	13
689	28
690	8
691	7
692	14
693	17
694	29
695	5
696	3
697	15
698	39
699	41
700	3
701	12
702	38
703	3
704	41
705	22
706	25
707	6
708	3
709	6
710	33
711	8
712	1
713	7
714	1
715	10
716	28
717	20
718	13
719	4
720	1
721	36
722	26
723	1
724	6
725	2
726	18
727	3
728	7
729	22
730	11
731	1
732	31
733	15
734	12
735	34
736	39
737	5
738	13
739	18
740	18
741	4
742	9
743	29
744	8
745	8
746	17
747	12
748	13
749	36
750	7
751	3
752	3
753	22
754	29
755	17
756	2
757	22
758	1
759	36
760	1
761	13
762	21
763	19
764	13
765	26
766	41
767	5
768	32
769	1
770	31
771	1
772	23
773	7
774	6
775	16
776	21
777	4
778	42
779	25
780	5
781	8
782	5
783	19
784	5
785	1
786	4
787	22
788	5
789	33
790	7
791	24
792	9
793	32
794	2
795	8
796	32
797	8
798	17
799	17
800	12
801	19
802	4
803	41
804	11
805	1
806	5
807	3
808	19
809	22
810	37
811	27
812	25
813	38
814	12
815	9
816	1
817	34
818	3
819	16
820	12
821	6
822	14
823	12
824	34
825	35
826	21
827	7
828	14
829	9
830	42
831	30
832	1
833	16
834	4
835	3
836	1
837	17
838	8
839	7
840	19
841	15
842	2
843	12
844	38
845	2
846	35
847	11
848	34
849	35
850	9
851	33
852	2
853	11
854	5
855	3
856	1
857	3
858	5
859	10
860	9
861	8
862	17
863	7
864	2
865	40
866	1
867	1
868	4
869	27
870	18
871	3
872	32
873	40
874	15
875	8
876	3
877	24
878	22
879	4
880	36
881	3
882	4
883	28
884	40
885	37
886	15
887	6
888	25
889	18
890	30
891	23
892	14
893	25
894	25
895	21
896	10
897	1
898	26
899	14
900	10
901	5
902	3
903	39
904	40
905	11
906	6
907	4
908	42
909	1
910	2
911	23
912	19
913	29
914	15
915	4
916	6
917	1
918	4
919	15
920	8
921	21
922	29
923	6
924	2
925	6
926	12
927	8
928	7
929	11
930	2
931	11
932	4
933	12
934	11
935	42
936	24
937	11
938	12
939	1
940	2
941	30
942	1
943	20
944	7
945	6
946	4
947	4
948	1
949	16
950	1
951	4
952	13
953	20
954	1
955	12
956	17
957	6
958	5
959	30
960	6
961	1
962	10
963	18
964	40
965	31
966	34
967	21
968	20
969	9
970	2
971	16
972	26
973	1
974	3
975	1
976	26
977	19
978	35
979	10
980	4
981	9
982	5
983	6
984	33
985	12
986	1
987	24
988	6
989	2
990	1
991	5
992	19
993	3
994	3
995	4
996	1
997	16
998	5
999	18
1000	4
