1	1
2	1
3	1
4	2
5	3
6	3
7	2
8	1
9	5
10	1
11	1
12	3
13	3
14	2
15	1
16	2
17	4
18	1
19	1
20	1
21	5
22	2
23	3
24	2
25	1
26	1
27	4
28	5
29	6
30	1
31	5
32	5
33	1
34	1
35	10
36	10
37	10
38	7
39	2
40	11
41	11
42	3
43	1
44	8
45	5
46	4
47	1
48	5
49	14
50	3
51	11
52	2
53	13
54	5
55	6
56	1
57	6
58	4
59	3
60	7
61	2
62	11
63	9
64	3
65	14
66	13
67	6
68	3
69	1
70	5
71	5
72	1
73	11
74	4
75	8
76	4
77	3
78	18
79	12
80	7
81	15
82	15
83	2
84	3
85	20
86	12
87	2
88	14
89	15
90	18
91	15
92	2
93	18
94	22
95	4
96	3
97	8
98	1
99	10
100	3
101	15
102	1
103	7
104	19
105	3
106	3
107	1
108	10
109	15
110	21
111	6
112	10
113	6
114	6
115	8
116	5
117	23
118	16
119	11
120	3
121	12
122	5
123	17
124	5
125	25
126	19
127	25
128	5
129	7
130	1
131	11
132	6
133	1
134	14
135	3
136	2
137	4
138	4
139	22
140	12
141	33
142	3
143	8
144	4
145	1
146	3
147	24
148	33
149	18
150	3
151	7
152	29
153	9
154	33
155	30
156	6
157	5
158	7
159	28
160	1
161	8
162	20
163	2
164	19
165	19
166	13
167	37
168	17
169	2
170	7
171	12
172	39
173	14
174	10
175	35
176	9
177	2
178	31
179	22
180	2
181	36
182	1
183	37
184	4
185	1
186	39
187	4
188	4
189	40
190	32
191	38
192	37
193	7
194	31
195	4
196	2
197	3
198	1
199	17
200	16
201	1
202	14
203	8
204	25
205	32
206	7
207	1
208	2
209	14
210	22
211	31
212	26
213	3
214	18
215	36
216	17
217	4
218	17
219	11
220	32
221	13
222	23
223	3
224	20
225	27
226	3
227	27
228	22
229	9
230	19
231	10
232	9
233	1
234	2
235	26
236	21
237	3
238	5
239	2
240	23
241	21
242	3
243	5
244	2
245	22
246	24
247	11
248	17
249	7
250	25
251	33
252	2
253	13
254	5
255	1
256	29
257	24
258	35
259	9
260	4
261	18
262	4
263	1
264	12
265	13
266	29
267	1
268	13
269	11
270	2
271	14
272	6
273	31
274	2
275	5
276	10
277	4
278	5
279	4
280	2
281	1
282	14
283	6
284	12
285	2
286	2
287	1
288	39
289	20
290	27
291	13
292	7
293	13
294	1
295	19
296	3
297	2
298	13
299	5
300	16
301	29
302	37
303	25
304	2
305	2
306	3
307	19
308	10
309	3
310	8
311	6
312	1
313	37
314	14
315	30
316	7
317	38
318	21
319	2
320	10
321	10
322	5
323	6
324	1
325	31
326	9
327	5
328	1
329	2
330	25
331	1
332	11
333	7
334	22
335	1
336	7
337	9
338	5
339	5
340	12
341	28
342	24
343	11
344	27
345	16
346	2
347	1
348	10
349	5
350	1
351	6
352	1
353	3
354	12
355	8
356	9
357	38
358	1
359	8
360	1
361	12
362	1
363	21
364	6
365	1
366	31
367	25
368	1
369	28
370	6
371	12
372	24
373	3
374	16
375	7
376	36
377	38
378	15
379	7
380	13
381	26
382	9
383	15
384	9
385	3
386	3
387	12
388	10
389	10
390	19
391	8
392	28
393	2
394	8
395	2
396	2
397	9
398	28
399	18
400	2
401	15
402	17
403	33
404	11
405	38
406	3
407	3
408	1
409	6
410	32
411	6
412	1
413	3
414	29
415	20
416	21
417	5
418	5
419	10
420	9
421	22
422	4
423	35
424	18
425	7
426	33
427	10
428	15
429	3
430	1
431	1
432	35
433	5
434	1
435	23
436	18
437	3
438	22
439	34
440	4
441	4
442	11
443	3
444	27
445	2
446	13
447	32
448	39
449	1
450	30
451	1
452	29
453	22
454	23
455	3
456	6
457	19
458	6
459	1
460	4
461	15
462	5
463	21
464	38
465	27
466	27
467	4
468	2
469	6
470	35
471	5
472	24
473	6
474	24
475	15
476	10
477	3
478	5
479	1
480	14
481	32
482	31
483	1
484	2
485	29
486	11
487	23
488	37
489	25
490	5
491	17
492	18
493	6
494	2
495	3
496	10
497	2
498	5
499	4
500	6
501	8
502	2
503	34
504	31
505	10
506	1
507	13
508	30
509	29
510	24
511	9
512	37
513	2
514	39
515	31
516	2
517	14
518	18
519	1
520	7
521	5
522	5
523	6
524	7
525	3
526	18
527	10
528	12
529	20
530	5
531	36
532	4
533	3
534	3
535	9
536	7
537	4
538	5
539	1
540	4
541	11
542	35
543	12
544	26
545	2
546	7
547	10
548	4
549	29
550	2
551	2
552	4
553	18
554	15
555	4
556	16
557	22
558	34
559	27
560	16
561	2
562	2
563	5
564	2
565	6
566	20
567	2
568	15
569	3
570	3
571	26
572	6
573	3
574	6
575	2
576	39
577	4
578	9
579	13
580	1
581	5
582	20
583	3
584	22
585	4
586	1
587	10
588	13
589	9
590	15
591	32
592	4
593	21
594	19
595	6
596	26
597	4
598	17
599	20
600	20
601	9
602	1
603	14
604	36
605	7
606	33
607	25
608	2
609	11
610	1
611	25
612	6
613	8
614	7
615	5
616	8
617	5
618	4
619	8
620	35
621	9
622	23
623	1
624	21
625	1
626	1
627	37
628	17
629	1
630	13
631	2
632	32
633	9
634	34
635	6
636	4
637	2
638	10
639	5
640	19
641	1
642	12
643	14
644	12
645	14
646	25
647	9
648	24
649	1
650	3
651	7
652	1
653	2
654	38
655	27
656	4
657	5
658	6
659	5
660	30
661	1
662	6
663	5
664	24
665	5
666	38
667	5
668	34
669	10
670	12
671	30
672	3
673	9
674	27
675	2
676	18
677	19
678	1
679	12
680	40
681	8
682	5
683	5
684	21
685	16
686	9
687	16
688	4
689	4
690	15
691	26
692	5
693	5
694	26
695	12
696	11
697	11
698	21
699	40
700	14
701	3
702	16
703	14
704	33
705	11
706	7
707	35
708	3
709	28
710	4
711	1
712	19
713	20
714	17
715	40
716	4
717	13
718	11
719	11
720	35
721	26
722	12
723	30
724	4
725	9
726	5
727	26
728	38
729	8
730	37
731	4
732	40
733	13
734	33
735	4
736	5
737	23
738	8
739	33
740	34
741	16
742	22
743	5
744	4
745	29
746	16
747	22
748	1
749	40
750	8
751	2
752	16
753	3
754	17
755	24
756	28
757	8
758	1
759	6
760	20
761	33
762	7
763	22
764	24
765	5
766	2
767	8
768	34
769	17
770	20
771	9
772	3
773	39
774	23
775	2
776	7
777	26
778	37
779	39
780	24
781	15
782	2
783	30
784	6
785	4
786	8
787	32
788	16
789	3
790	36
791	23
792	15
793	9
794	11
795	17
796	28
797	4
798	7
799	31
800	2
801	26
802	1
803	5
804	23
805	1
806	5
807	23
808	5
809	6
810	10
811	3
812	24
813	21
814	2
815	5
816	27
817	30
818	4
819	1
820	9
821	2
822	4
823	9
824	4
825	8
826	8
827	1
828	8
829	7
830	10
831	1
832	7
833	5
834	23
835	30
836	29
837	1
838	9
839	25
840	36
841	6
842	16
843	12
844	2
845	19
846	1
847	20
848	2
849	4
850	36
851	3
852	2
853	2
854	22
855	1
856	14
857	11
858	34
859	1
860	2
861	15
862	8
863	40
864	1
865	1
866	17
867	1
868	6
869	3
870	1
871	4
872	18
873	26
874	2
875	6
876	6
877	4
878	40
879	5
880	3
881	16
882	19
883	4
884	10
885	20
886	2
887	39
888	6
889	10
890	2
891	21
892	3
893	6
894	13
895	19
896	1
897	4
898	27
899	34
900	23
901	14
902	2
903	19
904	32
905	1
906	4
907	7
908	1
909	4
910	4
911	7
912	11
913	4
914	38
915	7
916	2
917	13
918	1
919	16
920	32
921	21
922	1
923	36
924	35
925	17
926	17
927	4
928	1
929	3
930	1
931	25
932	2
933	9
934	18
935	13
936	3
937	1
938	9
939	8
940	2
941	1
942	5
943	18
944	5
945	1
946	28
947	2
948	5
949	4
950	1
951	4
952	3
953	1
954	1
955	21
956	4
957	14
958	20
959	12
960	8
961	1
962	31
963	28
964	12
965	28
966	25
967	8
968	3
969	4
970	2
971	34
972	4
973	7
974	39
975	12
976	14
977	3
978	36
979	8
980	8
981	40
982	40
983	34
984	13
985	7
986	14
987	30
988	14
989	2
990	21
991	1
992	3
993	16
994	5
995	2
996	11
997	13
998	12
999	2
1000	4
