1	1
2	2
3	2
4	1
5	1
6	3
7	3
8	2
9	5
10	4
11	3
12	2
13	2
14	2
15	2
16	4
17	3
18	4
19	1
20	1
21	4
22	1
23	1
24	7
25	10
26	3
27	1
28	7
29	4
30	2
31	3
32	3
33	1
34	8
35	5
36	1
37	2
38	2
39	8
40	3
41	5
42	1
43	8
44	4
45	8
46	10
47	4
48	8
49	8
50	5
51	9
52	9
53	1
54	5
55	1
56	10
57	12
58	5
59	5
60	6
61	1
62	14
63	10
64	6
65	11
66	8
67	1
68	13
69	2
70	1
71	6
72	2
73	3
74	2
75	1
76	8
77	5
78	2
79	9
80	7
81	2
82	10
83	1
84	9
85	1
86	7
87	10
88	7
89	22
90	3
91	20
92	1
93	14
94	5
95	2
96	4
97	8
98	7
99	16
100	3
101	20
102	23
103	22
104	7
105	4
106	12
107	13
108	2
109	16
110	2
111	1
112	15
113	6
114	24
115	4
116	30
117	3
118	2
119	2
120	7
121	7
122	1
123	29
124	17
125	11
126	5
127	14
128	12
129	13
130	1
131	1
132	17
133	12
134	28
135	3
136	3
137	5
138	10
139	12
140	23
141	9
142	1
143	35
144	6
145	14
146	1
147	17
148	33
149	13
150	9
151	35
152	9
153	16
154	19
155	26
156	12
157	14
158	14
159	1
160	33
161	1
162	10
163	19
164	6
165	13
166	8
167	7
168	16
169	21
170	2
171	3
172	1
173	16
174	4
175	2
176	4
177	21
178	4
179	1
180	20
181	1
182	7
183	26
184	2
185	14
186	11
187	4
188	32
189	5
190	40
191	39
192	5
193	1
194	30
195	3
196	39
197	15
198	36
199	2
200	3
201	4
202	5
203	35
204	39
205	1
206	2
207	21
208	5
209	2
210	9
211	5
212	7
213	6
214	2
215	31
216	5
217	27
218	32
219	5
220	3
221	5
222	10
223	5
224	6
225	23
226	33
227	3
228	25
229	16
230	7
231	40
232	18
233	2
234	35
235	19
236	3
237	2
238	3
239	10
240	13
241	18
242	2
243	8
244	6
245	14
246	6
247	3
248	2
249	3
250	4
251	3
252	22
253	13
254	1
255	1
256	2
257	17
258	6
259	32
260	10
261	6
262	3
263	1
264	34
265	6
266	14
267	5
268	6
269	3
270	14
271	36
272	24
273	22
274	2
275	30
276	2
277	24
278	7
279	8
280	9
281	5
282	36
283	13
284	25
285	19
286	18
287	28
288	7
289	27
290	31
291	7
292	22
293	3
294	21
295	13
296	23
297	3
298	17
299	14
300	5
301	16
302	7
303	2
304	3
305	31
306	8
307	9
308	2
309	3
310	5
311	23
312	6
313	11
314	11
315	5
316	4
317	12
318	8
319	3
320	10
321	11
322	2
323	33
324	26
325	25
326	2
327	33
328	3
329	22
330	25
331	40
332	13
333	1
334	1
335	19
336	5
337	4
338	2
339	8
340	25
341	34
342	9
343	3
344	5
345	3
346	2
347	6
348	5
349	12
350	28
351	25
352	22
353	7
354	8
355	10
356	5
357	2
358	3
359	24
360	2
361	1
362	3
363	27
364	38
365	2
366	7
367	1
368	18
369	9
370	16
371	6
372	24
373	28
374	8
375	4
376	7
377	14
378	25
379	21
380	1
381	9
382	12
383	6
384	31
385	10
386	32
387	31
388	12
389	1
390	10
391	7
392	5
393	23
394	6
395	23
396	11
397	2
398	27
399	5
400	18
401	27
402	8
403	29
404	4
405	9
406	1
407	4
408	1
409	3
410	11
411	29
412	2
413	31
414	2
415	8
416	28
417	3
418	32
419	39
420	16
421	1
422	1
423	1
424	1
425	2
426	11
427	6
428	9
429	19
430	2
431	35
432	32
433	2
434	15
435	2
436	11
437	10
438	4
439	20
440	10
441	28
442	5
443	1
444	36
445	1
446	5
447	3
448	17
449	17
450	32
451	26
452	11
453	37
454	3
455	3
456	11
457	27
458	30
459	2
460	2
461	5
462	6
463	34
464	1
465	38
466	26
467	24
468	1
469	1
470	25
471	9
472	4
473	33
474	8
475	23
476	4
477	4
478	38
479	11
480	3
481	12
482	13
483	1
484	18
485	10
486	2
487	4
488	30
489	38
490	5
491	17
492	31
493	8
494	29
495	17
496	1
497	26
498	1
499	19
500	15
501	35
502	24
503	2
504	16
505	1
506	17
507	10
508	12
509	28
510	34
511	3
512	16
513	3
514	34
515	1
516	31
517	1
518	4
519	1
520	4
521	12
522	29
523	21
524	33
525	36
526	9
527	26
528	34
529	9
530	20
531	28
532	1
533	20
534	15
535	16
536	2
537	37
538	19
539	1
540	18
541	4
542	16
543	13
544	40
545	2
546	1
547	12
548	6
549	8
550	4
551	22
552	33
553	25
554	2
555	2
556	13
557	39
558	37
559	2
560	2
561	3
562	1
563	2
564	4
565	8
566	2
567	4
568	30
569	9
570	31
571	2
572	24
573	17
574	26
575	13
576	1
577	28
578	1
579	7
580	6
581	6
582	36
583	15
584	6
585	7
586	24
587	29
588	2
589	19
590	4
591	1
592	4
593	21
594	32
595	39
596	6
597	12
598	2
599	15
600	10
601	5
602	4
603	6
604	21
605	5
606	38
607	1
608	10
609	1
610	4
611	16
612	5
613	6
614	32
615	30
616	20
617	14
618	18
619	6
620	18
621	25
622	17
623	35
624	29
625	4
626	32
627	1
628	17
629	3
630	2
631	30
632	5
633	2
634	4
635	34
636	6
637	2
638	35
639	1
640	2
641	10
642	40
643	38
644	4
645	20
646	17
647	2
648	3
649	1
650	18
651	15
652	2
653	3
654	3
655	5
656	14
657	7
658	3
659	1
660	4
661	19
662	29
663	2
664	15
665	4
666	20
667	2
668	10
669	34
670	3
671	3
672	32
673	8
674	22
675	14
676	10
677	4
678	6
679	12
680	2
681	37
682	25
683	33
684	23
685	2
686	3
687	6
688	1
689	24
690	1
691	18
692	21
693	8
694	7
695	27
696	40
697	2
698	11
699	36
700	30
701	11
702	20
703	11
704	2
705	1
706	3
707	16
708	21
709	3
710	1
711	23
712	2
713	9
714	6
715	1
716	2
717	4
718	20
719	8
720	26
721	2
722	20
723	3
724	9
725	38
726	2
727	2
728	35
729	3
730	40
731	6
732	3
733	2
734	15
735	1
736	5
737	3
738	4
739	22
740	1
741	9
742	15
743	28
744	3
745	28
746	9
747	35
748	1
749	8
750	39
751	2
752	6
753	1
754	36
755	13
756	15
757	4
758	6
759	24
760	15
761	5
762	3
763	40
764	33
765	2
766	2
767	9
768	21
769	1
770	4
771	4
772	1
773	7
774	10
775	7
776	9
777	3
778	1
779	2
780	2
781	2
782	19
783	8
784	10
785	2
786	8
787	3
788	8
789	22
790	4
791	27
792	14
793	25
794	7
795	1
796	11
797	4
798	1
799	5
800	3
801	7
802	1
803	3
804	12
805	27
806	11
807	1
808	11
809	10
810	28
811	39
812	23
813	3
814	23
815	40
816	8
817	12
818	7
819	31
820	27
821	6
822	3
823	39
824	2
825	2
826	21
827	15
828	12
829	3
830	21
831	17
832	13
833	1
834	30
835	36
836	23
837	3
838	31
839	7
840	29
841	15
842	26
843	1
844	2
845	8
846	18
847	10
848	2
849	22
850	2
851	4
852	3
853	14
854	10
855	4
856	1
857	7
858	15
859	13
860	20
861	2
862	9
863	29
864	11
865	21
866	5
867	33
868	10
869	34
870	34
871	30
872	9
873	25
874	2
875	26
876	10
877	1
878	1
879	20
880	24
881	1
882	8
883	7
884	9
885	2
886	5
887	4
888	1
889	5
890	6
891	29
892	3
893	29
894	18
895	5
896	37
897	7
898	13
899	3
900	1
901	23
902	10
903	16
904	12
905	1
906	30
907	10
908	5
909	1
910	2
911	31
912	8
913	39
914	1
915	1
916	1
917	13
918	2
919	4
920	19
921	6
922	12
923	38
924	36
925	1
926	4
927	2
928	26
929	9
930	7
931	14
932	15
933	3
934	37
935	38
936	6
937	22
938	1
939	9
940	4
941	9
942	16
943	37
944	1
945	6
946	37
947	6
948	7
949	3
950	9
951	19
952	18
953	24
954	1
955	9
956	22
957	1
958	7
959	2
960	1
961	1
962	5
963	11
964	11
965	1
966	1
967	32
968	37
969	37
970	10
971	4
972	13
973	1
974	6
975	1
976	34
977	27
978	8
979	9
980	3
981	7
982	40
983	2
984	38
985	3
986	2
987	7
988	9
989	27
990	5
991	1
992	1
993	1
994	26
995	19
996	6
997	35
998	18
999	4
1000	19
