1	1
2	1
3	2
4	2
5	1
6	2
7	2
8	1
9	3
10	3
11	4
12	3
13	4
14	2
15	2
16	2
17	2
18	2
19	1
20	5
21	5
22	4
23	4
24	4
25	2
26	7
27	1
28	6
29	1
30	8
31	6
32	9
33	5
34	10
35	5
36	6
37	1
38	4
39	1
40	1
41	6
42	6
43	3
44	4
45	10
46	14
47	1
48	12
49	17
50	7
51	1
52	1
53	3
54	2
55	10
56	3
57	1
58	8
59	6
60	16
61	4
62	2
63	1
64	1
65	19
66	3
67	15
68	4
69	5
70	8
71	4
72	22
73	19
74	4
75	1
76	14
77	3
78	18
79	7
80	6
81	12
82	1
83	22
84	4
85	7
86	20
87	9
88	13
89	14
90	24
91	7
92	1
93	17
94	14
95	15
96	16
97	23
98	4
99	16
100	13
101	1
102	14
103	9
104	1
105	7
106	25
107	7
108	9
109	18
110	1
111	6
112	9
113	9
114	28
115	3
116	4
117	1
118	19
119	39
120	31
121	4
122	28
123	11
124	36
125	25
126	13
127	4
128	7
129	1
130	22
131	39
132	1
133	14
134	19
135	2
136	46
137	10
138	17
139	13
140	13
141	25
142	8
143	32
144	43
145	36
146	11
147	31
148	26
149	18
150	5
151	42
152	9
153	11
154	2
155	25
156	35
157	12
158	1
159	13
160	24
161	23
162	5
163	4
164	42
165	11
166	4
167	10
168	37
169	4
170	1
171	3
172	29
173	6
174	17
175	14
176	23
177	20
178	45
179	3
180	39
181	24
182	1
183	1
184	5
185	36
186	3
187	3
188	12
189	15
190	27
191	2
192	27
193	13
194	1
195	16
196	4
197	24
198	19
199	3
200	48
201	1
202	19
203	36
204	9
205	14
206	3
207	49
208	31
209	5
210	29
211	21
212	18
213	2
214	1
215	20
216	19
217	41
218	26
219	1
220	14
221	6
222	37
223	11
224	14
225	2
226	7
227	4
228	8
229	8
230	1
231	20
232	1
233	17
234	10
235	43
236	43
237	50
238	22
239	43
240	1
241	16
242	28
243	6
244	17
245	40
246	8
247	34
248	2
249	21
250	23
251	9
252	33
253	3
254	18
255	2
256	13
257	44
258	22
259	23
260	1
261	24
262	1
263	10
264	30
265	41
266	37
267	46
268	2
269	26
270	47
271	2
272	14
273	4
274	52
275	4
276	10
277	23
278	2
279	8
280	30
281	22
282	1
283	1
284	16
285	6
286	39
287	50
288	28
289	21
290	5
291	30
292	16
293	19
294	42
295	29
296	10
297	6
298	2
299	11
300	30
301	22
302	1
303	5
304	49
305	20
306	33
307	3
308	12
309	1
310	11
311	43
312	2
313	1
314	38
315	3
316	17
317	5
318	13
319	22
320	1
321	49
322	18
323	22
324	29
325	32
326	7
327	1
328	33
329	37
330	13
331	4
332	39
333	21
334	21
335	34
336	1
337	50
338	2
339	3
340	41
341	21
342	7
343	32
344	12
345	41
346	2
347	3
348	21
349	37
350	6
351	1
352	31
353	23
354	47
355	13
356	12
357	12
358	42
359	18
360	20
361	44
362	43
363	42
364	37
365	51
366	1
367	45
368	5
369	20
370	37
371	9
372	24
373	29
374	42
375	16
376	36
377	2
378	3
379	1
380	27
381	5
382	6
383	23
384	11
385	16
386	1
387	52
388	52
389	28
390	45
391	1
392	8
393	28
394	23
395	2
396	25
397	31
398	10
399	50
400	40
401	40
402	30
403	10
404	44
405	45
406	12
407	7
408	1
409	5
410	20
411	18
412	19
413	8
414	43
415	15
416	10
417	16
418	47
419	8
420	10
421	49
422	2
423	52
424	3
425	11
426	41
427	2
428	7
429	30
430	5
431	46
432	1
433	51
434	27
435	2
436	48
437	3
438	1
439	10
440	33
441	34
442	5
443	7
444	13
445	1
446	15
447	17
448	14
449	15
450	17
451	18
452	35
453	21
454	5
455	29
456	32
457	8
458	34
459	20
460	28
461	6
462	25
463	45
464	52
465	41
466	5
467	9
468	3
469	31
470	32
471	47
472	7
473	5
474	26
475	11
476	7
477	25
478	5
479	15
480	52
481	1
482	8
483	17
484	4
485	38
486	1
487	17
488	4
489	22
490	5
491	35
492	1
493	37
494	12
495	16
496	4
497	39
498	14
499	19
500	1
501	28
502	17
503	25
504	14
505	3
506	47
507	18
508	1
509	4
510	4
511	49
512	35
513	33
514	1
515	16
516	46
517	51
518	2
519	6
520	42
521	32
522	26
523	24
524	3
525	41
526	28
527	6
528	33
529	31
530	39
531	4
532	13
533	36
534	21
535	12
536	2
537	5
538	30
539	28
540	48
541	45
542	7
543	35
544	12
545	25
546	8
547	25
548	13
549	7
550	14
551	21
552	9
553	47
554	44
555	4
556	20
557	48
558	22
559	22
560	1
561	52
562	2
563	11
564	2
565	43
566	11
567	32
568	10
569	30
570	40
571	7
572	1
573	15
574	44
575	18
576	6
577	3
578	30
579	8
580	42
581	45
582	38
583	23
584	50
585	8
586	3
587	35
588	40
589	38
590	50
591	48
592	1
593	1
594	24
595	9
596	4
597	3
598	29
599	8
600	21
601	10
602	19
603	3
604	15
605	40
606	1
607	2
608	44
609	26
610	8
611	9
612	14
613	30
614	38
615	11
616	5
617	49
618	1
619	3
620	15
621	11
622	45
623	31
624	10
625	23
626	49
627	7
628	51
629	51
630	35
631	21
632	13
633	9
634	4
635	5
636	1
637	8
638	16
639	27
640	33
641	33
642	39
643	47
644	33
645	1
646	2
647	30
648	11
649	2
650	45
651	51
652	3
653	26
654	29
655	13
656	12
657	10
658	46
659	46
660	2
661	47
662	16
663	17
664	48
665	32
666	1
667	2
668	1
669	51
670	9
671	3
672	13
673	15
674	6
675	20
676	1
677	5
678	46
679	3
680	13
681	3
682	31
683	11
684	1
685	52
686	26
687	20
688	29
689	35
690	9
691	27
692	40
693	24
694	9
695	36
696	5
697	18
698	41
699	35
700	49
701	15
702	21
703	36
704	30
705	2
706	5
707	3
708	2
709	1
710	1
711	39
712	43
713	51
714	43
715	3
716	6
717	35
718	15
719	20
720	26
721	4
722	48
723	45
724	46
725	22
726	27
727	7
728	7
729	31
730	8
731	44
732	6
733	18
734	19
735	18
736	4
737	26
738	27
739	42
740	21
741	38
742	48
743	9
744	15
745	46
746	14
747	35
748	15
749	12
750	1
751	44
752	49
753	29
754	28
755	1
756	12
757	11
758	6
759	12
760	13
761	36
762	3
763	25
764	4
765	21
766	11
767	36
768	17
769	38
770	41
771	18
772	1
773	18
774	43
775	46
776	35
777	34
778	33
779	1
780	6
781	26
782	8
783	17
784	2
785	38
786	19
787	4
788	10
789	3
790	24
791	3
792	34
793	40
794	22
795	37
796	20
797	5
798	2
799	29
800	9
801	16
802	13
803	4
804	1
805	32
806	8
807	38
808	40
809	2
810	2
811	4
812	6
813	44
814	47
815	1
816	7
817	9
818	12
819	51
820	12
821	27
822	39
823	5
824	28
825	5
826	52
827	1
828	1
829	37
830	4
831	2
832	34
833	32
834	48
835	33
836	1
837	28
838	1
839	5
840	39
841	1
842	41
843	27
844	5
845	2
846	2
847	12
848	19
849	7
850	3
851	23
852	3
853	6
854	2
855	7
856	3
857	1
858	11
859	34
860	37
861	24
862	5
863	17
864	24
865	38
866	10
867	5
868	33
869	1
870	50
871	3
872	25
873	3
874	23
875	1
876	6
877	36
878	1
879	6
880	24
881	32
882	27
883	24
884	12
885	19
886	4
887	15
888	27
889	8
890	15
891	3
892	2
893	6
894	1
895	17
896	11
897	2
898	4
899	2
900	23
901	9
902	42
903	10
904	6
905	25
906	8
907	49
908	46
909	2
910	11
911	24
912	2
913	10
914	19
915	16
916	9
917	2
918	34
919	9
920	19
921	40
922	50
923	39
924	3
925	10
926	14
927	23
928	1
929	2
930	31
931	50
932	31
933	37
934	1
935	7
936	18
937	40
938	8
939	3
940	15
941	15
942	5
943	8
944	47
945	6
946	44
947	1
948	42
949	14
950	12
951	34
952	20
953	34
954	32
955	41
956	2
957	26
958	7
959	20
960	51
961	11
962	8
963	34
964	1
965	22
966	13
967	1
968	27
969	1
970	17
971	38
972	45
973	36
974	2
975	1
976	1
977	8
978	44
979	25
980	40
981	9
982	11
983	26
984	50
985	16
986	4
987	48
988	7
989	26
990	4
991	6
992	29
993	16
994	29
995	21
996	52
997	5
998	38
999	12
1000	10
