1	1
2	1
3	1
4	1
5	1
6	2
7	1
8	1
9	1
10	2
11	2
12	2
13	1
14	2
15	1
16	3
17	3
18	1
19	3
20	3
21	1
22	3
23	1
24	1
25	2
26	5
27	1
28	2
29	2
30	1
31	1
32	6
33	1
34	8
35	4
36	10
37	8
38	10
39	5
40	3
41	1
42	2
43	1
44	1
45	1
46	11
47	5
48	13
49	12
50	7
51	6
52	6
53	10
54	8
55	1
56	16
57	2
58	4
59	10
60	6
61	17
62	1
63	6
64	4
65	1
66	7
67	12
68	20
69	10
70	21
71	2
72	12
73	3
74	6
75	13
76	12
77	1
78	11
79	18
80	6
81	12
82	20
83	19
84	25
85	19
86	27
87	26
88	6
89	17
90	29
91	33
92	5
93	1
94	8
95	26
96	4
97	27
98	27
99	15
100	17
101	27
102	37
103	1
104	38
105	28
106	33
107	11
108	22
109	46
110	37
111	3
112	46
113	1
114	27
115	1
116	18
117	5
118	4
119	2
120	10
121	50
122	10
123	35
124	3
125	13
126	30
127	3
128	12
129	37
130	44
131	18
132	25
133	40
134	42
135	30
136	14
137	2
138	41
139	17
140	42
141	40
142	11
143	1
144	11
145	26
146	13
147	4
148	3
149	19
150	45
151	9
152	44
153	49
154	6
155	23
156	2
157	2
158	1
159	8
160	47
161	7
162	22
163	18
164	46
165	47
166	49
167	15
168	31
169	7
170	6
171	5
172	35
173	53
174	13
175	26
176	21
177	18
178	24
179	7
180	22
181	33
182	2
183	23
184	33
185	1
186	35
187	29
188	38
189	19
190	22
191	1
192	26
193	43
194	1
195	30
196	14
197	45
198	45
199	28
200	11
201	31
202	16
203	9
204	18
205	1
206	43
207	6
208	25
209	9
210	35
211	3
212	50
213	24
214	10
215	37
216	11
217	30
218	45
219	7
220	29
221	44
222	4
223	19
224	7
225	15
226	8
227	9
228	9
229	34
230	47
231	9
232	21
233	55
234	25
235	1
236	16
237	1
238	23
239	43
240	30
241	12
242	48
243	22
244	24
245	40
246	20
247	51
248	53
249	2
250	31
251	8
252	21
253	4
254	38
255	3
256	40
257	18
258	11
259	18
260	1
261	18
262	2
263	5
264	48
265	4
266	16
267	36
268	17
269	21
270	42
271	5
272	49
273	3
274	43
275	24
276	23
277	38
278	35
279	10
280	46
281	55
282	26
283	11
284	8
285	18
286	40
287	3
288	11
289	14
290	51
291	32
292	28
293	2
294	40
295	18
296	21
297	4
298	25
299	24
300	14
301	53
302	39
303	6
304	41
305	37
306	28
307	10
308	3
309	52
310	3
311	52
312	16
313	3
314	28
315	1
316	22
317	25
318	40
319	53
320	32
321	26
322	5
323	1
324	47
325	2
326	35
327	2
328	17
329	22
330	10
331	30
332	21
333	45
334	11
335	1
336	50
337	41
338	43
339	27
340	26
341	16
342	1
343	30
344	36
345	38
346	29
347	23
348	8
349	3
350	12
351	19
352	52
353	50
354	18
355	33
356	39
357	30
358	23
359	27
360	2
361	7
362	3
363	21
364	5
365	43
366	9
367	55
368	48
369	39
370	40
371	4
372	34
373	4
374	4
375	2
376	5
377	13
378	49
379	14
380	7
381	44
382	9
383	37
384	33
385	37
386	16
387	29
388	36
389	9
390	27
391	10
392	18
393	53
394	23
395	39
396	23
397	52
398	46
399	51
400	45
401	33
402	10
403	15
404	25
405	41
406	12
407	5
408	3
409	8
410	19
411	29
412	28
413	24
414	4
415	39
416	37
417	20
418	16
419	16
420	7
421	16
422	38
423	1
424	42
425	2
426	2
427	9
428	7
429	12
430	9
431	6
432	22
433	47
434	28
435	54
436	1
437	5
438	30
439	45
440	36
441	44
442	24
443	16
444	5
445	2
446	12
447	12
448	30
449	34
450	51
451	22
452	3
453	23
454	31
455	24
456	37
457	5
458	15
459	45
460	46
461	29
462	20
463	4
464	41
465	52
466	12
467	21
468	4
469	28
470	24
471	11
472	25
473	17
474	32
475	32
476	1
477	23
478	6
479	34
480	43
481	9
482	10
483	22
484	45
485	13
486	17
487	54
488	35
489	20
490	9
491	50
492	36
493	52
494	38
495	50
496	7
497	23
498	27
499	46
500	53
501	1
502	54
503	35
504	9
505	2
506	7
507	13
508	32
509	28
510	20
511	15
512	25
513	48
514	14
515	36
516	3
517	1
518	16
519	2
520	1
521	49
522	7
523	19
524	40
525	20
526	30
527	11
528	20
529	2
530	8
531	19
532	3
533	49
534	18
535	6
536	38
537	2
538	32
539	7
540	1
541	18
542	36
543	51
544	8
545	47
546	41
547	17
548	5
549	31
550	54
551	8
552	55
553	34
554	11
555	6
556	4
557	1
558	52
559	51
560	55
561	55
562	41
563	15
564	41
565	4
566	48
567	15
568	5
569	4
570	55
571	3
572	1
573	19
574	44
575	43
576	17
577	42
578	36
579	13
580	54
581	8
582	24
583	34
584	1
585	19
586	5
587	38
588	13
589	37
590	10
591	25
592	13
593	6
594	9
595	14
596	50
597	21
598	17
599	5
600	12
601	52
602	49
603	27
604	9
605	39
606	8
607	35
608	15
609	6
610	15
611	22
612	44
613	28
614	53
615	22
616	14
617	5
618	10
619	9
620	35
621	25
622	28
623	20
624	13
625	12
626	51
627	11
628	16
629	7
630	36
631	16
632	47
633	31
634	2
635	11
636	24
637	22
638	12
639	6
640	52
641	15
642	10
643	11
644	11
645	47
646	13
647	7
648	18
649	38
650	17
651	12
652	26
653	29
654	9
655	1
656	14
657	26
658	4
659	54
660	54
661	41
662	3
663	33
664	48
665	27
666	1
667	13
668	16
669	34
670	35
671	25
672	23
673	37
674	27
675	1
676	49
677	47
678	7
679	2
680	1
681	34
682	4
683	1
684	19
685	39
686	10
687	3
688	12
689	53
690	3
691	30
692	31
693	1
694	4
695	8
696	6
697	21
698	1
699	7
700	15
701	22
702	3
703	5
704	2
705	8
706	43
707	19
708	2
709	50
710	44
711	34
712	8
713	44
714	24
715	31
716	5
717	20
718	44
719	3
720	9
721	2
722	36
723	46
724	19
725	26
726	8
727	39
728	38
729	29
730	39
731	36
732	6
733	3
734	14
735	20
736	46
737	1
738	20
739	3
740	31
741	44
742	32
743	54
744	13
745	50
746	48
747	3
748	2
749	28
750	24
751	12
752	7
753	55
754	1
755	9
756	1
757	41
758	21
759	2
760	47
761	24
762	51
763	37
764	1
765	27
766	2
767	34
768	1
769	7
770	2
771	33
772	4
773	6
774	29
775	1
776	33
777	12
778	27
779	15
780	35
781	36
782	22
783	7
784	4
785	11
786	2
787	15
788	1
789	13
790	39
791	23
792	6
793	17
794	4
795	6
796	10
797	41
798	38
799	33
800	1
801	34
802	45
803	18
804	10
805	3
806	53
807	16
808	50
809	45
810	14
811	10
812	42
813	32
814	8
815	1
816	2
817	1
818	22
819	48
820	17
821	4
822	34
823	7
824	26
825	9
826	42
827	39
828	2
829	54
830	5
831	40
832	14
833	54
834	23
835	2
836	29
837	13
838	45
839	40
840	35
841	29
842	34
843	23
844	32
845	31
846	29
847	52
848	11
849	16
850	5
851	31
852	8
853	14
854	43
855	6
856	13
857	15
858	3
859	25
860	43
861	20
862	15
863	42
864	27
865	15
866	1
867	1
868	4
869	5
870	2
871	30
872	2
873	21
874	4
875	30
876	40
877	28
878	2
879	2
880	39
881	43
882	15
883	37
884	32
885	7
886	11
887	21
888	46
889	18
890	46
891	9
892	2
893	12
894	17
895	28
896	29
897	5
898	17
899	31
900	36
901	2
902	33
903	24
904	41
905	42
906	14
907	4
908	3
909	47
910	9
911	4
912	31
913	31
914	8
915	11
916	7
917	4
918	14
919	23
920	6
921	6
922	5
923	3
924	19
925	14
926	48
927	25
928	42
929	17
930	1
931	1
932	49
933	8
934	8
935	14
936	49
937	42
938	26
939	12
940	4
941	13
942	2
943	17
944	25
945	5
946	1
947	13
948	15
949	51
950	1
951	21
952	32
953	5
954	3
955	4
956	48
957	6
958	55
959	7
960	14
961	20
962	10
963	16
964	32
965	51
966	14
967	16
968	55
969	3
970	9
971	3
972	3
973	44
974	2
975	3
976	28
977	50
978	11
979	10
980	14
981	53
982	33
983	13
984	38
985	26
986	17
987	32
988	46
989	32
990	48
991	1
992	7
993	5
994	26
995	21
996	42
997	49
998	20
999	33
1000	19
