1	1
2	1
3	1
4	1
5	1
6	4
7	1
8	4
9	4
10	4
11	5
12	5
13	4
14	1
15	1
16	2
17	3
18	3
19	3
20	1
21	1
22	2
23	6
24	5
25	9
26	2
27	1
28	9
29	2
30	12
31	11
32	12
33	3
34	1
35	5
36	1
37	1
38	1
39	4
40	3
41	1
42	6
43	14
44	3
45	1
46	6
47	4
48	1
49	8
50	4
51	2
52	1
53	6
54	5
55	10
56	1
57	9
58	12
59	12
60	1
61	13
62	9
63	1
64	14
65	8
66	1
67	5
68	4
69	18
70	12
71	1
72	6
73	11
74	6
75	1
76	10
77	13
78	10
79	14
80	8
81	11
82	7
83	1
84	2
85	8
86	12
87	1
88	9
89	26
90	21
91	1
92	10
93	2
94	1
95	19
96	18
97	7
98	12
99	9
100	6
101	11
102	27
103	8
104	1
105	1
106	8
107	13
108	23
109	3
110	9
111	2
112	29
113	1
114	19
115	1
116	7
117	11
118	8
119	2
120	2
121	28
122	1
123	28
124	9
125	12
126	3
127	20
128	18
129	2
130	8
131	26
132	35
133	21
134	14
135	5
136	6
137	10
138	8
139	8
140	29
141	1
142	9
143	7
144	5
145	15
146	39
147	13
148	15
149	3
150	47
151	1
152	9
153	29
154	4
155	12
156	17
157	19
158	46
159	1
160	9
161	24
162	44
163	6
164	2
165	2
166	37
167	29
168	1
169	47
170	1
171	1
172	31
173	22
174	13
175	5
176	38
177	4
178	4
179	10
180	19
181	41
182	7
183	33
184	9
185	42
186	38
187	47
188	45
189	41
190	27
191	9
192	7
193	10
194	39
195	14
196	46
197	12
198	40
199	25
200	32
201	7
202	1
203	35
204	24
205	4
206	29
207	14
208	3
209	2
210	1
211	9
212	41
213	12
214	15
215	11
216	1
217	16
218	38
219	1
220	12
221	15
222	39
223	9
224	28
225	5
226	33
227	30
228	6
229	1
230	2
231	40
232	1
233	13
234	1
235	20
236	25
237	1
238	2
239	20
240	7
241	13
242	18
243	3
244	22
245	46
246	4
247	11
248	1
249	22
250	25
251	35
252	11
253	5
254	20
255	15
256	3
257	18
258	34
259	5
260	11
261	17
262	36
263	23
264	44
265	22
266	8
267	2
268	1
269	5
270	1
271	37
272	1
273	19
274	3
275	44
276	6
277	8
278	3
279	20
280	29
281	37
282	45
283	12
284	1
285	1
286	32
287	39
288	1
289	1
290	31
291	44
292	7
293	21
294	33
295	1
296	45
297	39
298	19
299	4
300	12
301	3
302	3
303	31
304	14
305	37
306	1
307	46
308	3
309	43
310	6
311	23
312	7
313	12
314	4
315	21
316	4
317	35
318	48
319	1
320	39
321	39
322	17
323	3
324	44
325	1
326	16
327	1
328	1
329	1
330	43
331	48
332	8
333	2
334	14
335	15
336	24
337	45
338	40
339	11
340	4
341	43
342	17
343	19
344	47
345	13
346	1
347	11
348	21
349	27
350	27
351	1
352	43
353	1
354	30
355	9
356	6
357	25
358	4
359	8
360	47
361	4
362	8
363	38
364	47
365	10
366	15
367	31
368	35
369	6
370	13
371	48
372	18
373	15
374	19
375	41
376	39
377	10
378	19
379	11
380	1
381	30
382	6
383	24
384	22
385	43
386	14
387	1
388	48
389	1
390	1
391	22
392	1
393	16
394	10
395	38
396	7
397	15
398	1
399	2
400	9
401	33
402	2
403	20
404	9
405	9
406	30
407	7
408	3
409	7
410	29
411	1
412	36
413	11
414	32
415	27
416	24
417	22
418	40
419	32
420	3
421	28
422	2
423	18
424	1
425	5
426	27
427	8
428	2
429	40
430	48
431	6
432	2
433	44
434	10
435	8
436	2
437	21
438	10
439	37
440	12
441	5
442	28
443	1
444	18
445	12
446	34
447	7
448	8
449	32
450	6
451	45
452	4
453	48
454	17
455	46
456	35
457	1
458	23
459	23
460	9
461	2
462	11
463	23
464	13
465	18
466	39
467	2
468	6
469	20
470	20
471	24
472	1
473	15
474	10
475	23
476	21
477	26
478	34
479	2
480	1
481	38
482	8
483	42
484	17
485	31
486	21
487	3
488	10
489	2
490	36
491	25
492	1
493	16
494	31
495	15
496	17
497	1
498	14
499	4
500	1
501	1
502	10
503	20
504	1
505	27
506	8
507	13
508	46
509	40
510	6
511	37
512	1
513	48
514	19
515	10
516	9
517	4
518	2
519	7
520	24
521	26
522	20
523	35
524	12
525	26
526	1
527	40
528	2
529	19
530	1
531	3
532	6
533	24
534	1
535	7
536	5
537	14
538	1
539	30
540	37
541	5
542	5
543	5
544	1
545	1
546	25
547	8
548	1
549	33
550	6
551	1
552	42
553	33
554	4
555	5
556	1
557	16
558	14
559	48
560	10
561	22
562	2
563	45
564	28
565	2
566	14
567	7
568	18
569	5
570	6
571	10
572	38
573	8
574	1
575	13
576	5
577	34
578	1
579	42
580	25
581	2
582	4
583	29
584	1
585	21
586	4
587	3
588	16
589	1
590	22
591	43
592	34
593	14
594	11
595	42
596	1
597	10
598	5
599	2
600	17
601	14
602	15
603	11
604	17
605	14
606	16
607	37
608	3
609	26
610	1
611	23
612	1
613	23
614	4
615	1
616	16
617	1
618	11
619	5
620	6
621	7
622	16
623	5
624	15
625	24
626	9
627	10
628	23
629	36
630	9
631	37
632	16
633	30
634	12
635	10
636	7
637	42
638	14
639	9
640	31
641	7
642	1
643	6
644	5
645	37
646	11
647	1
648	6
649	13
650	13
651	3
652	1
653	1
654	1
655	6
656	34
657	9
658	45
659	36
660	1
661	29
662	1
663	15
664	24
665	2
666	29
667	1
668	42
669	42
670	29
671	46
672	10
673	2
674	39
675	16
676	7
677	7
678	32
679	38
680	1
681	5
682	30
683	13
684	7
685	46
686	14
687	1
688	1
689	13
690	4
691	47
692	5
693	35
694	24
695	7
696	3
697	17
698	7
699	12
700	16
701	16
702	5
703	28
704	21
705	2
706	26
707	1
708	4
709	10
710	9
711	8
712	36
713	36
714	42
715	35
716	44
717	17
718	1
719	44
720	2
721	4
722	11
723	8
724	46
725	24
726	1
727	4
728	15
729	36
730	22
731	31
732	34
733	43
734	6
735	17
736	27
737	31
738	7
739	28
740	38
741	32
742	19
743	1
744	9
745	27
746	7
747	9
748	25
749	5
750	1
751	5
752	12
753	3
754	7
755	20
756	35
757	4
758	22
759	22
760	3
761	42
762	5
763	39
764	41
765	1
766	26
767	31
768	10
769	8
770	7
771	10
772	1
773	48
774	12
775	38
776	18
777	1
778	14
779	1
780	35
781	40
782	15
783	11
784	41
785	4
786	22
787	28
788	33
789	4
790	1
791	30
792	19
793	8
794	3
795	26
796	32
797	5
798	38
799	44
800	4
801	1
802	17
803	28
804	23
805	36
806	6
807	11
808	4
809	16
810	25
811	13
812	18
813	44
814	7
815	3
816	29
817	3
818	3
819	37
820	41
821	18
822	30
823	23
824	27
825	15
826	3
827	7
828	31
829	6
830	24
831	20
832	1
833	27
834	25
835	3
836	33
837	9
838	34
839	25
840	2
841	36
842	26
843	18
844	3
845	9
846	17
847	26
848	16
849	1
850	33
851	15
852	13
853	22
854	1
855	1
856	19
857	45
858	13
859	4
860	18
861	11
862	41
863	32
864	3
865	45
866	47
867	20
868	13
869	7
870	32
871	41
872	14
873	34
874	4
875	11
876	21
877	26
878	8
879	2
880	2
881	48
882	24
883	4
884	8
885	31
886	1
887	43
888	1
889	17
890	21
891	1
892	1
893	20
894	3
895	14
896	7
897	8
898	36
899	12
900	5
901	40
902	6
903	11
904	2
905	30
906	34
907	8
908	30
909	27
910	12
911	18
912	32
913	32
914	29
915	2
916	2
917	41
918	3
919	6
920	4
921	1
922	16
923	2
924	15
925	7
926	1
927	34
928	14
929	11
930	30
931	33
932	11
933	43
934	25
935	34
936	27
937	21
938	35
939	1
940	45
941	40
942	5
943	17
944	20
945	1
946	28
947	31
948	28
949	26
950	1
951	1
952	3
953	10
954	1
955	33
956	21
957	27
958	21
959	19
960	3
961	3
962	1
963	23
964	12
965	37
966	30
967	18
968	23
969	10
970	22
971	13
972	5
973	16
974	13
975	25
976	6
977	28
978	13
979	46
980	43
981	3
982	26
983	1
984	17
985	8
986	6
987	6
988	4
989	25
990	38
991	47
992	1
993	36
994	16
995	1
996	33
997	6
998	47
999	12
1000	13
