1	1
2	1
3	1
4	1
5	1
6	1
7	2
8	1
9	1
10	3
11	3
12	2
13	3
14	3
15	1
16	3
17	4
18	2
19	6
20	2
21	5
22	5
23	7
24	2
25	8
26	3
27	3
28	3
29	5
30	2
31	2
32	1
33	4
34	3
35	4
36	4
37	7
38	4
39	2
40	2
41	1
42	7
43	4
44	2
45	7
46	2
47	2
48	10
49	11
50	2
51	5
52	12
53	4
54	9
55	1
56	2
57	9
58	16
59	8
60	10
61	14
62	5
63	13
64	21
65	5
66	7
67	4
68	1
69	5
70	12
71	6
72	4
73	3
74	17
75	2
76	7
77	18
78	17
79	6
80	4
81	19
82	22
83	5
84	20
85	9
86	3
87	23
88	27
89	20
90	9
91	18
92	7
93	17
94	6
95	11
96	5
97	21
98	24
99	10
100	3
101	3
102	5
103	11
104	23
105	20
106	2
107	1
108	14
109	1
110	3
111	8
112	8
113	7
114	3
115	4
116	8
117	12
118	9
119	10
120	1
121	19
122	1
123	18
124	2
125	10
126	39
127	25
128	17
129	38
130	9
131	13
132	36
133	4
134	16
135	19
136	41
137	29
138	13
139	48
140	13
141	8
142	21
143	31
144	11
145	1
146	30
147	12
148	34
149	27
150	2
151	18
152	30
153	11
154	38
155	3
156	39
157	28
158	1
159	4
160	8
161	2
162	8
163	5
164	1
165	32
166	35
167	5
168	29
169	2
170	26
171	12
172	40
173	19
174	12
175	23
176	1
177	34
178	41
179	23
180	20
181	8
182	6
183	33
184	1
185	6
186	2
187	22
188	2
189	48
190	22
191	9
192	3
193	40
194	7
195	6
196	23
197	25
198	43
199	19
200	45
201	6
202	21
203	49
204	29
205	10
206	24
207	27
208	54
209	39
210	20
211	31
212	42
213	5
214	26
215	29
216	14
217	19
218	16
219	23
220	8
221	26
222	14
223	49
224	13
225	2
226	15
227	49
228	31
229	6
230	50
231	12
232	19
233	3
234	42
235	15
236	10
237	53
238	17
239	15
240	9
241	43
242	29
243	3
244	3
245	11
246	3
247	32
248	44
249	44
250	2
251	26
252	9
253	5
254	14
255	5
256	52
257	15
258	2
259	2
260	30
261	38
262	3
263	8
264	1
265	26
266	37
267	1
268	44
269	21
270	28
271	34
272	15
273	6
274	5
275	20
276	11
277	24
278	11
279	20
280	2
281	23
282	52
283	9
284	7
285	6
286	24
287	26
288	8
289	52
290	4
291	46
292	7
293	4
294	16
295	23
296	55
297	8
298	9
299	30
300	1
301	54
302	46
303	2
304	2
305	18
306	35
307	30
308	9
309	36
310	1
311	45
312	54
313	46
314	14
315	16
316	12
317	12
318	21
319	46
320	55
321	4
322	11
323	5
324	23
325	14
326	33
327	11
328	2
329	7
330	55
331	34
332	39
333	33
334	6
335	15
336	9
337	5
338	12
339	45
340	50
341	32
342	10
343	54
344	1
345	2
346	6
347	51
348	13
349	4
350	9
351	13
352	53
353	25
354	26
355	8
356	47
357	53
358	7
359	26
360	1
361	9
362	45
363	20
364	1
365	5
366	13
367	6
368	13
369	32
370	34
371	6
372	16
373	4
374	44
375	22
376	42
377	33
378	2
379	15
380	32
381	41
382	49
383	48
384	4
385	28
386	25
387	25
388	12
389	4
390	43
391	35
392	15
393	27
394	54
395	4
396	29
397	17
398	4
399	8
400	13
401	48
402	7
403	48
404	2
405	45
406	27
407	20
408	38
409	46
410	6
411	2
412	1
413	6
414	7
415	8
416	1
417	51
418	36
419	12
420	37
421	44
422	54
423	18
424	21
425	7
426	5
427	2
428	47
429	52
430	3
431	11
432	27
433	26
434	12
435	3
436	50
437	11
438	41
439	9
440	47
441	50
442	22
443	38
444	9
445	1
446	55
447	5
448	48
449	6
450	19
451	10
452	44
453	47
454	5
455	26
456	18
457	49
458	12
459	18
460	24
461	14
462	33
463	12
464	19
465	4
466	24
467	27
468	1
469	52
470	17
471	28
472	39
473	10
474	29
475	51
476	54
477	19
478	30
479	29
480	6
481	52
482	15
483	2
484	55
485	46
486	23
487	7
488	7
489	22
490	2
491	1
492	22
493	3
494	36
495	32
496	17
497	3
498	26
499	31
500	4
501	6
502	48
503	13
504	37
505	16
506	10
507	8
508	24
509	48
510	50
511	24
512	16
513	55
514	43
515	51
516	51
517	29
518	21
519	26
520	4
521	5
522	41
523	53
524	49
525	13
526	53
527	2
528	6
529	14
530	37
531	19
532	3
533	22
534	25
535	17
536	10
537	15
538	36
539	1
540	12
541	25
542	42
543	43
544	27
545	6
546	22
547	1
548	13
549	46
550	40
551	7
552	37
553	46
554	13
555	28
556	6
557	14
558	1
559	11
560	20
561	19
562	35
563	4
564	25
565	33
566	26
567	11
568	38
569	38
570	30
571	40
572	5
573	6
574	35
575	19
576	14
577	41
578	10
579	5
580	9
581	50
582	21
583	16
584	55
585	3
586	38
587	11
588	29
589	8
590	4
591	16
592	13
593	1
594	1
595	1
596	2
597	55
598	40
599	31
600	15
601	6
602	7
603	6
604	5
605	50
606	17
607	34
608	4
609	42
610	10
611	39
612	37
613	3
614	1
615	24
616	43
617	45
618	6
619	27
620	42
621	15
622	5
623	3
624	44
625	35
626	14
627	14
628	3
629	20
630	1
631	28
632	10
633	51
634	43
635	22
636	12
637	41
638	22
639	4
640	37
641	40
642	27
643	55
644	33
645	10
646	25
647	8
648	30
649	1
650	36
651	14
652	1
653	48
654	4
655	41
656	20
657	31
658	25
659	18
660	22
661	29
662	27
663	16
664	11
665	10
666	35
667	32
668	52
669	51
670	40
671	3
672	2
673	35
674	23
675	5
676	1
677	18
678	1
679	17
680	6
681	4
682	1
683	32
684	52
685	24
686	2
687	2
688	16
689	47
690	40
691	47
692	32
693	28
694	18
695	1
696	22
697	42
698	39
699	25
700	34
701	39
702	42
703	39
704	46
705	45
706	51
707	7
708	1
709	53
710	8
711	32
712	47
713	9
714	36
715	11
716	28
717	38
718	27
719	38
720	24
721	43
722	3
723	31
724	39
725	52
726	48
727	32
728	4
729	28
730	9
731	7
732	44
733	21
734	51
735	37
736	7
737	20
738	6
739	14
740	15
741	5
742	7
743	18
744	13
745	35
746	30
747	23
748	14
749	49
750	7
751	49
752	29
753	31
754	34
755	34
756	27
757	17
758	21
759	44
760	10
761	24
762	14
763	10
764	33
765	1
766	29
767	33
768	21
769	4
770	33
771	21
772	1
773	34
774	54
775	17
776	15
777	37
778	28
779	8
780	12
781	16
782	45
783	43
784	19
785	31
786	47
787	39
788	17
789	6
790	5
791	20
792	23
793	54
794	50
795	46
796	20
797	3
798	7
799	9
800	1
801	8
802	7
803	8
804	5
805	5
806	18
807	32
808	12
809	47
810	44
811	49
812	16
813	12
814	4
815	22
816	17
817	19
818	49
819	17
820	16
821	32
822	28
823	17
824	9
825	7
826	16
827	11
828	16
829	4
830	47
831	45
832	3
833	7
834	12
835	14
836	7
837	42
838	8
839	53
840	36
841	1
842	22
843	26
844	5
845	2
846	41
847	10
848	6
849	23
850	21
851	25
852	28
853	42
854	1
855	34
856	18
857	42
858	15
859	31
860	8
861	4
862	18
863	35
864	37
865	3
866	3
867	40
868	51
869	16
870	19
871	13
872	1
873	3
874	16
875	25
876	4
877	5
878	34
879	18
880	3
881	9
882	15
883	18
884	53
885	8
886	14
887	37
888	30
889	49
890	40
891	1
892	8
893	3
894	3
895	22
896	53
897	31
898	30
899	33
900	45
901	7
902	24
903	41
904	19
905	53
906	36
907	40
908	8
909	36
910	7
911	50
912	9
913	24
914	11
915	38
916	1
917	12
918	21
919	21
920	18
921	33
922	13
923	23
924	4
925	3
926	15
927	17
928	50
929	36
930	41
931	5
932	35
933	55
934	43
935	54
936	15
937	6
938	52
939	45
940	37
941	36
942	7
943	11
944	31
945	10
946	6
947	2
948	17
949	40
950	10
951	31
952	7
953	8
954	24
955	48
956	51
957	9
958	25
959	20
960	44
961	1
962	27
963	8
964	11
965	13
966	21
967	47
968	2
969	10
970	13
971	1
972	28
973	2
974	19
975	15
976	5
977	6
978	3
979	20
980	43
981	6
982	30
983	1
984	15
985	1
986	30
987	46
988	35
989	6
990	3
991	14
992	38
993	7
994	25
995	39
996	28
997	10
998	50
999	11
1000	13
