1	1
2	1
3	1
4	1
5	1
6	1
7	1
8	2
9	3
10	1
11	1
12	4
13	1
14	1
15	5
16	1
17	1
18	4
19	1
20	4
21	1
22	1
23	6
24	2
25	6
26	2
27	2
28	4
29	1
30	9
31	5
32	9
33	1
34	1
35	4
36	7
37	10
38	10
39	4
40	1
41	1
42	1
43	8
44	2
45	10
46	5
47	6
48	8
49	6
50	13
51	9
52	1
53	5
54	3
55	1
56	15
57	14
58	7
59	5
60	14
61	1
62	2
63	1
64	1
65	2
66	5
67	13
68	2
69	1
70	1
71	3
72	1
73	6
74	4
75	4
76	2
77	1
78	17
79	1
80	1
81	17
82	7
83	1
84	20
85	16
86	18
87	1
88	1
89	1
90	6
91	11
92	17
93	7
94	2
95	23
96	3
97	4
98	8
99	2
100	1
101	1
102	9
103	6
104	1
105	1
106	21
107	7
108	14
109	2
110	3
111	1
112	1
113	1
114	3
115	11
116	23
117	10
118	14
119	16
120	23
121	11
122	2
123	16
124	1
125	2
126	5
127	3
128	4
129	16
130	2
131	6
132	16
133	8
134	2
135	3
136	22
137	1
138	2
139	18
140	1
141	2
142	2
143	7
144	17
145	17
146	8
147	7
148	1
149	1
150	1
151	15
152	24
153	24
154	26
155	1
156	1
157	5
158	1
159	6
160	1
161	12
162	1
163	1
164	9
165	1
166	2
167	20
168	4
169	22
170	1
171	4
172	10
173	10
174	5
175	3
176	1
177	8
178	25
179	15
180	3
181	6
182	3
183	7
184	5
185	22
186	11
187	6
188	3
189	1
190	7
191	2
192	17
193	24
194	10
195	29
196	15
197	3
198	27
199	1
200	1
201	4
202	1
203	25
204	16
205	27
206	6
207	26
208	1
209	13
210	2
211	19
212	1
213	1
214	2
215	1
216	23
217	31
218	27
219	10
220	12
221	17
222	23
223	2
224	1
225	11
226	15
227	2
228	22
229	6
230	5
231	11
232	5
233	13
234	28
235	6
236	1
237	21
238	2
239	1
240	2
241	1
242	13
243	8
244	15
245	2
246	2
247	1
248	3
249	1
250	24
251	30
252	1
253	7
254	2
255	7
256	1
257	24
258	4
259	1
260	6
261	14
262	25
263	30
264	3
265	2
266	1
267	1
268	10
269	10
270	1
271	1
272	5
273	3
274	4
275	1
276	1
277	1
278	30
279	1
280	30
281	2
282	1
283	5
284	29
285	12
286	1
287	1
288	8
289	29
290	9
291	4
292	1
293	5
294	3
295	4
296	4
297	4
298	2
299	8
300	4
301	6
302	1
303	22
304	3
305	2
306	4
307	5
308	5
309	12
310	5
311	16
312	4
313	19
314	10
315	8
316	1
317	1
318	1
319	4
320	11
321	9
322	8
323	2
324	3
325	25
326	11
327	20
328	15
329	1
330	9
331	1
332	4
333	12
334	3
335	1
336	20
337	2
338	1
339	2
340	6
341	1
342	25
343	12
344	14
345	19
346	4
347	29
348	1
349	4
350	12
351	1
352	2
353	4
354	3
355	25
356	2
357	28
358	1
359	30
360	1
361	4
362	27
363	20
364	5
365	7
366	23
367	18
368	1
369	13
370	1
371	1
372	5
373	1
374	1
375	19
376	12
377	12
378	3
379	16
380	24
381	13
382	8
383	1
384	12
385	1
386	15
387	12
388	20
389	3
390	19
391	3
392	3
393	11
394	1
395	20
396	3
397	31
398	16
399	19
400	5
401	5
402	28
403	5
404	22
405	1
406	5
407	1
408	1
409	2
410	3
411	16
412	10
413	1
414	1
415	18
416	1
417	16
418	7
419	1
420	3
421	4
422	1
423	8
424	5
425	1
426	28
427	3
428	2
429	8
430	1
431	1
432	1
433	29
434	21
435	20
436	6
437	1
438	5
439	1
440	1
441	1
442	4
443	1
444	13
445	2
446	17
447	7
448	25
449	2
450	18
451	1
452	7
453	8
454	16
455	11
456	12
457	9
458	24
459	4
460	11
461	9
462	3
463	6
464	2
465	1
466	5
467	2
468	4
469	13
470	10
471	7
472	2
473	17
474	8
475	10
476	1
477	2
478	9
479	16
480	1
481	28
482	3
483	10
484	2
485	4
486	2
487	1
488	3
489	1
490	6
491	19
492	12
493	1
494	2
495	5
496	8
497	8
498	23
499	1
500	2
501	1
502	8
503	1
504	2
505	9
506	1
507	9
508	1
509	4
510	1
511	26
512	2
513	1
514	1
515	18
516	15
517	19
518	1
519	1
520	2
521	11
522	1
523	7
524	1
525	6
526	1
527	3
528	23
529	3
530	13
531	20
532	2
533	29
534	1
535	1
536	8
537	2
538	1
539	3
540	3
541	18
542	1
543	8
544	19
545	4
546	16
547	3
548	24
549	5
550	19
551	19
552	4
553	19
554	1
555	11
556	2
557	8
558	18
559	18
560	23
561	2
562	11
563	2
564	1
565	1
566	4
567	15
568	10
569	1
570	5
571	21
572	28
573	6
574	4
575	15
576	7
577	5
578	5
579	1
580	20
581	18
582	1
583	2
584	9
585	4
586	14
587	11
588	1
589	1
590	20
591	2
592	2
593	11
594	11
595	5
596	1
597	3
598	1
599	3
600	21
601	13
602	15
603	1
604	31
605	13
606	30
607	1
608	1
609	25
610	17
611	3
612	11
613	2
614	22
615	13
616	1
617	10
618	9
619	9
620	1
621	1
622	3
623	16
624	15
625	1
626	1
627	18
628	23
629	21
630	8
631	31
632	21
633	12
634	27
635	24
636	2
637	27
638	4
639	4
640	21
641	3
642	2
643	9
644	1
645	5
646	1
647	26
648	1
649	9
650	17
651	25
652	24
653	1
654	31
655	11
656	6
657	10
658	1
659	5
660	11
661	2
662	9
663	1
664	3
665	2
666	5
667	7
668	31
669	17
670	4
671	20
672	24
673	1
674	1
675	2
676	5
677	24
678	13
679	17
680	14
681	3
682	5
683	3
684	1
685	22
686	16
687	5
688	30
689	15
690	2
691	5
692	1
693	13
694	22
695	29
696	1
697	30
698	26
699	13
700	10
701	14
702	3
703	7
704	2
705	22
706	1
707	1
708	4
709	1
710	5
711	1
712	7
713	23
714	14
715	27
716	1
717	3
718	5
719	15
720	3
721	5
722	1
723	2
724	26
725	4
726	1
727	25
728	12
729	2
730	4
731	1
732	12
733	31
734	13
735	3
736	26
737	1
738	3
739	1
740	23
741	5
742	12
743	11
744	27
745	1
746	3
747	7
748	18
749	1
750	16
751	1
752	2
753	7
754	7
755	18
756	4
757	12
758	5
759	29
760	1
761	1
762	1
763	21
764	13
765	1
766	8
767	5
768	3
769	22
770	8
771	1
772	4
773	28
774	28
775	1
776	1
777	1
778	1
779	1
780	1
781	1
782	2
783	9
784	12
785	1
786	8
787	22
788	10
789	10
790	3
791	1
792	6
793	20
794	1
795	17
796	1
797	4
798	1
799	4
800	19
801	1
802	18
803	28
804	1
805	5
806	26
807	5
808	1
809	1
810	6
811	10
812	4
813	31
814	2
815	14
816	13
817	5
818	1
819	5
820	26
821	12
822	13
823	1
824	8
825	1
826	22
827	27
828	31
829	4
830	2
831	1
832	3
833	9
834	12
835	1
836	2
837	3
838	18
839	1
840	6
841	18
842	10
843	30
844	4
845	14
846	15
847	1
848	14
849	7
850	7
851	3
852	9
853	21
854	15
855	20
856	7
857	14
858	8
859	5
860	10
861	12
862	1
863	5
864	3
865	15
866	3
867	31
868	9
869	11
870	6
871	10
872	1
873	1
874	1
875	7
876	1
877	3
878	5
879	12
880	21
881	2
882	14
883	1
884	5
885	3
886	4
887	8
888	1
889	29
890	10
891	21
892	9
893	15
894	11
895	1
896	11
897	2
898	14
899	3
900	6
901	2
902	1
903	1
904	3
905	1
906	9
907	2
908	1
909	3
910	1
911	26
912	1
913	2
914	5
915	19
916	13
917	2
918	10
919	1
920	22
921	1
922	4
923	28
924	1
925	21
926	1
927	1
928	1
929	4
930	1
931	1
932	6
933	23
934	23
935	5
936	2
937	13
938	1
939	2
940	1
941	5
942	21
943	3
944	1
945	5
946	2
947	4
948	2
949	2
950	1
951	7
952	1
953	14
954	4
955	19
956	1
957	17
958	9
959	8
960	7
961	1
962	1
963	1
964	14
965	1
966	1
967	2
968	6
969	1
970	4
971	6
972	26
973	1
974	2
975	30
976	3
977	2
978	6
979	17
980	14
981	29
982	20
983	1
984	9
985	1
986	25
987	1
988	2
989	9
990	27
991	6
992	9
993	2
994	1
995	1
996	3
997	4
998	14
999	1
1000	1
