1	1
2	1
3	1
4	1
5	2
6	1
7	1
8	3
9	1
10	1
11	1
12	2
13	6
14	1
15	8
16	2
17	4
18	8
19	1
20	1
21	1
22	3
23	1
24	1
25	1
26	7
27	3
28	1
29	2
30	6
31	3
32	4
33	12
34	6
35	3
36	12
37	1
38	9
39	11
40	1
41	10
42	5
43	2
44	2
45	10
46	12
47	5
48	13
49	5
50	8
51	8
52	8
53	2
54	5
55	1
56	4
57	10
58	16
59	7
60	1
61	5
62	3
63	10
64	19
65	6
66	7
67	1
68	1
69	13
70	5
71	1
72	11
73	4
74	2
75	8
76	4
77	11
78	15
79	1
80	12
81	6
82	1
83	1
84	3
85	23
86	1
87	1
88	7
89	8
90	1
91	18
92	5
93	1
94	4
95	7
96	1
97	10
98	7
99	18
100	19
101	19
102	10
103	6
104	3
105	13
106	1
107	3
108	12
109	4
110	21
111	1
112	18
113	23
114	24
115	7
116	10
117	22
118	7
119	14
120	6
121	8
122	8
123	1
124	28
125	27
126	10
127	17
128	19
129	6
130	3
131	14
132	11
133	25
134	17
135	5
136	22
137	9
138	9
139	20
140	36
141	13
142	10
143	22
144	2
145	1
146	16
147	11
148	19
149	3
150	25
151	21
152	26
153	12
154	5
155	7
156	1
157	3
158	9
159	4
160	16
161	2
162	1
163	14
164	21
165	36
166	12
167	7
168	28
169	37
170	19
171	16
172	8
173	8
174	1
175	8
176	7
177	4
178	40
179	8
180	14
181	13
182	10
183	8
184	14
185	13
186	3
187	16
188	3
189	1
190	4
191	2
192	29
193	15
194	9
195	30
196	27
197	2
198	38
199	4
200	20
201	6
202	12
203	3
204	31
205	1
206	3
207	38
208	41
209	15
210	7
211	11
212	2
213	31
214	7
215	18
216	8
217	26
218	6
219	7
220	3
221	1
222	33
223	14
224	31
225	20
226	6
227	14
228	2
229	28
230	38
231	29
232	13
233	34
234	2
235	13
236	2
237	39
238	37
239	20
240	5
241	7
242	37
243	24
244	31
245	21
246	9
247	3
248	1
249	33
250	4
251	2
252	3
253	30
254	12
255	15
256	30
257	18
258	4
259	24
260	3
261	4
262	43
263	34
264	1
265	26
266	32
267	23
268	28
269	1
270	14
271	39
272	6
273	21
274	40
275	41
276	31
277	29
278	21
279	18
280	27
281	12
282	18
283	43
284	22
285	22
286	43
287	3
288	45
289	2
290	6
291	5
292	2
293	36
294	33
295	2
296	5
297	12
298	1
299	37
300	3
301	1
302	1
303	2
304	2
305	37
306	34
307	4
308	1
309	35
310	15
311	4
312	19
313	4
314	20
315	17
316	1
317	16
318	42
319	5
320	42
321	2
322	3
323	1
324	16
325	45
326	34
327	32
328	1
329	13
330	6
331	2
332	12
333	45
334	1
335	36
336	32
337	16
338	14
339	28
340	39
341	44
342	38
343	5
344	38
345	13
346	1
347	21
348	4
349	33
350	40
351	4
352	5
353	1
354	12
355	18
356	7
357	4
358	45
359	42
360	35
361	13
362	1
363	2
364	24
365	2
366	2
367	21
368	19
369	22
370	21
371	26
372	44
373	1
374	5
375	6
376	22
377	22
378	25
379	12
380	1
381	15
382	19
383	3
384	1
385	6
386	7
387	1
388	11
389	32
390	26
391	24
392	11
393	13
394	35
395	31
396	5
397	4
398	13
399	1
400	41
401	2
402	26
403	2
404	25
405	13
406	9
407	10
408	22
409	12
410	31
411	25
412	26
413	42
414	26
415	6
416	29
417	5
418	8
419	1
420	11
421	6
422	17
423	34
424	1
425	19
426	2
427	36
428	17
429	34
430	8
431	43
432	27
433	20
434	11
435	34
436	9
437	2
438	7
439	33
440	13
441	38
442	23
443	1
444	1
445	24
446	39
447	1
448	19
449	8
450	1
451	11
452	12
453	31
454	23
455	1
456	22
457	7
458	2
459	2
460	1
461	6
462	38
463	30
464	14
465	44
466	24
467	37
468	27
469	10
470	20
471	11
472	44
473	6
474	15
475	4
476	16
477	17
478	42
479	1
480	35
481	4
482	13
483	24
484	23
485	24
486	11
487	2
488	34
489	7
490	23
491	1
492	29
493	31
494	2
495	25
496	16
497	29
498	11
499	43
500	41
501	1
502	20
503	2
504	23
505	7
506	25
507	9
508	3
509	9
510	23
511	35
512	41
513	18
514	3
515	22
516	16
517	1
518	24
519	7
520	8
521	15
522	1
523	5
524	1
525	32
526	1
527	4
528	41
529	6
530	15
531	28
532	8
533	31
534	6
535	1
536	11
537	12
538	6
539	2
540	32
541	45
542	6
543	6
544	6
545	20
546	11
547	1
548	7
549	12
550	14
551	45
552	2
553	37
554	21
555	34
556	26
557	6
558	12
559	11
560	2
561	4
562	14
563	3
564	36
565	1
566	10
567	18
568	26
569	14
570	44
571	2
572	39
573	17
574	5
575	25
576	17
577	41
578	38
579	27
580	11
581	7
582	17
583	9
584	7
585	5
586	1
587	4
588	39
589	20
590	18
591	23
592	2
593	29
594	30
595	16
596	39
597	19
598	1
599	26
600	6
601	35
602	1
603	11
604	10
605	11
606	44
607	30
608	2
609	36
610	3
611	14
612	13
613	2
614	1
615	5
616	8
617	3
618	2
619	5
620	10
621	2
622	9
623	15
624	20
625	27
626	40
627	9
628	1
629	42
630	3
631	14
632	28
633	6
634	8
635	26
636	1
637	21
638	18
639	7
640	4
641	4
642	5
643	12
644	4
645	19
646	15
647	7
648	14
649	20
650	29
651	1
652	15
653	8
654	1
655	13
656	1
657	1
658	30
659	15
660	3
661	11
662	8
663	39
664	4
665	33
666	1
667	35
668	15
669	28
670	32
671	1
672	2
673	42
674	13
675	1
676	21
677	44
678	8
679	1
680	1
681	13
682	43
683	23
684	32
685	19
686	1
687	15
688	32
689	9
690	38
691	38
692	2
693	17
694	3
695	17
696	45
697	10
698	1
699	16
700	41
701	21
702	2
703	4
704	4
705	1
706	1
707	2
708	40
709	1
710	24
711	7
712	1
713	4
714	2
715	12
716	1
717	5
718	6
719	17
720	5
721	11
722	29
723	1
724	25
725	3
726	8
727	6
728	13
729	7
730	20
731	1
732	3
733	1
734	32
735	15
736	10
737	37
738	41
739	31
740	15
741	42
742	27
743	33
744	17
745	23
746	31
747	17
748	11
749	25
750	18
751	8
752	2
753	4
754	9
755	1
756	9
757	28
758	18
759	19
760	10
761	1
762	1
763	10
764	1
765	24
766	28
767	1
768	1
769	9
770	29
771	37
772	33
773	4
774	22
775	7
776	20
777	1
778	3
779	10
780	23
781	5
782	7
783	3
784	5
785	36
786	7
787	28
788	35
789	2
790	16
791	3
792	12
793	37
794	4
795	17
796	21
797	1
798	15
799	27
800	10
801	1
802	40
803	1
804	14
805	5
806	3
807	1
808	10
809	36
810	40
811	3
812	42
813	12
814	8
815	40
816	5
817	6
818	29
819	24
820	35
821	9
822	5
823	26
824	8
825	9
826	34
827	35
828	1
829	8
830	42
831	7
832	34
833	30
834	30
835	38
836	1
837	10
838	6
839	30
840	8
841	1
842	20
843	27
844	44
845	9
846	5
847	1
848	4
849	23
850	15
851	1
852	9
853	3
854	28
855	8
856	5
857	1
858	6
859	14
860	13
861	27
862	1
863	28
864	5
865	8
866	1
867	19
868	1
869	12
870	10
871	8
872	19
873	1
874	40
875	1
876	27
877	1
878	25
879	16
880	1
881	1
882	5
883	16
884	45
885	9
886	19
887	37
888	14
889	17
890	3
891	40
892	8
893	4
894	33
895	25
896	45
897	43
898	9
899	14
900	16
901	1
902	6
903	26
904	20
905	3
906	5
907	7
908	22
909	21
910	18
911	41
912	4
913	25
914	10
915	1
916	36
917	11
918	1
919	1
920	17
921	22
922	9
923	5
924	44
925	18
926	24
927	30
928	1
929	33
930	1
931	1
932	43
933	8
934	10
935	10
936	2
937	18
938	1
939	1
940	39
941	22
942	1
943	4
944	21
945	16
946	12
947	9
948	3
949	25
950	8
951	23
952	17
953	36
954	2
955	1
956	29
957	4
958	4
959	9
960	24
961	39
962	15
963	33
964	11
965	9
966	1
967	7
968	5
969	6
970	16
971	5
972	43
973	4
974	16
975	4
976	43
977	6
978	35
979	1
980	6
981	7
982	39
983	27
984	1
985	44
986	1
987	18
988	22
989	25
990	14
991	3
992	30
993	4
994	32
995	7
996	29
997	45
998	3
999	1
1000	32
