1	1
2	2
3	2
4	1
5	1
6	2
7	2
8	1
9	2
10	1
11	1
12	2
13	2
14	2
15	1
16	3
17	1
18	1
19	1
20	1
21	2
22	1
23	1
24	2
25	1
26	6
27	3
28	4
29	1
30	2
31	5
32	1
33	1
34	3
35	1
36	1
37	3
38	3
39	2
40	2
41	1
42	1
43	3
44	6
45	1
46	1
47	3
48	9
49	1
50	6
51	1
52	1
53	2
54	4
55	6
56	1
57	1
58	4
59	8
60	9
61	2
62	3
63	2
64	2
65	3
66	1
67	2
68	8
69	2
70	10
71	5
72	4
73	2
74	2
75	3
76	1
77	6
78	1
79	2
80	2
81	1
82	1
83	2
84	6
85	5
86	1
87	3
88	1
89	4
90	1
91	5
92	2
93	11
94	3
95	2
96	1
97	1
98	4
99	10
100	2
101	1
102	16
103	1
104	2
105	2
106	1
107	7
108	6
109	1
110	9
111	11
112	13
113	9
114	2
115	1
116	2
117	1
118	2
119	2
120	18
121	5
122	22
123	15
124	2
125	17
126	1
127	1
128	11
129	1
130	1
131	1
132	1
133	20
134	1
135	9
136	1
137	11
138	5
139	20
140	1
141	1
142	1
143	5
144	4
145	1
146	12
147	19
148	4
149	3
150	1
151	2
152	4
153	7
154	21
155	7
156	22
157	6
158	6
159	9
160	18
161	2
162	1
163	8
164	16
165	2
166	6
167	11
168	1
169	16
170	4
171	28
172	7
173	5
174	13
175	2
176	16
177	1
178	30
179	23
180	3
181	1
182	30
183	20
184	1
185	30
186	7
187	2
188	3
189	1
190	15
191	1
192	11
193	10
194	2
195	10
196	17
197	12
198	1
199	18
200	10
201	2
202	8
203	4
204	1
205	1
206	1
207	1
208	28
209	29
210	17
211	1
212	8
213	2
214	1
215	19
216	9
217	2
218	1
219	2
220	23
221	13
222	1
223	1
224	1
225	2
226	28
227	1
228	11
229	24
230	2
231	1
232	1
233	1
234	10
235	3
236	19
237	28
238	3
239	2
240	22
241	27
242	2
243	16
244	2
245	2
246	5
247	22
248	29
249	2
250	2
251	5
252	16
253	1
254	23
255	12
256	31
257	1
258	6
259	1
260	8
261	10
262	3
263	2
264	1
265	6
266	1
267	1
268	1
269	1
270	22
271	12
272	2
273	4
274	27
275	3
276	30
277	21
278	1
279	1
280	1
281	3
282	2
283	3
284	1
285	23
286	1
287	1
288	2
289	29
290	6
291	26
292	2
293	5
294	2
295	1
296	12
297	1
298	15
299	26
300	2
301	2
302	1
303	1
304	3
305	2
306	15
307	7
308	12
309	21
310	2
311	14
312	2
313	3
314	5
315	1
316	2
317	30
318	5
319	3
320	2
321	1
322	1
323	1
324	2
325	2
326	1
327	15
328	11
329	6
330	16
331	31
332	1
333	20
334	31
335	31
336	2
337	3
338	7
339	3
340	7
341	32
342	1
343	2
344	2
345	11
346	14
347	1
348	1
349	1
350	1
351	6
352	5
353	1
354	24
355	17
356	26
357	6
358	1
359	21
360	7
361	19
362	2
363	22
364	28
365	3
366	11
367	2
368	1
369	6
370	28
371	12
372	3
373	20
374	24
375	4
376	6
377	12
378	15
379	5
380	31
381	2
382	17
383	1
384	8
385	1
386	13
387	1
388	20
389	4
390	24
391	31
392	11
393	4
394	2
395	1
396	2
397	8
398	2
399	17
400	2
401	4
402	2
403	12
404	13
405	2
406	17
407	32
408	21
409	6
410	1
411	7
412	2
413	1
414	1
415	1
416	25
417	14
418	1
419	5
420	3
421	15
422	10
423	2
424	1
425	13
426	21
427	24
428	3
429	16
430	20
431	1
432	2
433	2
434	1
435	1
436	7
437	9
438	12
439	6
440	1
441	27
442	13
443	3
444	14
445	3
446	18
447	1
448	20
449	2
450	8
451	26
452	1
453	1
454	7
455	30
456	5
457	4
458	2
459	1
460	1
461	13
462	22
463	1
464	31
465	3
466	2
467	1
468	1
469	15
470	2
471	4
472	2
473	2
474	30
475	1
476	1
477	18
478	2
479	2
480	1
481	6
482	17
483	1
484	1
485	2
486	26
487	1
488	25
489	1
490	2
491	1
492	19
493	10
494	2
495	1
496	1
497	1
498	1
499	1
500	6
501	30
502	1
503	7
504	19
505	1
506	1
507	2
508	3
509	27
510	5
511	10
512	2
513	1
514	23
515	1
516	2
517	1
518	1
519	3
520	17
521	11
522	9
523	5
524	1
525	10
526	1
527	2
528	22
529	29
530	1
531	32
532	1
533	26
534	22
535	2
536	2
537	27
538	2
539	8
540	1
541	1
542	17
543	4
544	1
545	19
546	19
547	28
548	5
549	10
550	9
551	5
552	14
553	2
554	24
555	7
556	2
557	32
558	1
559	3
560	2
561	1
562	7
563	2
564	2
565	1
566	2
567	25
568	1
569	9
570	13
571	2
572	1
573	5
574	2
575	2
576	17
577	19
578	2
579	1
580	1
581	1
582	2
583	1
584	1
585	1
586	13
587	3
588	16
589	15
590	1
591	2
592	6
593	15
594	1
595	1
596	30
597	2
598	15
599	3
600	28
601	22
602	11
603	2
604	1
605	1
606	1
607	11
608	3
609	8
610	2
611	21
612	2
613	15
614	11
615	4
616	32
617	13
618	10
619	18
620	1
621	2
622	2
623	2
624	9
625	1
626	4
627	9
628	14
629	2
630	1
631	2
632	2
633	7
634	20
635	2
636	4
637	1
638	2
639	14
640	1
641	2
642	1
643	1
644	31
645	1
646	1
647	10
648	1
649	2
650	1
651	25
652	19
653	19
654	2
655	4
656	14
657	13
658	10
659	1
660	13
661	3
662	2
663	1
664	1
665	1
666	10
667	6
668	2
669	29
670	2
671	3
672	21
673	18
674	2
675	2
676	1
677	2
678	23
679	2
680	25
681	29
682	2
683	8
684	12
685	2
686	1
687	1
688	7
689	26
690	1
691	2
692	22
693	13
694	27
695	10
696	1
697	2
698	14
699	1
700	12
701	2
702	25
703	23
704	1
705	2
706	2
707	2
708	32
709	29
710	2
711	10
712	2
713	13
714	14
715	26
716	2
717	6
718	1
719	16
720	5
721	16
722	1
723	6
724	1
725	28
726	5
727	31
728	1
729	2
730	2
731	1
732	1
733	8
734	1
735	16
736	14
737	2
738	2
739	1
740	27
741	2
742	8
743	26
744	1
745	9
746	2
747	23
748	24
749	2
750	14
751	9
752	11
753	20
754	2
755	1
756	1
757	4
758	27
759	1
760	1
761	7
762	2
763	2
764	4
765	18
766	2
767	2
768	2
769	2
770	2
771	14
772	8
773	2
774	24
775	6
776	1
777	5
778	25
779	32
780	27
781	7
782	1
783	2
784	11
785	18
786	15
787	2
788	1
789	23
790	9
791	3
792	1
793	3
794	4
795	3
796	29
797	16
798	1
799	22
800	1
801	12
802	24
803	3
804	2
805	20
806	8
807	2
808	18
809	1
810	3
811	1
812	2
813	9
814	1
815	1
816	2
817	3
818	5
819	25
820	32
821	25
822	8
823	15
824	7
825	2
826	2
827	2
828	2
829	1
830	1
831	2
832	3
833	1
834	2
835	4
836	2
837	27
838	25
839	10
840	26
841	23
842	9
843	18
844	16
845	21
846	28
847	3
848	18
849	30
850	26
851	1
852	14
853	1
854	5
855	7
856	1
857	1
858	5
859	2
860	5
861	4
862	1
863	2
864	29
865	5
866	13
867	1
868	1
869	1
870	32
871	1
872	1
873	1
874	19
875	1
876	19
877	2
878	24
879	1
880	5
881	6
882	3
883	1
884	4
885	8
886	10
887	1
888	24
889	2
890	1
891	10
892	8
893	31
894	1
895	2
896	7
897	1
898	12
899	18
900	1
901	1
902	3
903	25
904	20
905	9
906	1
907	21
908	10
909	21
910	1
911	20
912	1
913	1
914	2
915	1
916	5
917	1
918	4
919	8
920	17
921	1
922	3
923	1
924	4
925	2
926	2
927	3
928	32
929	11
930	1
931	12
932	6
933	5
934	1
935	1
936	9
937	1
938	1
939	2
940	1
941	27
942	1
943	15
944	1
945	2
946	9
947	17
948	11
949	2
950	4
951	11
952	7
953	1
954	2
955	1
956	12
957	2
958	8
959	1
960	5
961	1
962	12
963	2
964	1
965	12
966	1
967	4
968	1
969	1
970	4
971	1
972	8
973	21
974	7
975	6
976	1
977	16
978	28
979	1
980	11
981	9
982	1
983	1
984	1
985	8
986	4
987	1
988	3
989	29
990	1
991	23
992	1
993	14
994	12
995	2
996	5
997	23
998	4
999	13
1000	6
