1	1
2	1
3	1
4	1
5	1
6	1
7	1
8	1
9	2
10	4
11	3
12	5
13	1
14	1
15	7
16	1
17	1
18	3
19	7
20	4
21	7
22	1
23	8
24	8
25	6
26	1
27	4
28	1
29	1
30	1
31	3
32	5
33	4
34	8
35	8
36	3
37	6
38	5
39	3
40	6
41	10
42	7
43	13
44	6
45	12
46	1
47	1
48	6
49	7
50	1
51	1
52	1
53	2
54	1
55	1
56	12
57	1
58	9
59	1
60	3
61	1
62	2
63	20
64	1
65	2
66	1
67	7
68	7
69	15
70	10
71	1
72	3
73	14
74	6
75	5
76	17
77	24
78	7
79	17
80	19
81	13
82	19
83	23
84	15
85	7
86	8
87	2
88	21
89	7
90	11
91	19
92	12
93	3
94	29
95	9
96	11
97	21
98	21
99	8
100	7
101	1
102	26
103	4
104	31
105	31
106	21
107	34
108	24
109	13
110	1
111	7
112	9
113	1
114	1
115	9
116	7
117	31
118	33
119	28
120	30
121	31
122	5
123	11
124	29
125	15
126	1
127	19
128	6
129	26
130	22
131	5
132	27
133	1
134	32
135	8
136	2
137	4
138	23
139	10
140	4
141	35
142	35
143	3
144	1
145	2
146	17
147	1
148	25
149	19
150	1
151	1
152	1
153	7
154	11
155	23
156	2
157	12
158	24
159	27
160	11
161	10
162	27
163	17
164	38
165	38
166	28
167	1
168	29
169	1
170	11
171	11
172	16
173	11
174	10
175	13
176	22
177	3
178	1
179	6
180	9
181	8
182	36
183	1
184	20
185	3
186	37
187	2
188	7
189	11
190	4
191	8
192	1
193	12
194	1
195	25
196	10
197	8
198	7
199	20
200	13
201	4
202	25
203	11
204	1
205	30
206	30
207	10
208	15
209	1
210	21
211	4
212	5
213	39
214	18
215	23
216	2
217	21
218	2
219	17
220	1
221	1
222	2
223	35
224	25
225	12
226	25
227	9
228	14
229	14
230	3
231	1
232	11
233	32
234	31
235	21
236	10
237	22
238	10
239	29
240	6
241	16
242	1
243	3
244	13
245	10
246	1
247	9
248	15
249	29
250	14
251	22
252	1
253	33
254	27
255	35
256	35
257	40
258	1
259	1
260	1
261	22
262	1
263	13
264	7
265	1
266	21
267	12
268	1
269	8
270	1
271	1
272	26
273	2
274	9
275	37
276	3
277	12
278	4
279	9
280	5
281	1
282	23
283	14
284	7
285	19
286	1
287	3
288	1
289	5
290	2
291	3
292	36
293	37
294	25
295	26
296	32
297	13
298	1
299	34
300	1
301	6
302	30
303	1
304	12
305	10
306	17
307	40
308	1
309	35
310	9
311	6
312	17
313	25
314	18
315	33
316	28
317	1
318	14
319	11
320	33
321	10
322	23
323	1
324	2
325	26
326	18
327	3
328	4
329	30
330	34
331	35
332	2
333	20
334	1
335	3
336	1
337	30
338	10
339	26
340	25
341	16
342	12
343	10
344	18
345	23
346	41
347	34
348	16
349	38
350	1
351	13
352	1
353	5
354	4
355	1
356	7
357	1
358	9
359	2
360	38
361	27
362	1
363	31
364	31
365	22
366	6
367	1
368	5
369	31
370	26
371	1
372	1
373	2
374	17
375	6
376	18
377	9
378	16
379	33
380	1
381	16
382	1
383	13
384	26
385	6
386	11
387	10
388	9
389	2
390	9
391	36
392	41
393	14
394	24
395	14
396	2
397	36
398	19
399	1
400	15
401	1
402	15
403	1
404	3
405	2
406	37
407	1
408	13
409	8
410	22
411	2
412	2
413	7
414	1
415	29
416	1
417	10
418	1
419	2
420	27
421	1
422	5
423	27
424	17
425	33
426	1
427	31
428	7
429	36
430	9
431	13
432	1
433	40
434	38
435	12
436	8
437	14
438	1
439	1
440	19
441	1
442	23
443	21
444	10
445	34
446	4
447	13
448	1
449	5
450	5
451	2
452	11
453	8
454	40
455	1
456	22
457	3
458	38
459	38
460	36
461	3
462	16
463	24
464	1
465	21
466	1
467	5
468	9
469	36
470	15
471	7
472	20
473	7
474	1
475	8
476	5
477	6
478	1
479	1
480	11
481	1
482	1
483	21
484	24
485	31
486	8
487	3
488	12
489	5
490	1
491	7
492	19
493	7
494	29
495	25
496	11
497	8
498	20
499	3
500	1
501	1
502	6
503	18
504	21
505	8
506	1
507	1
508	8
509	18
510	23
511	10
512	12
513	1
514	13
515	1
516	30
517	10
518	3
519	35
520	5
521	3
522	1
523	1
524	9
525	2
526	8
527	32
528	18
529	38
530	1
531	33
532	22
533	3
534	1
535	33
536	1
537	8
538	13
539	2
540	39
541	3
542	1
543	1
544	6
545	5
546	1
547	1
548	1
549	6
550	4
551	3
552	27
553	19
554	34
555	7
556	4
557	1
558	23
559	1
560	5
561	1
562	14
563	36
564	1
565	5
566	1
567	14
568	15
569	5
570	3
571	1
572	18
573	28
574	1
575	32
576	24
577	4
578	5
579	28
580	19
581	17
582	12
583	28
584	22
585	18
586	15
587	1
588	30
589	1
590	2
591	25
592	34
593	32
594	11
595	35
596	23
597	24
598	21
599	6
600	6
601	11
602	28
603	4
604	38
605	15
606	17
607	36
608	11
609	41
610	1
611	17
612	1
613	16
614	15
615	20
616	2
617	30
618	28
619	8
620	6
621	9
622	14
623	4
624	37
625	6
626	1
627	9
628	1
629	27
630	7
631	3
632	5
633	37
634	15
635	2
636	26
637	9
638	4
639	1
640	29
641	12
642	18
643	1
644	25
645	33
646	6
647	10
648	1
649	10
650	1
651	6
652	31
653	35
654	11
655	4
656	4
657	4
658	1
659	14
660	32
661	15
662	39
663	34
664	2
665	12
666	4
667	36
668	1
669	41
670	6
671	41
672	29
673	8
674	20
675	39
676	6
677	25
678	20
679	22
680	5
681	27
682	15
683	20
684	13
685	16
686	23
687	1
688	6
689	10
690	1
691	19
692	13
693	1
694	11
695	1
696	9
697	5
698	16
699	7
700	3
701	34
702	17
703	12
704	16
705	9
706	14
707	12
708	2
709	5
710	19
711	1
712	15
713	7
714	24
715	17
716	5
717	17
718	9
719	9
720	1
721	8
722	25
723	6
724	16
725	29
726	24
727	12
728	21
729	27
730	24
731	2
732	32
733	1
734	5
735	9
736	12
737	30
738	17
739	34
740	20
741	1
742	39
743	2
744	16
745	1
746	33
747	13
748	1
749	41
750	1
751	5
752	10
753	1
754	7
755	18
756	2
757	19
758	41
759	24
760	3
761	20
762	16
763	28
764	8
765	40
766	4
767	4
768	1
769	14
770	7
771	4
772	35
773	27
774	4
775	2
776	6
777	1
778	8
779	3
780	1
781	41
782	5
783	6
784	40
785	12
786	4
787	1
788	8
789	4
790	14
791	12
792	1
793	29
794	4
795	20
796	13
797	9
798	20
799	40
800	10
801	23
802	1
803	13
804	26
805	12
806	20
807	17
808	18
809	35
810	26
811	13
812	14
813	30
814	41
815	15
816	2
817	40
818	14
819	1
820	1
821	16
822	38
823	28
824	5
825	1
826	24
827	23
828	3
829	33
830	14
831	1
832	10
833	28
834	1
835	1
836	28
837	8
838	2
839	11
840	34
841	37
842	34
843	1
844	1
845	8
846	1
847	40
848	39
849	32
850	1
851	1
852	5
853	21
854	21
855	8
856	2
857	31
858	37
859	18
860	1
861	16
862	6
863	4
864	27
865	1
866	7
867	22
868	9
869	19
870	5
871	2
872	1
873	20
874	4
875	13
876	1
877	1
878	39
879	3
880	3
881	14
882	1
883	16
884	15
885	30
886	5
887	6
888	1
889	6
890	18
891	1
892	8
893	4
894	9
895	12
896	4
897	6
898	39
899	5
900	4
901	2
902	38
903	4
904	1
905	1
906	1
907	4
908	1
909	5
910	19
911	26
912	30
913	1
914	6
915	3
916	8
917	1
918	16
919	3
920	1
921	16
922	18
923	31
924	1
925	24
926	1
927	15
928	1
929	3
930	19
931	1
932	7
933	17
934	1
935	1
936	24
937	36
938	29
939	37
940	32
941	1
942	20
943	11
944	37
945	1
946	10
947	11
948	39
949	23
950	37
951	6
952	1
953	1
954	4
955	7
956	2
957	9
958	3
959	1
960	1
961	9
962	1
963	5
964	2
965	5
966	6
967	40
968	22
969	2
970	9
971	10
972	14
973	39
974	4
975	1
976	28
977	25
978	22
979	1
980	33
981	7
982	1
983	41
984	22
985	26
986	4
987	3
988	32
989	6
990	29
991	6
992	32
993	15
994	13
995	13
996	2
997	18
998	7
999	15
1000	1
