1	1
2	2
3	2
4	2
5	1
6	1
7	2
8	1
9	2
10	1
11	1
12	2
13	3
14	4
15	2
16	1
17	1
18	1
19	3
20	3
21	1
22	2
23	3
24	2
25	1
26	3
27	1
28	2
29	4
30	1
31	7
32	2
33	4
34	5
35	1
36	3
37	2
38	3
39	3
40	2
41	1
42	1
43	1
44	2
45	7
46	5
47	2
48	5
49	1
50	3
51	8
52	3
53	8
54	6
55	3
56	1
57	6
58	2
59	7
60	3
61	4
62	6
63	1
64	4
65	4
66	2
67	1
68	8
69	11
70	6
71	8
72	13
73	3
74	2
75	8
76	4
77	5
78	1
79	2
80	6
81	13
82	16
83	3
84	1
85	4
86	5
87	4
88	3
89	18
90	5
91	6
92	2
93	3
94	5
95	4
96	1
97	2
98	17
99	1
100	4
101	2
102	2
103	13
104	1
105	16
106	14
107	2
108	1
109	2
110	19
111	26
112	15
113	11
114	22
115	18
116	2
117	5
118	1
119	19
120	14
121	4
122	17
123	1
124	27
125	3
126	1
127	21
128	1
129	7
130	1
131	8
132	1
133	29
134	6
135	19
136	12
137	1
138	22
139	9
140	9
141	20
142	29
143	7
144	12
145	9
146	17
147	9
148	25
149	25
150	18
151	7
152	29
153	32
154	24
155	21
156	1
157	4
158	5
159	9
160	1
161	17
162	21
163	35
164	3
165	5
166	2
167	28
168	38
169	4
170	1
171	27
172	21
173	23
174	11
175	8
176	1
177	48
178	11
179	4
180	15
181	1
182	16
183	21
184	13
185	46
186	5
187	30
188	9
189	15
190	9
191	20
192	15
193	10
194	12
195	29
196	2
197	19
198	6
199	31
200	7
201	32
202	40
203	14
204	7
205	1
206	31
207	5
208	1
209	10
210	22
211	1
212	26
213	3
214	39
215	11
216	2
217	6
218	49
219	48
220	30
221	34
222	16
223	1
224	3
225	22
226	23
227	2
228	1
229	16
230	26
231	19
232	9
233	4
234	41
235	1
236	20
237	35
238	16
239	42
240	14
241	5
242	38
243	46
244	17
245	47
246	25
247	28
248	37
249	26
250	15
251	13
252	9
253	41
254	21
255	14
256	32
257	10
258	2
259	2
260	42
261	2
262	3
263	7
264	4
265	14
266	2
267	1
268	2
269	43
270	9
271	17
272	40
273	22
274	38
275	5
276	1
277	1
278	28
279	8
280	36
281	1
282	36
283	2
284	1
285	37
286	1
287	1
288	17
289	18
290	16
291	28
292	3
293	39
294	47
295	34
296	1
297	2
298	3
299	32
300	1
301	45
302	44
303	25
304	33
305	36
306	32
307	2
308	30
309	10
310	49
311	2
312	27
313	10
314	11
315	8
316	12
317	4
318	37
319	9
320	8
321	2
322	3
323	22
324	17
325	20
326	2
327	13
328	20
329	15
330	3
331	1
332	24
333	30
334	1
335	3
336	46
337	26
338	24
339	15
340	19
341	33
342	10
343	1
344	27
345	18
346	14
347	2
348	21
349	28
350	3
351	24
352	24
353	23
354	25
355	22
356	31
357	3
358	35
359	3
360	43
361	2
362	13
363	37
364	8
365	15
366	43
367	28
368	44
369	1
370	7
371	40
372	45
373	26
374	15
375	26
376	31
377	3
378	7
379	41
380	12
381	42
382	1
383	28
384	10
385	27
386	9
387	9
388	1
389	4
390	2
391	10
392	3
393	4
394	3
395	40
396	3
397	15
398	11
399	26
400	23
401	34
402	27
403	2
404	2
405	22
406	2
407	10
408	21
409	14
410	18
411	1
412	5
413	11
414	6
415	7
416	19
417	35
418	22
419	44
420	2
421	6
422	43
423	9
424	33
425	29
426	2
427	31
428	4
429	34
430	1
431	1
432	32
433	32
434	36
435	6
436	7
437	41
438	3
439	3
440	10
441	1
442	2
443	2
444	7
445	45
446	18
447	6
448	9
449	9
450	40
451	2
452	2
453	15
454	33
455	31
456	16
457	11
458	3
459	41
460	16
461	23
462	38
463	49
464	47
465	1
466	10
467	21
468	2
469	2
470	8
471	39
472	2
473	41
474	10
475	1
476	7
477	11
478	9
479	28
480	27
481	12
482	3
483	6
484	20
485	37
486	6
487	42
488	10
489	20
490	2
491	45
492	2
493	11
494	7
495	12
496	5
497	1
498	26
499	6
500	11
501	1
502	38
503	3
504	11
505	5
506	21
507	2
508	10
509	30
510	49
511	1
512	19
513	3
514	7
515	12
516	1
517	49
518	1
519	30
520	2
521	34
522	1
523	40
524	5
525	8
526	18
527	16
528	1
529	1
530	22
531	48
532	1
533	1
534	20
535	2
536	39
537	47
538	48
539	1
540	34
541	17
542	31
543	11
544	3
545	3
546	9
547	26
548	13
549	2
550	23
551	1
552	32
553	18
554	48
555	6
556	1
557	2
558	41
559	1
560	42
561	31
562	16
563	38
564	8
565	15
566	3
567	1
568	16
569	48
570	3
571	2
572	3
573	5
574	6
575	3
576	2
577	2
578	8
579	37
580	1
581	36
582	2
583	8
584	11
585	23
586	13
587	47
588	13
589	1
590	3
591	5
592	4
593	15
594	20
595	6
596	29
597	44
598	42
599	29
600	38
601	16
602	6
603	30
604	37
605	20
606	19
607	18
608	5
609	7
610	6
611	36
612	7
613	2
614	2
615	1
616	4
617	12
618	7
619	4
620	2
621	9
622	32
623	45
624	2
625	26
626	1
627	37
628	39
629	25
630	1
631	14
632	1
633	12
634	44
635	13
636	43
637	34
638	25
639	36
640	16
641	39
642	10
643	46
644	1
645	8
646	38
647	5
648	1
649	4
650	8
651	1
652	1
653	30
654	6
655	39
656	22
657	5
658	5
659	4
660	4
661	25
662	4
663	49
664	7
665	10
666	39
667	2
668	45
669	7
670	25
671	25
672	45
673	18
674	10
675	31
676	44
677	12
678	22
679	27
680	48
681	28
682	49
683	6
684	38
685	30
686	28
687	17
688	31
689	3
690	2
691	4
692	2
693	7
694	6
695	5
696	3
697	27
698	29
699	48
700	1
701	43
702	23
703	46
704	8
705	33
706	1
707	33
708	44
709	4
710	29
711	3
712	40
713	23
714	3
715	17
716	13
717	38
718	12
719	1
720	2
721	47
722	1
723	20
724	19
725	2
726	3
727	8
728	45
729	12
730	25
731	2
732	4
733	9
734	9
735	3
736	7
737	10
738	24
739	2
740	12
741	19
742	9
743	8
744	1
745	23
746	6
747	18
748	43
749	1
750	1
751	13
752	12
753	42
754	15
755	7
756	1
757	14
758	16
759	1
760	12
761	37
762	24
763	3
764	45
765	47
766	21
767	1
768	7
769	1
770	1
771	4
772	23
773	32
774	13
775	5
776	10
777	24
778	18
779	6
780	1
781	33
782	14
783	1
784	19
785	24
786	12
787	4
788	40
789	15
790	3
791	1
792	4
793	33
794	11
795	3
796	23
797	4
798	4
799	44
800	14
801	35
802	27
803	11
804	8
805	36
806	1
807	41
808	12
809	35
810	34
811	33
812	20
813	14
814	34
815	30
816	3
817	2
818	6
819	4
820	6
821	30
822	35
823	21
824	13
825	13
826	32
827	1
828	10
829	17
830	22
831	6
832	1
833	36
834	28
835	16
836	11
837	7
838	47
839	11
840	1
841	8
842	41
843	23
844	39
845	14
846	24
847	31
848	8
849	1
850	1
851	19
852	10
853	14
854	4
855	41
856	37
857	1
858	46
859	14
860	22
861	13
862	26
863	20
864	20
865	14
866	39
867	6
868	9
869	5
870	1
871	10
872	29
873	42
874	13
875	1
876	11
877	7
878	11
879	25
880	3
881	45
882	35
883	27
884	26
885	3
886	27
887	36
888	43
889	17
890	43
891	17
892	21
893	24
894	4
895	3
896	48
897	25
898	49
899	46
900	17
901	40
902	12
903	46
904	33
905	44
906	10
907	1
908	12
909	19
910	13
911	5
912	12
913	30
914	14
915	1
916	35
917	20
918	14
919	1
920	35
921	18
922	21
923	34
924	49
925	12
926	11
927	29
928	5
929	18
930	2
931	4
932	1
933	7
934	1
935	24
936	33
937	2
938	47
939	3
940	2
941	42
942	40
943	27
944	2
945	32
946	3
947	37
948	2
949	19
950	2
951	46
952	38
953	42
954	1
955	28
956	1
957	1
958	4
959	15
960	1
961	31
962	2
963	1
964	4
965	1
966	23
967	5
968	27
969	15
970	2
971	13
972	17
973	24
974	28
975	46
976	1
977	18
978	1
979	29
980	26
981	7
982	16
983	24
984	3
985	20
986	2
987	49
988	5
989	25
990	48
991	47
992	29
993	2
994	35
995	19
996	44
997	39
998	43
999	36
1000	34
