1	1
2	2
3	2
4	1
5	1
6	1
7	1
8	2
9	2
10	4
11	2
12	5
13	1
14	5
15	1
16	5
17	5
18	6
19	1
20	1
21	1
22	5
23	5
24	6
25	1
26	7
27	7
28	2
29	4
30	7
31	1
32	3
33	5
34	7
35	7
36	7
37	3
38	1
39	4
40	4
41	6
42	2
43	7
44	5
45	2
46	6
47	2
48	5
49	6
50	9
51	13
52	12
53	4
54	2
55	15
56	8
57	2
58	2
59	6
60	4
61	6
62	1
63	17
64	5
65	7
66	3
67	20
68	7
69	7
70	11
71	8
72	13
73	19
74	4
75	15
76	14
77	16
78	9
79	12
80	3
81	13
82	8
83	11
84	25
85	22
86	17
87	13
88	11
89	10
90	1
91	2
92	4
93	23
94	23
95	28
96	3
97	4
98	6
99	23
100	4
101	2
102	22
103	21
104	6
105	18
106	8
107	25
108	11
109	19
110	4
111	5
112	17
113	1
114	34
115	18
116	9
117	31
118	29
119	32
120	20
121	20
122	33
123	7
124	40
125	7
126	5
127	7
128	25
129	32
130	19
131	2
132	3
133	1
134	35
135	33
136	14
137	36
138	32
139	2
140	19
141	3
142	10
143	5
144	45
145	34
146	3
147	40
148	10
149	16
150	16
151	22
152	1
153	16
154	9
155	37
156	9
157	45
158	42
159	36
160	10
161	31
162	4
163	3
164	4
165	25
166	31
167	8
168	5
169	6
170	41
171	29
172	3
173	9
174	47
175	1
176	13
177	12
178	31
179	10
180	16
181	46
182	27
183	3
184	6
185	22
186	34
187	25
188	37
189	30
190	38
191	2
192	3
193	6
194	15
195	6
196	1
197	15
198	4
199	3
200	21
201	6
202	3
203	10
204	17
205	31
206	6
207	28
208	8
209	12
210	48
211	8
212	6
213	36
214	8
215	46
216	18
217	48
218	20
219	16
220	16
221	2
222	1
223	45
224	9
225	38
226	11
227	10
228	15
229	2
230	27
231	7
232	7
233	27
234	22
235	17
236	8
237	6
238	46
239	43
240	44
241	6
242	2
243	5
244	33
245	26
246	21
247	1
248	39
249	31
250	1
251	21
252	3
253	20
254	6
255	1
256	3
257	27
258	39
259	19
260	11
261	17
262	12
263	8
264	45
265	45
266	27
267	47
268	9
269	30
270	42
271	3
272	4
273	17
274	2
275	47
276	40
277	5
278	23
279	6
280	4
281	2
282	3
283	9
284	18
285	49
286	41
287	9
288	15
289	8
290	9
291	13
292	37
293	20
294	19
295	29
296	37
297	1
298	39
299	7
300	27
301	17
302	30
303	29
304	3
305	8
306	30
307	29
308	2
309	15
310	38
311	5
312	50
313	42
314	11
315	6
316	17
317	24
318	28
319	17
320	48
321	29
322	2
323	4
324	7
325	10
326	39
327	7
328	5
329	3
330	28
331	44
332	1
333	15
334	34
335	7
336	1
337	5
338	30
339	2
340	32
341	49
342	29
343	25
344	1
345	17
346	16
347	23
348	2
349	44
350	2
351	4
352	5
353	5
354	24
355	11
356	7
357	6
358	1
359	13
360	6
361	23
362	22
363	32
364	33
365	1
366	2
367	3
368	3
369	42
370	1
371	33
372	4
373	21
374	33
375	24
376	19
377	37
378	32
379	38
380	1
381	32
382	2
383	4
384	20
385	4
386	44
387	22
388	1
389	31
390	9
391	1
392	30
393	24
394	50
395	21
396	24
397	39
398	39
399	30
400	38
401	11
402	1
403	7
404	3
405	27
406	1
407	19
408	4
409	4
410	31
411	13
412	7
413	1
414	14
415	28
416	27
417	23
418	33
419	8
420	1
421	29
422	50
423	10
424	12
425	1
426	5
427	2
428	3
429	26
430	26
431	15
432	36
433	6
434	26
435	2
436	8
437	22
438	7
439	21
440	31
441	1
442	3
443	3
444	5
445	28
446	34
447	4
448	11
449	5
450	15
451	50
452	21
453	6
454	50
455	32
456	42
457	8
458	1
459	37
460	40
461	12
462	45
463	24
464	15
465	7
466	42
467	18
468	5
469	2
470	48
471	20
472	13
473	1
474	34
475	29
476	30
477	7
478	19
479	4
480	8
481	23
482	4
483	23
484	8
485	3
486	1
487	6
488	39
489	22
490	17
491	24
492	30
493	1
494	14
495	27
496	9
497	10
498	11
499	37
500	25
501	36
502	44
503	17
504	43
505	9
506	18
507	10
508	18
509	36
510	7
511	1
512	4
513	26
514	3
515	2
516	27
517	16
518	19
519	18
520	6
521	1
522	2
523	3
524	18
525	20
526	15
527	32
528	6
529	1
530	5
531	7
532	3
533	31
534	21
535	8
536	21
537	3
538	1
539	5
540	4
541	1
542	20
543	47
544	45
545	2
546	3
547	2
548	16
549	40
550	6
551	38
552	6
553	14
554	12
555	48
556	23
557	43
558	35
559	11
560	48
561	39
562	5
563	19
564	5
565	10
566	26
567	21
568	4
569	7
570	2
571	12
572	31
573	16
574	3
575	6
576	43
577	12
578	19
579	2
580	50
581	32
582	45
583	14
584	17
585	28
586	40
587	13
588	1
589	7
590	15
591	26
592	34
593	2
594	12
595	9
596	14
597	2
598	42
599	26
600	21
601	43
602	42
603	35
604	25
605	1
606	8
607	6
608	36
609	24
610	18
611	25
612	24
613	38
614	21
615	20
616	4
617	47
618	49
619	20
620	14
621	16
622	15
623	47
624	41
625	2
626	41
627	41
628	19
629	2
630	17
631	5
632	6
633	18
634	21
635	46
636	50
637	5
638	24
639	10
640	44
641	36
642	14
643	18
644	18
645	19
646	6
647	2
648	2
649	4
650	29
651	34
652	16
653	19
654	8
655	4
656	2
657	39
658	9
659	7
660	11
661	5
662	47
663	12
664	3
665	18
666	13
667	1
668	26
669	28
670	18
671	30
672	14
673	9
674	1
675	29
676	35
677	35
678	1
679	2
680	38
681	41
682	17
683	43
684	12
685	16
686	23
687	22
688	38
689	1
690	41
691	4
692	45
693	29
694	2
695	40
696	1
697	1
698	14
699	5
700	18
701	47
702	37
703	32
704	44
705	18
706	8
707	16
708	37
709	50
710	1
711	24
712	46
713	19
714	4
715	13
716	15
717	19
718	1
719	10
720	40
721	1
722	37
723	43
724	24
725	22
726	33
727	13
728	36
729	1
730	2
731	12
732	20
733	24
734	10
735	35
736	10
737	40
738	35
739	1
740	14
741	22
742	17
743	3
744	20
745	49
746	20
747	40
748	31
749	13
750	46
751	6
752	2
753	32
754	25
755	39
756	38
757	11
758	50
759	24
760	8
761	41
762	15
763	26
764	6
765	6
766	33
767	11
768	4
769	30
770	2
771	9
772	49
773	1
774	9
775	33
776	2
777	15
778	30
779	21
780	49
781	42
782	4
783	35
784	44
785	3
786	26
787	26
788	17
789	11
790	3
791	10
792	11
793	2
794	10
795	1
796	36
797	3
798	5
799	40
800	35
801	2
802	9
803	15
804	25
805	35
806	12
807	2
808	28
809	31
810	2
811	1
812	23
813	5
814	19
815	16
816	13
817	43
818	44
819	28
820	20
821	4
822	29
823	23
824	31
825	2
826	40
827	34
828	23
829	36
830	27
831	34
832	3
833	4
834	33
835	2
836	48
837	4
838	49
839	2
840	29
841	8
842	3
843	5
844	16
845	35
846	46
847	38
848	14
849	3
850	14
851	2
852	3
853	2
854	48
855	21
856	5
857	32
858	9
859	34
860	16
861	23
862	28
863	44
864	8
865	22
866	25
867	1
868	4
869	3
870	11
871	14
872	2
873	18
874	2
875	14
876	30
877	5
878	47
879	46
880	28
881	17
882	22
883	2
884	16
885	2
886	24
887	12
888	8
889	36
890	13
891	48
892	23
893	45
894	41
895	2
896	5
897	4
898	9
899	46
900	27
901	10
902	9
903	5
904	50
905	6
906	5
907	8
908	33
909	38
910	2
911	13
912	12
913	12
914	13
915	42
916	9
917	1
918	10
919	8
920	13
921	5
922	1
923	35
924	49
925	20
926	22
927	14
928	18
929	12
930	28
931	43
932	26
933	41
934	44
935	2
936	41
937	1
938	35
939	24
940	49
941	25
942	4
943	39
944	28
945	9
946	22
947	4
948	34
949	10
950	8
951	37
952	11
953	34
954	3
955	46
956	48
957	26
958	4
959	14
960	39
961	14
962	1
963	4
964	25
965	3
966	21
967	2
968	12
969	1
970	27
971	1
972	7
973	11
974	42
975	15
976	2
977	30
978	45
979	5
980	33
981	25
982	43
983	41
984	27
985	13
986	46
987	49
988	47
989	4
990	10
991	37
992	26
993	3
994	1
995	5
996	43
997	3
998	6
999	2
1000	5
