1	1
2	1
3	1
4	1
5	2
6	1
7	2
8	2
9	1
10	1
11	1
12	1
13	1
14	1
15	1
16	1
17	1
18	1
19	2
20	1
21	3
22	1
23	1
24	1
25	1
26	1
27	1
28	2
29	1
30	4
31	7
32	1
33	1
34	4
35	1
36	2
37	2
38	1
39	3
40	6
41	1
42	1
43	1
44	1
45	1
46	1
47	2
48	9
49	12
50	10
51	1
52	1
53	5
54	15
55	1
56	1
57	5
58	1
59	1
60	17
61	2
62	1
63	1
64	5
65	1
66	1
67	1
68	1
69	7
70	6
71	6
72	18
73	1
74	18
75	6
76	5
77	2
78	7
79	2
80	4
81	6
82	19
83	1
84	2
85	11
86	4
87	16
88	2
89	1
90	1
91	1
92	2
93	1
94	15
95	9
96	19
97	11
98	6
99	5
100	2
101	1
102	2
103	7
104	1
105	1
106	5
107	21
108	13
109	14
110	2
111	9
112	26
113	24
114	11
115	4
116	5
117	1
118	14
119	31
120	15
121	10
122	1
123	2
124	32
125	3
126	14
127	8
128	3
129	7
130	2
131	9
132	26
133	10
134	1
135	3
136	14
137	5
138	16
139	13
140	4
141	43
142	2
143	1
144	28
145	13
146	2
147	20
148	1
149	6
150	37
151	13
152	9
153	2
154	1
155	16
156	1
157	8
158	6
159	1
160	32
161	1
162	15
163	2
164	7
165	17
166	2
167	43
168	17
169	7
170	36
171	29
172	8
173	16
174	6
175	42
176	38
177	2
178	34
179	5
180	33
181	12
182	39
183	31
184	22
185	1
186	33
187	1
188	39
189	7
190	7
191	1
192	2
193	5
194	10
195	11
196	9
197	4
198	29
199	29
200	1
201	11
202	19
203	33
204	5
205	1
206	23
207	40
208	12
209	7
210	19
211	13
212	5
213	7
214	1
215	4
216	2
217	4
218	35
219	1
220	11
221	1
222	3
223	27
224	9
225	43
226	4
227	18
228	27
229	1
230	1
231	6
232	35
233	2
234	20
235	8
236	20
237	1
238	2
239	39
240	42
241	1
242	1
243	28
244	2
245	1
246	35
247	1
248	17
249	22
250	21
251	9
252	27
253	1
254	19
255	43
256	2
257	33
258	9
259	25
260	23
261	1
262	3
263	1
264	25
265	12
266	2
267	9
268	8
269	38
270	2
271	1
272	23
273	6
274	4
275	35
276	28
277	16
278	1
279	12
280	10
281	40
282	10
283	1
284	21
285	6
286	34
287	29
288	1
289	1
290	1
291	28
292	42
293	38
294	4
295	1
296	30
297	1
298	28
299	22
300	8
301	31
302	34
303	32
304	2
305	1
306	3
307	1
308	8
309	16
310	10
311	36
312	1
313	18
314	38
315	1
316	14
317	9
318	25
319	30
320	4
321	20
322	1
323	21
324	8
325	21
326	23
327	16
328	2
329	14
330	10
331	1
332	26
333	20
334	17
335	14
336	1
337	3
338	6
339	5
340	2
341	1
342	7
343	2
344	15
345	2
346	27
347	37
348	2
349	22
350	1
351	2
352	7
353	1
354	1
355	6
356	1
357	30
358	24
359	1
360	32
361	34
362	20
363	2
364	15
365	2
366	1
367	1
368	7
369	7
370	2
371	14
372	3
373	12
374	3
375	38
376	3
377	36
378	5
379	37
380	3
381	26
382	12
383	1
384	7
385	34
386	4
387	1
388	6
389	2
390	37
391	34
392	20
393	2
394	13
395	6
396	4
397	7
398	34
399	33
400	10
401	2
402	32
403	15
404	37
405	2
406	24
407	18
408	38
409	8
410	34
411	40
412	13
413	16
414	1
415	7
416	16
417	2
418	10
419	4
420	21
421	36
422	34
423	1
424	22
425	21
426	3
427	33
428	9
429	2
430	1
431	3
432	3
433	6
434	7
435	20
436	1
437	16
438	3
439	9
440	1
441	15
442	1
443	3
444	1
445	3
446	33
447	2
448	6
449	41
450	41
451	8
452	1
453	1
454	1
455	17
456	1
457	1
458	14
459	9
460	11
461	5
462	15
463	17
464	1
465	18
466	1
467	40
468	37
469	30
470	8
471	21
472	2
473	28
474	11
475	5
476	1
477	7
478	1
479	27
480	27
481	1
482	1
483	39
484	31
485	31
486	7
487	25
488	1
489	29
490	9
491	1
492	16
493	6
494	31
495	5
496	40
497	23
498	31
499	11
500	1
501	4
502	43
503	33
504	2
505	10
506	24
507	8
508	28
509	13
510	2
511	15
512	26
513	2
514	29
515	9
516	1
517	6
518	2
519	17
520	11
521	20
522	26
523	26
524	18
525	6
526	39
527	6
528	33
529	1
530	18
531	2
532	19
533	7
534	30
535	39
536	1
537	20
538	41
539	21
540	4
541	14
542	3
543	23
544	1
545	11
546	20
547	8
548	1
549	14
550	36
551	1
552	37
553	3
554	1
555	7
556	3
557	35
558	2
559	9
560	13
561	43
562	2
563	29
564	15
565	22
566	1
567	25
568	13
569	32
570	1
571	27
572	19
573	16
574	5
575	23
576	19
577	11
578	1
579	41
580	37
581	23
582	1
583	6
584	2
585	21
586	8
587	3
588	1
589	29
590	1
591	1
592	24
593	30
594	2
595	31
596	7
597	38
598	20
599	4
600	3
601	2
602	9
603	1
604	7
605	30
606	12
607	8
608	1
609	31
610	13
611	34
612	20
613	10
614	19
615	2
616	1
617	21
618	6
619	17
620	2
621	1
622	1
623	1
624	2
625	2
626	35
627	42
628	18
629	8
630	23
631	22
632	1
633	2
634	1
635	40
636	1
637	2
638	1
639	1
640	25
641	3
642	2
643	20
644	18
645	18
646	37
647	2
648	3
649	28
650	7
651	7
652	1
653	2
654	3
655	1
656	20
657	23
658	28
659	14
660	1
661	1
662	2
663	16
664	14
665	2
666	3
667	1
668	36
669	25
670	13
671	1
672	10
673	42
674	6
675	24
676	40
677	35
678	12
679	16
680	2
681	1
682	38
683	5
684	25
685	27
686	8
687	11
688	23
689	5
690	36
691	13
692	15
693	2
694	14
695	3
696	42
697	2
698	10
699	1
700	3
701	1
702	1
703	3
704	28
705	1
706	12
707	25
708	3
709	11
710	4
711	12
712	17
713	1
714	12
715	39
716	17
717	25
718	13
719	2
720	6
721	25
722	41
723	2
724	2
725	14
726	2
727	2
728	4
729	26
730	1
731	1
732	4
733	12
734	1
735	1
736	1
737	2
738	11
739	22
740	26
741	1
742	33
743	43
744	21
745	1
746	14
747	1
748	23
749	29
750	15
751	19
752	36
753	37
754	1
755	9
756	22
757	10
758	1
759	41
760	1
761	13
762	8
763	12
764	1
765	2
766	1
767	27
768	1
769	24
770	1
771	6
772	2
773	11
774	43
775	24
776	4
777	15
778	3
779	1
780	29
781	3
782	8
783	2
784	14
785	1
786	12
787	5
788	41
789	3
790	1
791	1
792	39
793	19
794	17
795	4
796	32
797	35
798	1
799	1
800	11
801	9
802	1
803	8
804	5
805	24
806	1
807	3
808	1
809	1
810	27
811	2
812	2
813	2
814	12
815	43
816	10
817	8
818	42
819	2
820	3
821	1
822	4
823	5
824	1
825	1
826	18
827	3
828	13
829	10
830	40
831	5
832	18
833	4
834	26
835	21
836	15
837	2
838	42
839	17
840	30
841	41
842	16
843	35
844	5
845	8
846	19
847	2
848	30
849	40
850	11
851	2
852	1
853	1
854	22
855	35
856	1
857	22
858	38
859	3
860	41
861	26
862	21
863	30
864	1
865	23
866	15
867	9
868	6
869	19
870	7
871	18
872	16
873	39
874	11
875	28
876	18
877	12
878	4
879	31
880	13
881	7
882	1
883	32
884	28
885	2
886	10
887	1
888	1
889	32
890	6
891	15
892	1
893	36
894	36
895	40
896	4
897	1
898	1
899	1
900	10
901	1
902	5
903	1
904	38
905	17
906	30
907	1
908	2
909	1
910	34
911	9
912	12
913	22
914	3
915	15
916	17
917	16
918	19
919	13
920	12
921	2
922	2
923	1
924	2
925	2
926	2
927	22
928	29
929	1
930	24
931	1
932	42
933	4
934	10
935	25
936	32
937	1
938	1
939	24
940	43
941	24
942	1
943	5
944	39
945	2
946	1
947	8
948	2
949	1
950	1
951	11
952	5
953	1
954	18
955	19
956	32
957	1
958	5
959	33
960	36
961	3
962	1
963	42
964	1
965	3
966	2
967	1
968	1
969	1
970	1
971	13
972	1
973	9
974	5
975	29
976	27
977	26
978	2
979	3
980	21
981	27
982	1
983	31
984	12
985	22
986	14
987	35
988	1
989	41
990	30
991	17
992	1
993	4
994	2
995	2
996	4
997	3
998	1
999	17
1000	1
