1	1
2	1
3	1
4	1
5	1
6	1
7	3
8	2
9	1
10	4
11	4
12	3
13	1
14	1
15	2
16	1
17	2
18	1
19	5
20	1
21	1
22	4
23	4
24	3
25	4
26	9
27	1
28	2
29	1
30	5
31	1
32	2
33	7
34	5
35	2
36	7
37	1
38	6
39	5
40	2
41	10
42	12
43	13
44	8
45	1
46	4
47	1
48	6
49	9
50	1
51	1
52	1
53	4
54	6
55	4
56	2
57	5
58	4
59	21
60	7
61	2
62	8
63	15
64	7
65	2
66	1
67	14
68	4
69	1
70	21
71	4
72	7
73	13
74	1
75	5
76	12
77	1
78	13
79	8
80	3
81	20
82	15
83	1
84	9
85	19
86	6
87	2
88	2
89	1
90	11
91	11
92	2
93	24
94	13
95	4
96	1
97	10
98	8
99	2
100	17
101	9
102	9
103	3
104	6
105	27
106	22
107	6
108	10
109	10
110	4
111	3
112	1
113	16
114	1
115	1
116	3
117	37
118	4
119	8
120	1
121	37
122	1
123	4
124	9
125	1
126	35
127	12
128	6
129	11
130	3
131	29
132	35
133	2
134	20
135	19
136	8
137	1
138	1
139	10
140	13
141	29
142	25
143	4
144	20
145	23
146	1
147	3
148	35
149	6
150	7
151	4
152	5
153	8
154	27
155	3
156	41
157	18
158	3
159	17
160	17
161	14
162	7
163	3
164	5
165	19
166	2
167	11
168	16
169	3
170	12
171	23
172	33
173	33
174	40
175	1
176	34
177	13
178	9
179	18
180	8
181	2
182	23
183	9
184	20
185	4
186	36
187	3
188	25
189	4
190	2
191	9
192	15
193	2
194	1
195	9
196	1
197	14
198	36
199	14
200	34
201	8
202	25
203	1
204	1
205	15
206	39
207	8
208	28
209	12
210	34
211	38
212	37
213	22
214	4
215	36
216	11
217	40
218	40
219	17
220	16
221	30
222	30
223	30
224	6
225	6
226	1
227	15
228	42
229	26
230	1
231	6
232	8
233	7
234	41
235	4
236	9
237	2
238	1
239	1
240	8
241	5
242	9
243	1
244	4
245	2
246	13
247	6
248	9
249	26
250	3
251	13
252	25
253	9
254	14
255	15
256	4
257	14
258	6
259	5
260	43
261	19
262	43
263	16
264	2
265	3
266	5
267	13
268	35
269	28
270	10
271	5
272	38
273	23
274	25
275	31
276	4
277	7
278	1
279	15
280	15
281	17
282	3
283	21
284	11
285	5
286	1
287	22
288	19
289	24
290	39
291	10
292	1
293	19
294	7
295	3
296	3
297	19
298	38
299	14
300	16
301	1
302	1
303	13
304	1
305	21
306	2
307	17
308	5
309	43
310	22
311	36
312	6
313	17
314	29
315	32
316	28
317	12
318	12
319	5
320	23
321	21
322	2
323	38
324	19
325	17
326	5
327	7
328	40
329	17
330	11
331	2
332	3
333	25
334	2
335	29
336	20
337	1
338	38
339	8
340	12
341	3
342	12
343	20
344	4
345	6
346	12
347	39
348	23
349	14
350	3
351	7
352	8
353	31
354	23
355	39
356	12
357	6
358	1
359	13
360	1
361	7
362	10
363	25
364	4
365	26
366	11
367	26
368	34
369	9
370	16
371	3
372	12
373	32
374	26
375	21
376	24
377	2
378	1
379	16
380	1
381	23
382	2
383	24
384	1
385	2
386	32
387	5
388	8
389	35
390	14
391	22
392	3
393	36
394	15
395	42
396	13
397	31
398	17
399	1
400	24
401	1
402	6
403	31
404	12
405	43
406	22
407	11
408	4
409	16
410	27
411	22
412	19
413	1
414	42
415	6
416	36
417	1
418	21
419	43
420	20
421	13
422	9
423	17
424	1
425	25
426	37
427	7
428	8
429	7
430	34
431	37
432	16
433	6
434	1
435	18
436	14
437	5
438	39
439	19
440	11
441	9
442	25
443	6
444	2
445	6
446	3
447	8
448	3
449	9
450	1
451	15
452	29
453	13
454	18
455	5
456	10
457	4
458	21
459	42
460	30
461	34
462	1
463	21
464	18
465	19
466	40
467	7
468	11
469	5
470	29
471	9
472	10
473	41
474	32
475	1
476	20
477	21
478	10
479	17
480	42
481	1
482	1
483	10
484	3
485	1
486	1
487	33
488	14
489	6
490	10
491	15
492	24
493	12
494	1
495	25
496	1
497	39
498	11
499	21
500	8
501	7
502	12
503	15
504	12
505	2
506	33
507	19
508	9
509	9
510	17
511	13
512	1
513	5
514	11
515	6
516	4
517	7
518	18
519	1
520	33
521	7
522	31
523	35
524	2
525	11
526	1
527	1
528	35
529	13
530	6
531	26
532	35
533	24
534	31
535	22
536	2
537	11
538	5
539	32
540	1
541	2
542	10
543	7
544	1
545	7
546	13
547	1
548	3
549	7
550	5
551	6
552	40
553	19
554	16
555	15
556	41
557	3
558	10
559	35
560	16
561	38
562	37
563	11
564	10
565	4
566	17
567	7
568	3
569	2
570	1
571	6
572	28
573	26
574	20
575	5
576	15
577	24
578	1
579	10
580	15
581	1
582	2
583	2
584	14
585	37
586	32
587	37
588	1
589	9
590	40
591	38
592	26
593	1
594	4
595	2
596	5
597	1
598	6
599	30
600	42
601	14
602	34
603	12
604	33
605	20
606	5
607	2
608	1
609	6
610	30
611	8
612	3
613	29
614	41
615	27
616	3
617	10
618	28
619	36
620	10
621	27
622	1
623	17
624	40
625	4
626	6
627	1
628	23
629	19
630	34
631	14
632	1
633	29
634	2
635	9
636	5
637	5
638	4
639	18
640	1
641	16
642	43
643	11
644	13
645	40
646	1
647	8
648	4
649	36
650	9
651	5
652	21
653	10
654	9
655	41
656	3
657	33
658	4
659	31
660	18
661	12
662	15
663	8
664	6
665	7
666	19
667	2
668	17
669	24
670	24
671	20
672	5
673	29
674	18
675	23
676	8
677	1
678	5
679	4
680	4
681	12
682	35
683	1
684	26
685	27
686	3
687	3
688	4
689	43
690	16
691	43
692	1
693	6
694	30
695	24
696	13
697	8
698	39
699	25
700	1
701	31
702	1
703	33
704	13
705	5
706	26
707	7
708	25
709	20
710	10
711	28
712	7
713	3
714	10
715	1
716	7
717	14
718	20
719	30
720	10
721	13
722	7
723	28
724	23
725	5
726	10
727	42
728	9
729	12
730	3
731	21
732	42
733	33
734	11
735	1
736	18
737	22
738	2
739	8
740	1
741	7
742	26
743	4
744	2
745	19
746	41
747	34
748	3
749	4
750	21
751	27
752	5
753	27
754	3
755	22
756	1
757	5
758	1
759	39
760	10
761	28
762	36
763	28
764	8
765	15
766	3
767	10
768	1
769	13
770	29
771	11
772	24
773	11
774	33
775	16
776	1
777	6
778	2
779	2
780	39
781	2
782	4
783	5
784	2
785	1
786	2
787	2
788	9
789	16
790	11
791	18
792	1
793	22
794	10
795	1
796	1
797	10
798	5
799	1
800	2
801	42
802	1
803	11
804	8
805	1
806	1
807	20
808	7
809	5
810	11
811	8
812	41
813	8
814	43
815	3
816	3
817	33
818	5
819	30
820	18
821	4
822	3
823	4
824	11
825	24
826	18
827	9
828	3
829	3
830	5
831	22
832	1
833	1
834	2
835	14
836	26
837	18
838	14
839	11
840	3
841	5
842	7
843	4
844	31
845	22
846	1
847	1
848	37
849	35
850	1
851	20
852	12
853	23
854	1
855	14
856	25
857	31
858	1
859	3
860	12
861	38
862	15
863	15
864	42
865	21
866	27
867	21
868	22
869	1
870	30
871	9
872	23
873	38
874	30
875	1
876	6
877	8
878	36
879	13
880	30
881	9
882	29
883	23
884	16
885	1
886	22
887	19
888	26
889	32
890	8
891	4
892	7
893	1
894	18
895	9
896	2
897	21
898	41
899	7
900	6
901	17
902	8
903	29
904	1
905	32
906	1
907	16
908	28
909	1
910	10
911	5
912	43
913	19
914	14
915	4
916	2
917	38
918	18
919	2
920	1
921	23
922	3
923	9
924	1
925	14
926	1
927	39
928	3
929	1
930	4
931	1
932	1
933	6
934	3
935	15
936	6
937	7
938	2
939	18
940	7
941	18
942	2
943	12
944	16
945	28
946	8
947	36
948	2
949	3
950	34
951	2
952	34
953	6
954	5
955	6
956	14
957	32
958	22
959	2
960	37
961	4
962	28
963	1
964	1
965	1
966	14
967	23
968	4
969	3
970	6
971	27
972	15
973	2
974	41
975	24
976	2
977	12
978	27
979	6
980	40
981	3
982	4
983	12
984	1
985	2
986	31
987	4
988	6
989	27
990	17
991	1
992	6
993	11
994	32
995	20
996	37
997	32
998	20
999	5
1000	7
