1	3
2	1
3	2
4	2
5	2
6	3
7	4
8	1
9	1
10	1
11	2
12	2
13	2
14	4
15	3
16	3
17	2
18	4
19	2
20	1
21	1
22	4
23	4
24	1
25	2
26	3
27	7
28	1
29	7
30	2
31	6
32	3
33	6
34	3
35	1
36	11
37	9
38	1
39	2
40	11
41	2
42	14
43	8
44	6
45	3
46	3
47	6
48	12
49	4
50	14
51	1
52	11
53	7
54	6
55	4
56	18
57	15
58	10
59	10
60	10
61	6
62	1
63	1
64	7
65	19
66	2
67	15
68	14
69	4
70	10
71	27
72	25
73	4
74	6
75	24
76	18
77	3
78	11
79	3
80	2
81	2
82	1
83	16
84	1
85	12
86	3
87	19
88	7
89	3
90	15
91	27
92	20
93	14
94	2
95	3
96	2
97	1
98	12
99	25
100	23
101	21
102	4
103	2
104	6
105	2
106	23
107	1
108	32
109	3
110	2
111	6
112	22
113	3
114	17
115	9
116	41
117	20
118	1
119	3
120	17
121	3
122	36
123	8
124	28
125	30
126	11
127	18
128	7
129	17
130	20
131	13
132	2
133	30
134	15
135	13
136	17
137	5
138	1
139	19
140	7
141	7
142	6
143	13
144	1
145	12
146	1
147	27
148	3
149	14
150	4
151	34
152	17
153	1
154	6
155	24
156	5
157	30
158	41
159	23
160	7
161	23
162	2
163	24
164	22
165	18
166	32
167	15
168	1
169	29
170	8
171	36
172	2
173	3
174	21
175	17
176	13
177	6
178	3
179	26
180	24
181	7
182	7
183	24
184	28
185	8
186	14
187	5
188	31
189	33
190	4
191	4
192	1
193	30
194	31
195	23
196	5
197	12
198	18
199	26
200	24
201	3
202	19
203	15
204	35
205	32
206	21
207	2
208	3
209	43
210	8
211	2
212	21
213	3
214	41
215	20
216	3
217	2
218	3
219	5
220	12
221	9
222	25
223	31
224	11
225	17
226	38
227	30
228	21
229	26
230	1
231	3
232	9
233	33
234	27
235	15
236	3
237	5
238	7
239	12
240	4
241	4
242	8
243	4
244	4
245	38
246	5
247	2
248	15
249	42
250	39
251	17
252	13
253	5
254	10
255	12
256	1
257	5
258	24
259	41
260	19
261	3
262	4
263	3
264	4
265	15
266	1
267	1
268	6
269	38
270	38
271	1
272	29
273	31
274	5
275	1
276	3
277	3
278	39
279	19
280	34
281	1
282	12
283	34
284	2
285	3
286	31
287	17
288	39
289	14
290	13
291	22
292	3
293	3
294	2
295	1
296	26
297	8
298	9
299	11
300	18
301	4
302	1
303	2
304	25
305	27
306	42
307	1
308	19
309	4
310	1
311	4
312	4
313	26
314	24
315	27
316	9
317	13
318	38
319	18
320	19
321	43
322	3
323	4
324	9
325	2
326	11
327	20
328	26
329	18
330	10
331	10
332	2
333	5
334	12
335	4
336	13
337	4
338	7
339	6
340	13
341	16
342	22
343	21
344	22
345	41
346	38
347	29
348	12
349	23
350	4
351	8
352	27
353	14
354	1
355	37
356	26
357	13
358	1
359	5
360	31
361	1
362	32
363	1
364	38
365	43
366	2
367	41
368	10
369	20
370	24
371	26
372	3
373	1
374	14
375	29
376	16
377	2
378	12
379	34
380	1
381	9
382	32
383	25
384	10
385	15
386	12
387	42
388	11
389	3
390	16
391	4
392	10
393	23
394	10
395	2
396	37
397	1
398	5
399	34
400	37
401	2
402	37
403	11
404	26
405	16
406	2
407	7
408	19
409	3
410	39
411	2
412	34
413	13
414	43
415	6
416	6
417	2
418	1
419	16
420	1
421	36
422	36
423	3
424	18
425	5
426	20
427	41
428	5
429	2
430	31
431	10
432	33
433	5
434	25
435	16
436	10
437	15
438	40
439	4
440	20
441	1
442	22
443	2
444	28
445	39
446	28
447	3
448	3
449	35
450	3
451	18
452	11
453	42
454	15
455	5
456	28
457	6
458	2
459	23
460	21
461	29
462	4
463	1
464	31
465	4
466	5
467	40
468	17
469	22
470	4
471	31
472	11
473	35
474	28
475	3
476	19
477	1
478	3
479	35
480	25
481	1
482	15
483	3
484	11
485	4
486	33
487	1
488	34
489	28
490	1
491	3
492	5
493	11
494	36
495	29
496	32
497	40
498	9
499	32
500	32
501	31
502	3
503	38
504	3
505	8
506	10
507	25
508	6
509	3
510	22
511	21
512	8
513	1
514	27
515	28
516	4
517	4
518	5
519	3
520	37
521	2
522	25
523	30
524	12
525	18
526	3
527	39
528	8
529	40
530	20
531	19
532	28
533	3
534	17
535	27
536	1
537	40
538	5
539	23
540	35
541	22
542	3
543	14
544	4
545	14
546	14
547	27
548	4
549	2
550	1
551	16
552	10
553	2
554	15
555	39
556	15
557	23
558	43
559	29
560	7
561	2
562	1
563	10
564	34
565	2
566	8
567	6
568	1
569	16
570	11
571	9
572	17
573	11
574	3
575	2
576	19
577	33
578	35
579	29
580	28
581	2
582	1
583	4
584	20
585	42
586	7
587	5
588	25
589	30
590	38
591	9
592	21
593	5
594	27
595	39
596	20
597	7
598	7
599	8
600	6
601	43
602	1
603	8
604	30
605	17
606	23
607	22
608	1
609	4
610	2
611	3
612	35
613	24
614	1
615	14
616	42
617	35
618	4
619	23
620	3
621	43
622	3
623	5
624	1
625	42
626	9
627	5
628	27
629	4
630	27
631	2
632	14
633	1
634	3
635	40
636	1
637	4
638	33
639	3
640	13
641	5
642	3
643	1
644	22
645	14
646	28
647	14
648	8
649	19
650	3
651	21
652	10
653	37
654	9
655	11
656	26
657	33
658	35
659	40
660	30
661	4
662	8
663	18
664	10
665	11
666	29
667	23
668	15
669	4
670	33
671	4
672	1
673	7
674	2
675	17
676	16
677	2
678	7
679	30
680	6
681	5
682	6
683	28
684	7
685	26
686	34
687	16
688	5
689	4
690	15
691	9
692	29
693	5
694	18
695	1
696	31
697	18
698	3
699	8
700	18
701	40
702	36
703	3
704	13
705	6
706	38
707	9
708	8
709	2
710	8
711	40
712	7
713	2
714	32
715	11
716	2
717	13
718	32
719	1
720	22
721	6
722	26
723	33
724	43
725	1
726	22
727	3
728	21
729	8
730	3
731	24
732	15
733	6
734	5
735	2
736	25
737	38
738	30
739	2
740	9
741	16
742	9
743	36
744	10
745	37
746	6
747	9
748	10
749	1
750	14
751	3
752	42
753	12
754	16
755	13
756	4
757	13
758	13
759	2
760	22
761	11
762	12
763	5
764	8
765	8
766	23
767	2
768	8
769	1
770	19
771	29
772	22
773	35
774	18
775	27
776	21
777	17
778	37
779	9
780	2
781	2
782	15
783	33
784	5
785	43
786	2
787	4
788	41
789	9
790	2
791	12
792	16
793	1
794	16
795	1
796	3
797	20
798	4
799	13
800	23
801	3
802	2
803	17
804	37
805	19
806	1
807	22
808	19
809	17
810	1
811	9
812	24
813	20
814	5
815	6
816	24
817	14
818	40
819	1
820	36
821	2
822	34
823	1
824	20
825	4
826	19
827	16
828	12
829	43
830	21
831	11
832	7
833	12
834	16
835	7
836	3
837	1
838	2
839	2
840	26
841	6
842	2
843	2
844	10
845	8
846	8
847	1
848	16
849	1
850	13
851	12
852	25
853	2
854	1
855	42
856	2
857	1
858	3
859	13
860	28
861	21
862	8
863	18
864	1
865	4
866	14
867	12
868	2
869	16
870	5
871	1
872	39
873	17
874	28
875	1
876	12
877	20
878	1
879	34
880	39
881	30
882	20
883	3
884	2
885	4
886	25
887	37
888	2
889	9
890	4
891	13
892	6
893	21
894	1
895	11
896	1
897	2
898	18
899	39
900	13
901	41
902	33
903	3
904	4
905	5
906	1
907	7
908	10
909	25
910	3
911	35
912	15
913	7
914	3
915	1
916	2
917	17
918	9
919	42
920	37
921	24
922	9
923	7
924	36
925	3
926	11
927	12
928	1
929	2
930	3
931	8
932	6
933	29
934	24
935	32
936	2
937	9
938	6
939	7
940	6
941	20
942	3
943	21
944	22
945	5
946	3
947	29
948	36
949	32
950	33
951	40
952	4
953	4
954	21
955	1
956	4
957	20
958	1
959	9
960	4
961	2
962	41
963	4
964	14
965	5
966	7
967	3
968	31
969	1
970	2
971	10
972	11
973	1
974	23
975	5
976	13
977	4
978	36
979	14
980	3
981	16
982	2
983	34
984	1
985	10
986	14
987	26
988	2
989	19
990	5
991	30
992	4
993	1
994	6
995	41
996	1
997	35
998	4
999	1
1000	4
