1	1
2	2
3	3
4	3
5	4
6	1
7	3
8	3
9	3
10	1
11	2
12	2
13	2
14	1
15	3
16	3
17	1
18	1
19	2
20	1
21	3
22	3
23	2
24	5
25	3
26	5
27	2
28	5
29	6
30	6
31	3
32	3
33	6
34	5
35	2
36	6
37	2
38	3
39	1
40	11
41	5
42	3
43	9
44	3
45	3
46	1
47	1
48	13
49	2
50	6
51	7
52	1
53	5
54	1
55	5
56	9
57	7
58	7
59	12
60	10
61	10
62	7
63	1
64	4
65	6
66	10
67	2
68	2
69	2
70	14
71	16
72	12
73	1
74	4
75	10
76	13
77	1
78	13
79	18
80	12
81	3
82	5
83	3
84	3
85	1
86	10
87	3
88	15
89	2
90	4
91	5
92	3
93	19
94	11
95	16
96	21
97	4
98	23
99	17
100	24
101	2
102	12
103	3
104	1
105	4
106	10
107	18
108	24
109	14
110	1
111	1
112	9
113	9
114	5
115	11
116	2
117	2
118	4
119	4
120	4
121	22
122	25
123	2
124	19
125	15
126	10
127	15
128	5
129	32
130	1
131	21
132	2
133	22
134	12
135	2
136	9
137	2
138	31
139	17
140	3
141	9
142	18
143	18
144	2
145	1
146	15
147	10
148	6
149	24
150	1
151	32
152	20
153	24
154	2
155	7
156	6
157	2
158	4
159	33
160	21
161	4
162	29
163	31
164	14
165	2
166	20
167	1
168	32
169	4
170	14
171	13
172	2
173	1
174	2
175	13
176	25
177	11
178	37
179	1
180	4
181	15
182	22
183	42
184	34
185	9
186	2
187	16
188	13
189	4
190	32
191	43
192	1
193	39
194	42
195	41
196	32
197	8
198	4
199	6
200	6
201	32
202	20
203	41
204	22
205	20
206	36
207	5
208	27
209	15
210	33
211	39
212	12
213	32
214	36
215	7
216	9
217	11
218	38
219	14
220	14
221	1
222	2
223	7
224	4
225	7
226	9
227	18
228	18
229	5
230	1
231	15
232	10
233	9
234	6
235	19
236	34
237	15
238	35
239	12
240	23
241	37
242	31
243	24
244	24
245	1
246	19
247	30
248	33
249	6
250	2
251	9
252	1
253	1
254	3
255	2
256	16
257	11
258	4
259	1
260	1
261	7
262	8
263	17
264	1
265	30
266	4
267	10
268	35
269	7
270	25
271	1
272	2
273	37
274	2
275	14
276	1
277	5
278	23
279	40
280	5
281	10
282	7
283	15
284	10
285	8
286	2
287	5
288	18
289	19
290	28
291	3
292	16
293	4
294	28
295	8
296	16
297	7
298	20
299	24
300	2
301	5
302	31
303	15
304	1
305	6
306	27
307	1
308	9
309	4
310	15
311	9
312	6
313	25
314	7
315	21
316	22
317	30
318	12
319	26
320	1
321	4
322	29
323	1
324	8
325	9
326	13
327	17
328	5
329	27
330	1
331	3
332	27
333	15
334	27
335	18
336	6
337	2
338	8
339	4
340	13
341	11
342	14
343	37
344	4
345	5
346	16
347	10
348	1
349	8
350	23
351	10
352	32
353	23
354	41
355	3
356	15
357	2
358	13
359	1
360	20
361	18
362	35
363	17
364	23
365	8
366	31
367	2
368	26
369	36
370	2
371	2
372	3
373	7
374	10
375	4
376	26
377	1
378	43
379	19
380	5
381	3
382	29
383	15
384	43
385	33
386	1
387	5
388	6
389	4
390	29
391	6
392	3
393	3
394	23
395	1
396	1
397	23
398	11
399	16
400	11
401	12
402	27
403	3
404	2
405	7
406	14
407	38
408	1
409	4
410	1
411	20
412	4
413	4
414	1
415	3
416	13
417	11
418	10
419	35
420	33
421	7
422	12
423	4
424	1
425	37
426	6
427	6
428	12
429	3
430	12
431	19
432	21
433	30
434	42
435	7
436	42
437	39
438	31
439	29
440	4
441	27
442	36
443	13
444	40
445	17
446	16
447	6
448	4
449	8
450	4
451	3
452	11
453	8
454	3
455	1
456	2
457	8
458	3
459	8
460	2
461	1
462	18
463	3
464	4
465	11
466	20
467	30
468	3
469	2
470	1
471	2
472	28
473	13
474	2
475	5
476	12
477	37
478	8
479	21
480	42
481	4
482	1
483	10
484	14
485	1
486	39
487	3
488	7
489	6
490	19
491	30
492	36
493	6
494	13
495	12
496	16
497	20
498	12
499	5
500	5
501	1
502	23
503	34
504	23
505	14
506	5
507	21
508	19
509	6
510	36
511	21
512	4
513	1
514	11
515	3
516	6
517	20
518	3
519	6
520	2
521	5
522	4
523	35
524	3
525	11
526	8
527	3
528	3
529	2
530	4
531	25
532	42
533	17
534	4
535	11
536	1
537	16
538	5
539	25
540	19
541	2
542	10
543	9
544	29
545	5
546	3
547	43
548	30
549	1
550	33
551	20
552	17
553	26
554	40
555	7
556	2
557	12
558	2
559	33
560	2
561	29
562	28
563	4
564	35
565	16
566	24
567	5
568	3
569	26
570	33
571	10
572	12
573	1
574	8
575	1
576	4
577	1
578	6
579	21
580	17
581	3
582	33
583	4
584	38
585	5
586	5
587	43
588	5
589	7
590	42
591	9
592	1
593	4
594	22
595	26
596	13
597	3
598	3
599	22
600	3
601	5
602	2
603	36
604	21
605	2
606	19
607	1
608	28
609	8
610	39
611	3
612	26
613	37
614	21
615	2
616	23
617	36
618	21
619	8
620	5
621	2
622	28
623	7
624	17
625	4
626	33
627	16
628	2
629	35
630	15
631	35
632	2
633	26
634	43
635	3
636	4
637	25
638	6
639	7
640	7
641	1
642	13
643	9
644	8
645	2
646	18
647	4
648	25
649	25
650	29
651	8
652	27
653	6
654	28
655	3
656	39
657	4
658	25
659	4
660	2
661	25
662	26
663	11
664	1
665	2
666	2
667	34
668	29
669	5
670	10
671	2
672	14
673	23
674	22
675	2
676	39
677	1
678	13
679	3
680	27
681	7
682	3
683	9
684	22
685	10
686	35
687	14
688	2
689	2
690	8
691	32
692	11
693	24
694	36
695	31
696	38
697	39
698	3
699	36
700	2
701	28
702	1
703	4
704	9
705	6
706	43
707	3
708	2
709	3
710	31
711	22
712	27
713	9
714	30
715	34
716	40
717	28
718	38
719	1
720	13
721	23
722	35
723	23
724	14
725	7
726	30
727	1
728	41
729	3
730	41
731	40
732	38
733	20
734	2
735	14
736	23
737	2
738	9
739	18
740	24
741	38
742	17
743	2
744	41
745	20
746	18
747	6
748	8
749	37
750	16
751	1
752	8
753	4
754	12
755	4
756	1
757	33
758	22
759	35
760	7
761	9
762	11
763	12
764	27
765	1
766	38
767	17
768	5
769	7
770	4
771	3
772	4
773	30
774	5
775	1
776	27
777	11
778	21
779	1
780	31
781	28
782	19
783	1
784	31
785	10
786	25
787	10
788	5
789	1
790	2
791	15
792	7
793	2
794	22
795	1
796	18
797	2
798	22
799	8
800	19
801	40
802	11
803	31
804	19
805	4
806	1
807	4
808	8
809	11
810	17
811	14
812	26
813	3
814	24
815	13
816	4
817	11
818	1
819	30
820	34
821	1
822	12
823	43
824	2
825	16
826	6
827	28
828	2
829	24
830	7
831	3
832	34
833	15
834	6
835	5
836	3
837	1
838	14
839	15
840	10
841	14
842	40
843	7
844	4
845	3
846	40
847	34
848	8
849	6
850	3
851	5
852	5
853	42
854	2
855	42
856	1
857	9
858	8
859	17
860	26
861	2
862	2
863	2
864	2
865	40
866	5
867	13
868	14
869	39
870	24
871	30
872	4
873	29
874	2
875	9
876	32
877	2
878	18
879	12
880	2
881	41
882	1
883	10
884	1
885	1
886	15
887	29
888	1
889	4
890	30
891	9
892	2
893	14
894	17
895	11
896	1
897	1
898	4
899	3
900	4
901	17
902	40
903	9
904	19
905	18
906	41
907	8
908	12
909	9
910	38
911	28
912	4
913	25
914	9
915	8
916	2
917	2
918	16
919	6
920	4
921	6
922	28
923	1
924	12
925	37
926	18
927	20
928	16
929	1
930	36
931	2
932	13
933	8
934	1
935	13
936	21
937	8
938	6
939	26
940	11
941	3
942	2
943	1
944	9
945	2
946	26
947	7
948	43
949	13
950	2
951	34
952	4
953	2
954	39
955	38
956	9
957	24
958	2
959	1
960	37
961	16
962	5
963	2
964	14
965	2
966	10
967	2
968	32
969	1
970	17
971	4
972	43
973	32
974	34
975	1
976	4
977	29
978	1
979	29
980	3
981	7
982	19
983	31
984	41
985	4
986	1
987	42
988	22
989	41
990	21
991	6
992	3
993	34
994	1
995	37
996	7
997	22
998	20
999	27
1000	2
