1	1
2	1
3	1
4	1
5	2
6	3
7	1
8	1
9	2
10	1
11	3
12	1
13	2
14	1
15	1
16	4
17	3
18	1
19	1
20	1
21	1
22	1
23	1
24	4
25	2
26	1
27	3
28	2
29	6
30	3
31	7
32	3
33	4
34	8
35	1
36	4
37	8
38	7
39	8
40	5
41	1
42	6
43	1
44	1
45	9
46	1
47	5
48	1
49	1
50	6
51	3
52	5
53	5
54	2
55	5
56	5
57	2
58	5
59	8
60	4
61	1
62	1
63	1
64	1
65	1
66	3
67	1
68	3
69	7
70	1
71	8
72	13
73	1
74	1
75	11
76	1
77	15
78	7
79	10
80	4
81	1
82	14
83	12
84	1
85	1
86	3
87	2
88	2
89	1
90	15
91	1
92	14
93	4
94	3
95	8
96	1
97	3
98	2
99	12
100	10
101	6
102	1
103	3
104	7
105	4
106	5
107	1
108	3
109	11
110	26
111	3
112	1
113	1
114	1
115	8
116	1
117	5
118	1
119	1
120	1
121	1
122	1
123	2
124	1
125	9
126	7
127	5
128	16
129	13
130	5
131	1
132	24
133	1
134	10
135	1
136	5
137	10
138	27
139	7
140	1
141	10
142	25
143	1
144	3
145	3
146	37
147	6
148	16
149	1
150	12
151	11
152	1
153	9
154	5
155	10
156	5
157	6
158	28
159	1
160	33
161	22
162	15
163	2
164	40
165	2
166	3
167	1
168	9
169	3
170	1
171	30
172	1
173	7
174	27
175	6
176	15
177	3
178	1
179	8
180	13
181	7
182	19
183	19
184	28
185	18
186	8
187	13
188	22
189	8
190	1
191	25
192	13
193	2
194	2
195	7
196	9
197	1
198	14
199	33
200	28
201	2
202	1
203	37
204	30
205	4
206	18
207	1
208	37
209	18
210	1
211	37
212	1
213	1
214	33
215	1
216	19
217	18
218	38
219	6
220	4
221	21
222	9
223	39
224	6
225	15
226	21
227	1
228	39
229	17
230	1
231	28
232	9
233	1
234	12
235	36
236	10
237	8
238	17
239	7
240	3
241	33
242	27
243	31
244	34
245	35
246	17
247	1
248	8
249	20
250	4
251	1
252	31
253	1
254	3
255	1
256	3
257	2
258	40
259	37
260	16
261	9
262	17
263	3
264	6
265	2
266	1
267	1
268	34
269	1
270	33
271	39
272	1
273	23
274	38
275	1
276	2
277	6
278	1
279	1
280	2
281	22
282	2
283	23
284	4
285	1
286	15
287	40
288	7
289	25
290	22
291	31
292	29
293	18
294	1
295	19
296	1
297	14
298	6
299	3
300	30
301	22
302	4
303	1
304	1
305	30
306	34
307	4
308	18
309	1
310	40
311	31
312	38
313	13
314	1
315	22
316	1
317	21
318	15
319	1
320	1
321	1
322	5
323	23
324	17
325	4
326	14
327	1
328	1
329	1
330	1
331	1
332	6
333	3
334	23
335	11
336	15
337	26
338	20
339	4
340	20
341	32
342	20
343	11
344	1
345	1
346	7
347	14
348	16
349	1
350	34
351	9
352	5
353	2
354	1
355	1
356	21
357	27
358	24
359	26
360	28
361	2
362	1
363	1
364	1
365	30
366	6
367	28
368	7
369	2
370	1
371	1
372	33
373	3
374	17
375	7
376	6
377	20
378	15
379	3
380	24
381	4
382	1
383	4
384	21
385	19
386	1
387	27
388	23
389	1
390	1
391	1
392	15
393	1
394	1
395	16
396	1
397	6
398	1
399	24
400	9
401	1
402	9
403	1
404	20
405	5
406	2
407	21
408	15
409	2
410	9
411	1
412	3
413	40
414	1
415	20
416	12
417	8
418	23
419	1
420	22
421	25
422	9
423	1
424	2
425	1
426	29
427	5
428	1
429	1
430	16
431	13
432	1
433	1
434	1
435	7
436	1
437	2
438	4
439	16
440	1
441	2
442	21
443	1
444	1
445	20
446	3
447	11
448	19
449	32
450	6
451	7
452	10
453	38
454	1
455	1
456	22
457	36
458	1
459	3
460	17
461	5
462	12
463	5
464	29
465	2
466	33
467	20
468	1
469	5
470	40
471	1
472	12
473	20
474	39
475	37
476	8
477	1
478	2
479	12
480	23
481	34
482	1
483	32
484	3
485	7
486	9
487	9
488	1
489	2
490	1
491	2
492	17
493	21
494	1
495	28
496	2
497	10
498	8
499	1
500	26
501	22
502	4
503	1
504	10
505	16
506	9
507	8
508	1
509	1
510	1
511	1
512	21
513	17
514	14
515	25
516	31
517	5
518	13
519	31
520	1
521	19
522	29
523	18
524	34
525	6
526	1
527	34
528	10
529	4
530	13
531	10
532	1
533	1
534	1
535	9
536	2
537	12
538	6
539	1
540	39
541	35
542	1
543	36
544	2
545	1
546	12
547	4
548	7
549	27
550	8
551	9
552	8
553	1
554	35
555	8
556	5
557	5
558	11
559	2
560	26
561	19
562	4
563	1
564	1
565	22
566	1
567	36
568	39
569	33
570	2
571	36
572	38
573	1
574	1
575	8
576	6
577	22
578	1
579	2
580	1
581	2
582	24
583	7
584	27
585	1
586	9
587	1
588	7
589	2
590	1
591	29
592	5
593	3
594	2
595	22
596	11
597	31
598	1
599	3
600	18
601	13
602	1
603	2
604	1
605	23
606	7
607	30
608	4
609	1
610	1
611	12
612	1
613	25
614	2
615	16
616	38
617	34
618	4
619	7
620	40
621	6
622	15
623	1
624	28
625	23
626	1
627	5
628	23
629	1
630	1
631	1
632	21
633	29
634	5
635	2
636	1
637	14
638	1
639	2
640	3
641	3
642	25
643	3
644	30
645	15
646	3
647	26
648	6
649	26
650	1
651	22
652	1
653	4
654	33
655	36
656	9
657	1
658	4
659	37
660	9
661	4
662	16
663	1
664	14
665	4
666	36
667	11
668	36
669	34
670	24
671	1
672	1
673	5
674	38
675	10
676	14
677	1
678	26
679	3
680	8
681	1
682	4
683	8
684	2
685	7
686	13
687	1
688	1
689	3
690	17
691	2
692	27
693	1
694	3
695	1
696	20
697	13
698	9
699	4
700	1
701	1
702	10
703	35
704	9
705	7
706	25
707	40
708	2
709	33
710	14
711	13
712	18
713	28
714	31
715	19
716	6
717	17
718	18
719	8
720	6
721	25
722	30
723	18
724	30
725	29
726	5
727	1
728	12
729	34
730	5
731	1
732	1
733	4
734	25
735	14
736	39
737	1
738	3
739	5
740	35
741	1
742	1
743	3
744	2
745	14
746	24
747	23
748	1
749	2
750	21
751	10
752	11
753	31
754	4
755	25
756	3
757	17
758	5
759	21
760	32
761	2
762	18
763	30
764	3
765	27
766	25
767	2
768	17
769	1
770	4
771	1
772	12
773	40
774	32
775	12
776	36
777	31
778	39
779	10
780	6
781	2
782	14
783	19
784	5
785	1
786	28
787	9
788	2
789	38
790	1
791	8
792	37
793	26
794	31
795	16
796	2
797	2
798	15
799	3
800	36
801	1
802	22
803	24
804	24
805	1
806	1
807	2
808	23
809	1
810	32
811	10
812	8
813	4
814	28
815	1
816	16
817	26
818	24
819	30
820	40
821	1
822	1
823	2
824	8
825	12
826	27
827	29
828	24
829	1
830	1
831	32
832	10
833	29
834	12
835	1
836	1
837	1
838	19
839	19
840	29
841	12
842	10
843	4
844	4
845	13
846	9
847	30
848	16
849	1
850	32
851	29
852	6
853	26
854	1
855	38
856	32
857	14
858	4
859	26
860	1
861	16
862	1
863	7
864	1
865	11
866	3
867	6
868	1
869	28
870	2
871	14
872	17
873	4
874	19
875	1
876	9
877	1
878	8
879	1
880	35
881	18
882	1
883	1
884	7
885	14
886	31
887	11
888	7
889	34
890	11
891	27
892	3
893	1
894	37
895	7
896	13
897	38
898	8
899	1
900	6
901	35
902	35
903	4
904	1
905	6
906	3
907	2
908	17
909	32
910	12
911	1
912	19
913	1
914	12
915	6
916	1
917	21
918	3
919	3
920	4
921	35
922	1
923	10
924	10
925	16
926	29
927	11
928	1
929	15
930	24
931	2
932	3
933	3
934	23
935	1
936	1
937	39
938	1
939	18
940	37
941	4
942	1
943	2
944	9
945	1
946	1
947	25
948	7
949	4
950	32
951	3
952	4
953	8
954	2
955	36
956	1
957	3
958	11
959	1
960	1
961	1
962	13
963	3
964	13
965	6
966	4
967	6
968	1
969	2
970	21
971	11
972	37
973	35
974	1
975	1
976	1
977	26
978	1
979	5
980	11
981	4
982	15
983	11
984	27
985	16
986	20
987	2
988	2
989	39
990	18
991	2
992	3
993	11
994	1
995	24
996	20
997	33
998	1
999	35
1000	20
