1	1
2	1
3	3
4	1
5	2
6	1
7	2
8	2
9	2
10	3
11	2
12	7
13	2
14	1
15	5
16	4
17	7
18	1
19	1
20	2
21	1
22	1
23	3
24	1
25	2
26	3
27	5
28	9
29	4
30	2
31	3
32	1
33	5
34	2
35	9
36	1
37	6
38	5
39	2
40	6
41	1
42	5
43	2
44	10
45	6
46	1
47	1
48	16
49	1
50	2
51	4
52	7
53	3
54	1
55	15
56	13
57	3
58	9
59	13
60	8
61	3
62	6
63	9
64	4
65	1
66	16
67	6
68	1
69	5
70	5
71	17
72	4
73	1
74	14
75	7
76	2
77	14
78	5
79	7
80	12
81	5
82	11
83	8
84	5
85	3
86	1
87	1
88	15
89	8
90	3
91	1
92	10
93	13
94	3
95	3
96	3
97	9
98	3
99	2
100	2
101	13
102	17
103	4
104	2
105	23
106	1
107	16
108	1
109	11
110	8
111	25
112	1
113	3
114	22
115	4
116	22
117	7
118	19
119	23
120	11
121	4
122	3
123	2
124	6
125	19
126	19
127	2
128	6
129	3
130	1
131	11
132	3
133	10
134	30
135	5
136	11
137	3
138	1
139	17
140	9
141	28
142	8
143	4
144	18
145	1
146	17
147	6
148	2
149	24
150	8
151	8
152	20
153	15
154	18
155	4
156	35
157	15
158	2
159	3
160	2
161	25
162	2
163	2
164	6
165	13
166	22
167	14
168	10
169	9
170	25
171	8
172	19
173	10
174	7
175	19
176	12
177	32
178	2
179	32
180	8
181	2
182	4
183	25
184	29
185	13
186	34
187	12
188	1
189	9
190	3
191	33
192	24
193	8
194	2
195	2
196	20
197	2
198	2
199	3
200	23
201	4
202	28
203	31
204	16
205	7
206	20
207	1
208	36
209	22
210	24
211	6
212	21
213	3
214	2
215	16
216	11
217	10
218	28
219	7
220	37
221	4
222	7
223	32
224	14
225	14
226	1
227	14
228	20
229	10
230	15
231	9
232	2
233	15
234	1
235	3
236	8
237	1
238	4
239	2
240	6
241	17
242	30
243	4
244	1
245	38
246	13
247	16
248	22
249	8
250	1
251	15
252	6
253	12
254	6
255	4
256	4
257	29
258	1
259	37
260	1
261	3
262	20
263	2
264	9
265	20
266	20
267	16
268	1
269	28
270	7
271	12
272	6
273	20
274	23
275	7
276	2
277	18
278	7
279	34
280	22
281	22
282	19
283	36
284	27
285	1
286	2
287	2
288	26
289	3
290	5
291	1
292	17
293	5
294	5
295	33
296	3
297	2
298	29
299	10
300	26
301	33
302	1
303	25
304	2
305	15
306	3
307	34
308	20
309	10
310	3
311	37
312	2
313	20
314	8
315	4
316	16
317	2
318	23
319	7
320	17
321	28
322	13
323	35
324	2
325	18
326	11
327	29
328	38
329	18
330	22
331	21
332	33
333	10
334	35
335	8
336	14
337	2
338	15
339	34
340	13
341	2
342	38
343	2
344	13
345	1
346	23
347	21
348	5
349	37
350	1
351	17
352	35
353	21
354	1
355	3
356	10
357	32
358	36
359	4
360	9
361	4
362	19
363	31
364	29
365	25
366	3
367	5
368	3
369	1
370	27
371	6
372	11
373	33
374	3
375	12
376	13
377	9
378	1
379	26
380	3
381	5
382	1
383	17
384	8
385	3
386	12
387	16
388	24
389	10
390	3
391	24
392	10
393	15
394	7
395	1
396	9
397	12
398	9
399	19
400	17
401	11
402	27
403	10
404	9
405	5
406	17
407	1
408	1
409	7
410	4
411	8
412	1
413	18
414	1
415	8
416	4
417	2
418	29
419	38
420	6
421	14
422	31
423	13
424	31
425	22
426	11
427	3
428	29
429	16
430	3
431	23
432	14
433	34
434	10
435	22
436	8
437	4
438	31
439	27
440	13
441	22
442	14
443	15
444	34
445	25
446	3
447	13
448	24
449	20
450	11
451	2
452	18
453	5
454	13
455	6
456	11
457	3
458	3
459	4
460	1
461	14
462	19
463	14
464	27
465	6
466	31
467	29
468	2
469	12
470	19
471	1
472	15
473	2
474	21
475	10
476	9
477	3
478	38
479	2
480	11
481	2
482	9
483	12
484	14
485	21
486	2
487	27
488	4
489	4
490	22
491	4
492	2
493	2
494	5
495	5
496	3
497	34
498	18
499	36
500	30
501	12
502	9
503	27
504	6
505	36
506	2
507	19
508	4
509	1
510	9
511	13
512	11
513	7
514	35
515	2
516	18
517	2
518	2
519	1
520	15
521	10
522	4
523	7
524	1
525	18
526	18
527	37
528	32
529	4
530	7
531	5
532	12
533	19
534	10
535	2
536	2
537	7
538	33
539	15
540	2
541	38
542	37
543	23
544	1
545	14
546	2
547	1
548	5
549	11
550	33
551	2
552	24
553	12
554	30
555	25
556	3
557	4
558	28
559	3
560	2
561	35
562	34
563	26
564	5
565	6
566	5
567	28
568	28
569	1
570	28
571	6
572	1
573	35
574	8
575	12
576	1
577	7
578	3
579	20
580	2
581	33
582	3
583	27
584	6
585	7
586	1
587	19
588	23
589	30
590	20
591	18
592	31
593	24
594	15
595	6
596	1
597	13
598	11
599	1
600	16
601	1
602	5
603	8
604	25
605	4
606	37
607	1
608	16
609	17
610	15
611	3
612	4
613	13
614	15
615	2
616	1
617	4
618	7
619	13
620	19
621	9
622	7
623	8
624	14
625	2
626	31
627	5
628	5
629	21
630	3
631	8
632	1
633	4
634	6
635	3
636	2
637	12
638	1
639	3
640	26
641	2
642	26
643	2
644	1
645	5
646	1
647	30
648	16
649	8
650	24
651	26
652	7
653	1
654	32
655	11
656	5
657	31
658	25
659	5
660	1
661	3
662	23
663	16
664	1
665	34
666	24
667	27
668	7
669	19
670	21
671	25
672	7
673	5
674	10
675	26
676	8
677	1
678	1
679	29
680	34
681	13
682	36
683	10
684	35
685	30
686	17
687	2
688	7
689	12
690	1
691	1
692	3
693	18
694	15
695	14
696	30
697	2
698	24
699	1
700	2
701	1
702	2
703	3
704	4
705	4
706	10
707	38
708	5
709	6
710	20
711	7
712	23
713	6
714	3
715	15
716	8
717	6
718	6
719	1
720	29
721	32
722	5
723	31
724	17
725	35
726	32
727	2
728	18
729	32
730	35
731	5
732	11
733	1
734	4
735	26
736	5
737	2
738	22
739	1
740	15
741	20
742	10
743	2
744	6
745	32
746	11
747	1
748	16
749	13
750	12
751	13
752	6
753	9
754	3
755	12
756	3
757	27
758	10
759	7
760	6
761	4
762	38
763	19
764	4
765	11
766	21
767	14
768	15
769	6
770	1
771	2
772	11
773	14
774	8
775	7
776	7
777	5
778	3
779	3
780	9
781	3
782	10
783	5
784	8
785	14
786	2
787	4
788	4
789	12
790	4
791	5
792	20
793	10
794	2
795	27
796	9
797	27
798	27
799	5
800	3
801	14
802	4
803	25
804	3
805	29
806	2
807	1
808	2
809	23
810	21
811	3
812	16
813	16
814	6
815	9
816	14
817	12
818	18
819	5
820	34
821	6
822	6
823	33
824	6
825	9
826	2
827	1
828	5
829	28
830	2
831	2
832	18
833	16
834	17
835	7
836	33
837	25
838	22
839	28
840	7
841	29
842	24
843	4
844	17
845	22
846	2
847	18
848	36
849	28
850	7
851	9
852	10
853	1
854	13
855	1
856	2
857	4
858	1
859	26
860	8
861	8
862	3
863	1
864	2
865	9
866	8
867	6
868	2
869	6
870	14
871	8
872	10
873	21
874	31
875	26
876	30
877	26
878	1
879	23
880	23
881	4
882	8
883	19
884	1
885	2
886	26
887	2
888	2
889	38
890	2
891	22
892	1
893	1
894	21
895	21
896	32
897	9
898	2
899	4
900	4
901	24
902	3
903	3
904	4
905	11
906	5
907	12
908	17
909	8
910	1
911	4
912	37
913	1
914	2
915	1
916	22
917	38
918	1
919	6
920	37
921	5
922	16
923	14
924	7
925	1
926	16
927	11
928	2
929	4
930	37
931	1
932	36
933	4
934	15
935	9
936	25
937	11
938	3
939	35
940	17
941	7
942	6
943	3
944	12
945	16
946	2
947	1
948	7
949	20
950	1
951	26
952	27
953	16
954	17
955	6
956	36
957	24
958	2
959	7
960	21
961	28
962	23
963	5
964	4
965	36
966	33
967	6
968	15
969	30
970	5
971	11
972	24
973	25
974	1
975	13
976	12
977	3
978	5
979	29
980	7
981	23
982	14
983	31
984	30
985	12
986	1
987	2
988	21
989	9
990	1
991	1
992	10
993	17
994	11
995	12
996	30
997	21
998	21
999	16
1000	9
