1	1
2	2
3	1
4	2
5	3
6	3
7	3
8	2
9	4
10	5
11	2
12	4
13	1
14	5
15	1
16	2
17	3
18	4
19	3
20	1
21	6
22	1
23	2
24	1
25	2
26	7
27	7
28	7
29	8
30	5
31	1
32	2
33	2
34	3
35	3
36	7
37	1
38	3
39	1
40	2
41	2
42	6
43	8
44	2
45	3
46	7
47	1
48	5
49	9
50	3
51	6
52	3
53	10
54	1
55	10
56	3
57	5
58	5
59	5
60	18
61	4
62	14
63	2
64	13
65	18
66	11
67	3
68	9
69	8
70	8
71	2
72	8
73	4
74	9
75	2
76	5
77	10
78	10
79	15
80	3
81	2
82	15
83	3
84	11
85	7
86	5
87	2
88	4
89	4
90	18
91	10
92	5
93	10
94	20
95	18
96	6
97	17
98	1
99	9
100	7
101	12
102	9
103	15
104	14
105	2
106	3
107	12
108	11
109	3
110	8
111	17
112	13
113	17
114	3
115	3
116	27
117	17
118	1
119	1
120	5
121	8
122	29
123	16
124	12
125	8
126	29
127	5
128	34
129	10
130	12
131	5
132	4
133	15
134	21
135	19
136	16
137	8
138	21
139	5
140	10
141	1
142	17
143	4
144	10
145	19
146	6
147	1
148	5
149	29
150	26
151	12
152	4
153	19
154	20
155	9
156	19
157	17
158	4
159	35
160	2
161	10
162	12
163	18
164	10
165	38
166	1
167	24
168	8
169	18
170	4
171	31
172	14
173	6
174	38
175	24
176	1
177	8
178	4
179	11
180	9
181	41
182	1
183	21
184	1
185	20
186	14
187	23
188	1
189	15
190	2
191	10
192	8
193	27
194	12
195	39
196	37
197	19
198	33
199	1
200	36
201	34
202	5
203	19
204	43
205	6
206	9
207	26
208	34
209	19
210	3
211	26
212	10
213	14
214	15
215	3
216	5
217	19
218	14
219	17
220	39
221	3
222	9
223	2
224	18
225	2
226	1
227	39
228	18
229	1
230	2
231	7
232	2
233	8
234	8
235	2
236	42
237	3
238	1
239	31
240	1
241	33
242	41
243	8
244	1
245	30
246	5
247	2
248	5
249	25
250	7
251	4
252	8
253	33
254	13
255	2
256	20
257	12
258	13
259	8
260	6
261	39
262	1
263	20
264	29
265	18
266	6
267	1
268	12
269	1
270	4
271	26
272	40
273	30
274	18
275	20
276	6
277	19
278	2
279	9
280	12
281	35
282	37
283	9
284	9
285	12
286	14
287	43
288	18
289	1
290	7
291	3
292	1
293	7
294	23
295	31
296	6
297	40
298	2
299	24
300	12
301	16
302	11
303	31
304	39
305	15
306	3
307	11
308	2
309	31
310	38
311	1
312	2
313	24
314	9
315	5
316	3
317	23
318	6
319	36
320	4
321	2
322	11
323	15
324	1
325	3
326	17
327	10
328	19
329	1
330	38
331	20
332	7
333	23
334	5
335	38
336	5
337	39
338	3
339	41
340	18
341	4
342	3
343	29
344	2
345	16
346	15
347	11
348	2
349	35
350	10
351	15
352	1
353	9
354	9
355	27
356	21
357	22
358	11
359	2
360	7
361	27
362	32
363	9
364	25
365	16
366	2
367	6
368	36
369	32
370	30
371	6
372	13
373	10
374	18
375	22
376	1
377	41
378	16
379	12
380	1
381	6
382	33
383	1
384	23
385	3
386	11
387	7
388	39
389	34
390	40
391	23
392	35
393	11
394	2
395	26
396	4
397	4
398	32
399	38
400	36
401	10
402	25
403	21
404	3
405	4
406	30
407	8
408	16
409	36
410	2
411	6
412	10
413	4
414	28
415	24
416	1
417	30
418	7
419	28
420	16
421	43
422	30
423	8
424	4
425	6
426	19
427	13
428	1
429	4
430	41
431	13
432	9
433	35
434	1
435	22
436	5
437	26
438	7
439	6
440	14
441	7
442	1
443	16
444	9
445	1
446	11
447	13
448	2
449	12
450	27
451	1
452	1
453	17
454	24
455	35
456	42
457	37
458	16
459	13
460	29
461	2
462	19
463	11
464	1
465	32
466	13
467	2
468	34
469	25
470	11
471	7
472	6
473	43
474	5
475	12
476	10
477	15
478	28
479	4
480	32
481	10
482	42
483	25
484	2
485	36
486	4
487	5
488	20
489	5
490	20
491	7
492	18
493	25
494	27
495	11
496	29
497	34
498	6
499	14
500	7
501	7
502	25
503	10
504	21
505	4
506	5
507	2
508	10
509	1
510	5
511	15
512	6
513	2
514	26
515	35
516	20
517	1
518	37
519	27
520	15
521	19
522	6
523	24
524	12
525	9
526	22
527	7
528	6
529	4
530	16
531	26
532	8
533	3
534	14
535	17
536	1
537	42
538	42
539	36
540	43
541	33
542	15
543	7
544	13
545	21
546	25
547	15
548	14
549	13
550	12
551	22
552	13
553	4
554	27
555	8
556	3
557	10
558	9
559	15
560	32
561	17
562	22
563	18
564	4
565	35
566	1
567	8
568	33
569	32
570	2
571	13
572	34
573	12
574	2
575	34
576	2
577	15
578	9
579	8
580	23
581	29
582	7
583	17
584	7
585	4
586	39
587	13
588	3
589	24
590	2
591	6
592	6
593	14
594	14
595	11
596	2
597	28
598	3
599	1
600	10
601	36
602	14
603	1
604	23
605	2
606	34
607	7
608	9
609	42
610	1
611	12
612	43
613	33
614	6
615	41
616	42
617	15
618	4
619	4
620	3
621	34
622	7
623	6
624	4
625	26
626	1
627	20
628	1
629	40
630	14
631	32
632	1
633	4
634	32
635	16
636	28
637	4
638	15
639	13
640	9
641	25
642	35
643	2
644	6
645	25
646	4
647	25
648	13
649	14
650	10
651	14
652	5
653	32
654	21
655	28
656	5
657	31
658	1
659	4
660	10
661	5
662	1
663	1
664	3
665	30
666	2
667	19
668	19
669	16
670	9
671	34
672	35
673	7
674	27
675	27
676	2
677	1
678	43
679	2
680	14
681	5
682	1
683	8
684	28
685	3
686	4
687	32
688	9
689	29
690	8
691	17
692	9
693	8
694	35
695	14
696	27
697	28
698	22
699	3
700	1
701	16
702	23
703	6
704	13
705	17
706	9
707	16
708	2
709	2
710	5
711	1
712	22
713	15
714	33
715	3
716	11
717	26
718	8
719	22
720	42
721	8
722	1
723	4
724	39
725	8
726	41
727	17
728	4
729	8
730	31
731	3
732	17
733	2
734	3
735	38
736	13
737	18
738	5
739	30
740	37
741	40
742	8
743	31
744	4
745	8
746	3
747	43
748	1
749	5
750	1
751	28
752	5
753	3
754	6
755	10
756	24
757	33
758	1
759	3
760	5
761	37
762	43
763	14
764	35
765	16
766	40
767	11
768	12
769	1
770	13
771	3
772	12
773	5
774	4
775	12
776	39
777	8
778	6
779	4
780	1
781	33
782	9
783	16
784	28
785	40
786	24
787	37
788	2
789	9
790	5
791	7
792	1
793	30
794	6
795	13
796	1
797	11
798	36
799	4
800	1
801	5
802	12
803	6
804	16
805	37
806	19
807	5
808	3
809	17
810	31
811	3
812	2
813	41
814	25
815	29
816	30
817	7
818	37
819	4
820	8
821	26
822	5
823	7
824	24
825	7
826	8
827	1
828	23
829	27
830	11
831	21
832	12
833	9
834	13
835	1
836	3
837	1
838	10
839	38
840	5
841	26
842	7
843	40
844	7
845	6
846	24
847	38
848	37
849	1
850	38
851	28
852	21
853	32
854	5
855	9
856	5
857	13
858	6
859	1
860	18
861	9
862	3
863	2
864	3
865	7
866	10
867	9
868	1
869	1
870	21
871	18
872	26
873	11
874	13
875	11
876	20
877	4
878	28
879	18
880	36
881	4
882	7
883	12
884	15
885	21
886	43
887	7
888	22
889	2
890	31
891	5
892	6
893	14
894	2
895	24
896	11
897	2
898	3
899	1
900	40
901	11
902	17
903	11
904	7
905	23
906	21
907	29
908	3
909	6
910	25
911	28
912	16
913	10
914	8
915	31
916	1
917	5
918	1
919	8
920	5
921	42
922	5
923	1
924	4
925	22
926	4
927	18
928	36
929	20
930	30
931	4
932	21
933	10
934	5
935	5
936	29
937	40
938	3
939	2
940	14
941	4
942	20
943	24
944	12
945	9
946	10
947	6
948	23
949	1
950	42
951	6
952	10
953	14
954	8
955	7
956	9
957	23
958	20
959	3
960	30
961	4
962	4
963	34
964	19
965	27
966	6
967	22
968	1
969	12
970	2
971	2
972	22
973	17
974	25
975	29
976	14
977	33
978	3
979	7
980	16
981	9
982	8
983	41
984	6
985	11
986	3
987	6
988	30
989	22
990	1
991	23
992	31
993	16
994	21
995	17
996	5
997	8
998	41
999	11
1000	33
