1	1
2	1
3	1
4	1
5	1
6	1
7	1
8	1
9	1
10	1
11	2
12	1
13	1
14	1
15	3
16	4
17	3
18	1
19	1
20	1
21	3
22	1
23	1
24	1
25	1
26	5
27	1
28	5
29	4
30	1
31	1
32	1
33	1
34	1
35	3
36	1
37	8
38	1
39	8
40	1
41	4
42	5
43	1
44	10
45	1
46	8
47	1
48	9
49	1
50	12
51	1
52	9
53	5
54	12
55	2
56	1
57	1
58	11
59	4
60	4
61	9
62	4
63	4
64	2
65	14
66	3
67	16
68	5
69	12
70	1
71	1
72	1
73	12
74	1
75	17
76	5
77	2
78	1
79	16
80	6
81	1
82	14
83	7
84	18
85	4
86	1
87	1
88	19
89	14
90	7
91	13
92	11
93	12
94	1
95	3
96	10
97	1
98	9
99	2
100	16
101	1
102	12
103	8
104	1
105	8
106	8
107	3
108	12
109	3
110	4
111	3
112	11
113	5
114	6
115	13
116	5
117	5
118	5
119	17
120	1
121	1
122	13
123	15
124	7
125	16
126	1
127	1
128	21
129	3
130	22
131	7
132	2
133	13
134	23
135	8
136	25
137	2
138	4
139	24
140	11
141	22
142	14
143	7
144	1
145	13
146	21
147	2
148	4
149	30
150	8
151	23
152	3
153	1
154	3
155	25
156	1
157	1
158	6
159	10
160	10
161	5
162	6
163	1
164	4
165	1
166	1
167	1
168	1
169	6
170	1
171	25
172	17
173	16
174	25
175	11
176	31
177	5
178	22
179	9
180	16
181	5
182	1
183	20
184	2
185	18
186	13
187	26
188	9
189	28
190	4
191	7
192	21
193	1
194	12
195	7
196	2
197	20
198	7
199	30
200	18
201	30
202	42
203	2
204	16
205	1
206	26
207	16
208	7
209	13
210	3
211	42
212	29
213	15
214	1
215	16
216	1
217	28
218	1
219	4
220	34
221	39
222	7
223	31
224	1
225	11
226	7
227	1
228	11
229	15
230	1
231	1
232	21
233	8
234	4
235	1
236	15
237	5
238	9
239	1
240	35
241	4
242	17
243	23
244	8
245	1
246	21
247	7
248	19
249	15
250	39
251	10
252	17
253	1
254	1
255	1
256	1
257	1
258	1
259	28
260	7
261	8
262	2
263	3
264	2
265	41
266	42
267	37
268	11
269	12
270	34
271	1
272	40
273	3
274	1
275	2
276	1
277	3
278	1
279	33
280	4
281	13
282	24
283	1
284	11
285	12
286	35
287	6
288	15
289	9
290	11
291	23
292	30
293	14
294	8
295	10
296	10
297	35
298	13
299	1
300	9
301	15
302	17
303	4
304	16
305	38
306	29
307	1
308	31
309	11
310	10
311	14
312	39
313	36
314	20
315	24
316	6
317	26
318	34
319	15
320	10
321	2
322	17
323	12
324	34
325	25
326	7
327	1
328	2
329	5
330	10
331	19
332	20
333	13
334	10
335	39
336	19
337	2
338	23
339	1
340	3
341	23
342	37
343	1
344	10
345	22
346	1
347	13
348	1
349	31
350	19
351	16
352	6
353	14
354	1
355	7
356	4
357	1
358	15
359	1
360	4
361	11
362	1
363	37
364	12
365	1
366	1
367	20
368	37
369	28
370	1
371	28
372	1
373	9
374	3
375	6
376	15
377	19
378	7
379	18
380	13
381	18
382	32
383	1
384	1
385	1
386	23
387	1
388	2
389	2
390	6
391	1
392	32
393	1
394	2
395	1
396	3
397	4
398	27
399	18
400	22
401	10
402	37
403	31
404	13
405	1
406	38
407	28
408	21
409	3
410	3
411	35
412	18
413	9
414	1
415	7
416	1
417	3
418	2
419	5
420	1
421	2
422	28
423	10
424	36
425	6
426	7
427	1
428	1
429	27
430	36
431	12
432	36
433	10
434	15
435	33
436	26
437	18
438	1
439	30
440	9
441	42
442	1
443	2
444	1
445	5
446	1
447	13
448	16
449	7
450	14
451	1
452	1
453	1
454	3
455	40
456	5
457	11
458	8
459	32
460	17
461	26
462	25
463	1
464	18
465	19
466	1
467	6
468	1
469	6
470	41
471	38
472	4
473	1
474	3
475	1
476	26
477	3
478	15
479	14
480	9
481	18
482	1
483	27
484	1
485	32
486	2
487	15
488	33
489	3
490	4
491	1
492	1
493	1
494	9
495	2
496	33
497	17
498	1
499	14
500	27
501	12
502	6
503	38
504	31
505	28
506	32
507	9
508	1
509	1
510	19
511	10
512	22
513	8
514	6
515	1
516	2
517	1
518	6
519	1
520	1
521	31
522	1
523	6
524	5
525	7
526	21
527	7
528	37
529	1
530	1
531	4
532	11
533	29
534	34
535	4
536	24
537	5
538	7
539	33
540	1
541	39
542	17
543	24
544	40
545	1
546	1
547	2
548	30
549	1
550	36
551	26
552	8
553	10
554	5
555	15
556	6
557	8
558	1
559	12
560	14
561	5
562	1
563	3
564	11
565	9
566	8
567	1
568	29
569	27
570	6
571	23
572	5
573	9
574	2
575	11
576	1
577	1
578	39
579	7
580	18
581	38
582	1
583	1
584	1
585	23
586	2
587	3
588	26
589	22
590	7
591	2
592	27
593	7
594	19
595	11
596	1
597	38
598	17
599	9
600	1
601	22
602	3
603	11
604	4
605	1
606	35
607	19
608	41
609	33
610	38
611	12
612	42
613	1
614	41
615	15
616	38
617	4
618	18
619	1
620	32
621	16
622	1
623	14
624	37
625	22
626	1
627	35
628	20
629	1
630	4
631	29
632	15
633	14
634	4
635	18
636	8
637	2
638	32
639	23
640	1
641	1
642	1
643	1
644	1
645	3
646	1
647	11
648	21
649	1
650	9
651	1
652	25
653	1
654	42
655	1
656	1
657	25
658	39
659	1
660	10
661	34
662	19
663	24
664	27
665	1
666	1
667	10
668	1
669	37
670	19
671	30
672	20
673	20
674	1
675	1
676	1
677	4
678	1
679	19
680	1
681	1
682	42
683	17
684	6
685	1
686	1
687	3
688	31
689	29
690	1
691	10
692	7
693	1
694	1
695	26
696	1
697	1
698	1
699	27
700	36
701	25
702	1
703	27
704	33
705	9
706	36
707	31
708	25
709	1
710	2
711	1
712	4
713	36
714	8
715	1
716	2
717	8
718	16
719	1
720	32
721	6
722	5
723	8
724	12
725	40
726	2
727	9
728	29
729	2
730	24
731	4
732	20
733	4
734	1
735	34
736	6
737	3
738	27
739	1
740	15
741	16
742	23
743	13
744	7
745	17
746	27
747	17
748	13
749	1
750	35
751	6
752	1
753	29
754	24
755	1
756	11
757	3
758	38
759	9
760	40
761	1
762	14
763	38
764	20
765	40
766	2
767	8
768	41
769	1
770	29
771	22
772	28
773	34
774	20
775	41
776	1
777	2
778	30
779	6
780	21
781	1
782	17
783	3
784	18
785	14
786	42
787	36
788	1
789	1
790	7
791	34
792	35
793	3
794	2
795	21
796	2
797	1
798	2
799	1
800	9
801	35
802	1
803	14
804	18
805	41
806	13
807	5
808	29
809	13
810	22
811	5
812	42
813	1
814	24
815	7
816	22
817	33
818	11
819	26
820	9
821	1
822	1
823	3
824	8
825	16
826	39
827	1
828	7
829	4
830	1
831	10
832	33
833	10
834	3
835	12
836	8
837	3
838	1
839	23
840	1
841	14
842	20
843	39
844	21
845	5
846	8
847	39
848	1
849	1
850	5
851	1
852	21
853	30
854	12
855	2
856	20
857	2
858	8
859	21
860	4
861	14
862	3
863	1
864	28
865	20
866	1
867	32
868	25
869	18
870	13
871	1
872	26
873	5
874	5
875	25
876	6
877	3
878	1
879	28
880	41
881	14
882	37
883	32
884	1
885	24
886	4
887	6
888	16
889	16
890	22
891	12
892	1
893	12
894	1
895	28
896	12
897	23
898	1
899	1
900	19
901	24
902	1
903	14
904	1
905	30
906	4
907	30
908	24
909	27
910	36
911	26
912	41
913	10
914	13
915	3
916	11
917	2
918	19
919	5
920	34
921	1
922	1
923	29
924	1
925	37
926	6
927	37
928	24
929	35
930	14
931	40
932	34
933	17
934	3
935	40
936	7
937	9
938	11
939	38
940	6
941	35
942	15
943	24
944	21
945	3
946	16
947	5
948	29
949	4
950	31
951	23
952	18
953	6
954	33
955	25
956	6
957	42
958	13
959	21
960	31
961	11
962	1
963	1
964	4
965	6
966	20
967	19
968	1
969	1
970	22
971	15
972	40
973	17
974	8
975	16
976	41
977	40
978	30
979	2
980	32
981	4
982	36
983	10
984	15
985	25
986	18
987	6
988	17
989	1
990	1
991	26
992	1
993	1
994	1
995	17
996	4
997	1
998	33
999	26
1000	12
