1	1
2	1
3	1
4	1
5	2
6	2
7	2
8	2
9	1
10	2
11	4
12	2
13	2
14	1
15	2
16	1
17	4
18	2
19	3
20	5
21	6
22	4
23	4
24	2
25	2
26	1
27	5
28	4
29	1
30	1
31	4
32	1
33	1
34	5
35	5
36	8
37	9
38	8
39	2
40	1
41	8
42	9
43	13
44	12
45	15
46	12
47	6
48	17
49	4
50	16
51	9
52	10
53	4
54	19
55	20
56	6
57	4
58	16
59	6
60	4
61	13
62	2
63	20
64	10
65	7
66	2
67	2
68	4
69	10
70	4
71	9
72	1
73	14
74	4
75	1
76	18
77	19
78	19
79	24
80	25
81	10
82	8
83	4
84	17
85	23
86	18
87	12
88	11
89	1
90	1
91	9
92	3
93	30
94	23
95	26
96	8
97	1
98	1
99	27
100	1
101	3
102	14
103	20
104	9
105	8
106	34
107	16
108	22
109	22
110	17
111	1
112	4
113	2
114	1
115	14
116	21
117	19
118	10
119	3
120	40
121	20
122	14
123	42
124	14
125	30
126	3
127	31
128	4
129	7
130	3
131	21
132	34
133	6
134	22
135	23
136	1
137	11
138	11
139	15
140	32
141	14
142	2
143	30
144	7
145	3
146	41
147	1
148	14
149	1
150	39
151	18
152	5
153	5
154	25
155	34
156	29
157	41
158	10
159	17
160	32
161	29
162	38
163	3
164	33
165	7
166	15
167	18
168	16
169	5
170	18
171	20
172	25
173	2
174	11
175	12
176	28
177	8
178	31
179	26
180	9
181	42
182	35
183	7
184	1
185	17
186	8
187	15
188	36
189	16
190	20
191	19
192	31
193	37
194	32
195	45
196	6
197	14
198	22
199	18
200	18
201	22
202	1
203	1
204	9
205	8
206	41
207	1
208	2
209	29
210	35
211	9
212	36
213	4
214	27
215	29
216	8
217	10
218	1
219	9
220	7
221	23
222	3
223	6
224	14
225	5
226	5
227	17
228	4
229	2
230	19
231	20
232	29
233	14
234	18
235	43
236	48
237	24
238	19
239	6
240	28
241	24
242	14
243	20
244	6
245	12
246	21
247	21
248	5
249	37
250	23
251	14
252	40
253	26
254	43
255	22
256	47
257	46
258	25
259	23
260	15
261	48
262	21
263	13
264	24
265	5
266	9
267	4
268	2
269	27
270	9
271	10
272	2
273	10
274	3
275	12
276	46
277	43
278	9
279	21
280	5
281	4
282	28
283	12
284	1
285	13
286	7
287	3
288	9
289	6
290	46
291	17
292	3
293	44
294	19
295	25
296	1
297	5
298	17
299	3
300	21
301	5
302	45
303	9
304	25
305	2
306	4
307	6
308	36
309	12
310	47
311	1
312	5
313	16
314	4
315	7
316	23
317	2
318	21
319	17
320	8
321	1
322	6
323	14
324	31
325	13
326	4
327	40
328	22
329	15
330	34
331	17
332	15
333	4
334	17
335	21
336	11
337	33
338	10
339	6
340	22
341	11
342	42
343	6
344	3
345	34
346	1
347	3
348	9
349	3
350	7
351	44
352	47
353	32
354	5
355	20
356	18
357	2
358	44
359	1
360	3
361	28
362	7
363	4
364	33
365	16
366	2
367	10
368	16
369	1
370	13
371	27
372	2
373	13
374	14
375	7
376	1
377	32
378	1
379	11
380	7
381	7
382	23
383	9
384	2
385	48
386	2
387	2
388	12
389	47
390	41
391	1
392	13
393	43
394	16
395	25
396	39
397	3
398	1
399	6
400	5
401	2
402	35
403	21
404	6
405	39
406	6
407	48
408	25
409	24
410	18
411	40
412	1
413	12
414	13
415	8
416	36
417	32
418	2
419	19
420	46
421	1
422	25
423	1
424	44
425	38
426	22
427	23
428	39
429	2
430	11
431	21
432	27
433	4
434	3
435	32
436	18
437	1
438	29
439	1
440	1
441	35
442	2
443	4
444	5
445	38
446	6
447	3
448	40
449	7
450	5
451	27
452	16
453	44
454	44
455	37
456	2
457	24
458	30
459	4
460	39
461	34
462	42
463	43
464	4
465	23
466	32
467	4
468	18
469	2
470	29
471	19
472	11
473	7
474	23
475	13
476	12
477	3
478	16
479	2
480	36
481	26
482	16
483	3
484	5
485	8
486	12
487	18
488	22
489	42
490	30
491	5
492	2
493	11
494	23
495	9
496	41
497	2
498	21
499	39
500	43
501	26
502	4
503	15
504	45
505	27
506	16
507	1
508	46
509	23
510	35
511	32
512	48
513	31
514	24
515	45
516	11
517	46
518	12
519	40
520	46
521	19
522	27
523	13
524	48
525	10
526	1
527	2
528	17
529	11
530	18
531	5
532	8
533	14
534	1
535	1
536	1
537	2
538	6
539	20
540	29
541	43
542	5
543	33
544	8
545	11
546	13
547	34
548	33
549	32
550	11
551	28
552	2
553	26
554	3
555	3
556	12
557	23
558	20
559	5
560	28
561	33
562	18
563	36
564	6
565	38
566	13
567	11
568	30
569	13
570	8
571	12
572	11
573	40
574	12
575	33
576	37
577	7
578	12
579	8
580	47
581	8
582	13
583	8
584	17
585	1
586	27
587	1
588	4
589	45
590	42
591	40
592	7
593	34
594	17
595	2
596	26
597	6
598	34
599	15
600	2
601	25
602	23
603	1
604	3
605	16
606	15
607	15
608	20
609	21
610	3
611	3
612	16
613	1
614	35
615	26
616	40
617	42
618	1
619	26
620	43
621	39
622	9
623	17
624	10
625	15
626	25
627	35
628	25
629	27
630	1
631	38
632	7
633	12
634	30
635	5
636	16
637	21
638	6
639	2
640	4
641	38
642	13
643	1
644	44
645	19
646	6
647	20
648	19
649	14
650	28
651	40
652	11
653	11
654	2
655	39
656	1
657	1
658	1
659	31
660	28
661	4
662	13
663	7
664	26
665	41
666	12
667	1
668	14
669	1
670	19
671	15
672	34
673	3
674	5
675	1
676	24
677	4
678	24
679	37
680	1
681	6
682	4
683	1
684	3
685	45
686	21
687	10
688	45
689	4
690	33
691	20
692	15
693	2
694	13
695	22
696	32
697	22
698	24
699	3
700	7
701	2
702	14
703	21
704	27
705	4
706	48
707	31
708	6
709	19
710	45
711	1
712	38
713	3
714	5
715	5
716	43
717	42
718	43
719	37
720	33
721	26
722	5
723	37
724	13
725	3
726	9
727	44
728	38
729	3
730	48
731	21
732	33
733	2
734	28
735	15
736	3
737	44
738	13
739	38
740	10
741	11
742	35
743	1
744	40
745	19
746	7
747	7
748	11
749	9
750	31
751	31
752	1
753	38
754	4
755	1
756	24
757	27
758	26
759	13
760	1
761	10
762	47
763	2
764	18
765	31
766	8
767	22
768	6
769	4
770	36
771	28
772	3
773	38
774	3
775	20
776	3
777	5
778	46
779	16
780	30
781	1
782	46
783	15
784	10
785	41
786	7
787	6
788	35
789	17
790	20
791	15
792	5
793	1
794	2
795	8
796	45
797	29
798	37
799	14
800	5
801	20
802	6
803	21
804	5
805	20
806	11
807	33
808	10
809	23
810	8
811	36
812	1
813	1
814	16
815	24
816	33
817	10
818	36
819	4
820	37
821	43
822	11
823	31
824	7
825	18
826	18
827	9
828	5
829	16
830	3
831	7
832	2
833	37
834	20
835	27
836	47
837	33
838	35
839	11
840	3
841	41
842	2
843	19
844	17
845	10
846	9
847	12
848	32
849	17
850	15
851	4
852	2
853	1
854	10
855	5
856	42
857	28
858	26
859	6
860	5
861	35
862	24
863	35
864	14
865	30
866	30
867	29
868	3
869	44
870	6
871	42
872	16
873	36
874	15
875	17
876	6
877	41
878	25
879	30
880	39
881	38
882	29
883	5
884	16
885	1
886	5
887	41
888	34
889	48
890	18
891	8
892	25
893	7
894	3
895	9
896	47
897	14
898	7
899	6
900	30
901	8
902	16
903	22
904	47
905	30
906	32
907	15
908	3
909	3
910	28
911	47
912	7
913	14
914	28
915	12
916	29
917	12
918	29
919	4
920	3
921	10
922	37
923	46
924	15
925	22
926	11
927	15
928	10
929	39
930	10
931	22
932	13
933	7
934	19
935	13
936	31
937	36
938	25
939	19
940	2
941	6
942	5
943	4
944	1
945	39
946	1
947	3
948	3
949	3
950	19
951	3
952	34
953	17
954	37
955	34
956	12
957	4
958	2
959	9
960	2
961	42
962	41
963	39
964	6
965	48
966	1
967	24
968	18
969	1
970	20
971	35
972	4
973	40
974	6
975	2
976	1
977	4
978	18
979	21
980	3
981	29
982	6
983	26
984	8
985	8
986	19
987	27
988	26
989	24
990	31
991	8
992	14
993	36
994	30
995	1
996	4
997	28
998	17
999	45
1000	5
