1	1
2	1
3	3
4	1
5	5
6	4
7	4
8	3
9	1
10	2
11	2
12	3
13	5
14	3
15	1
16	1
17	2
18	3
19	3
20	4
21	1
22	6
23	8
24	2
25	2
26	5
27	6
28	5
29	1
30	5
31	2
32	5
33	8
34	2
35	1
36	6
37	2
38	4
39	1
40	11
41	7
42	11
43	2
44	14
45	2
46	2
47	11
48	3
49	13
50	1
51	2
52	3
53	11
54	6
55	5
56	7
57	3
58	12
59	5
60	16
61	1
62	2
63	1
64	6
65	4
66	2
67	16
68	8
69	5
70	18
71	3
72	6
73	17
74	1
75	5
76	5
77	14
78	17
79	2
80	2
81	3
82	1
83	4
84	1
85	20
86	9
87	6
88	14
89	5
90	13
91	2
92	18
93	3
94	1
95	10
96	1
97	21
98	8
99	26
100	8
101	27
102	16
103	2
104	10
105	19
106	19
107	17
108	2
109	8
110	10
111	11
112	1
113	19
114	7
115	1
116	25
117	18
118	3
119	2
120	7
121	19
122	6
123	14
124	10
125	18
126	4
127	1
128	16
129	5
130	23
131	25
132	11
133	17
134	9
135	1
136	13
137	3
138	6
139	19
140	1
141	1
142	22
143	28
144	3
145	29
146	3
147	2
148	17
149	13
150	5
151	22
152	3
153	26
154	5
155	14
156	1
157	3
158	10
159	10
160	30
161	20
162	15
163	3
164	32
165	25
166	29
167	7
168	7
169	12
170	34
171	4
172	1
173	1
174	1
175	36
176	3
177	31
178	12
179	1
180	3
181	2
182	14
183	1
184	17
185	3
186	6
187	1
188	3
189	11
190	4
191	29
192	17
193	7
194	2
195	33
196	1
197	21
198	21
199	16
200	14
201	2
202	4
203	8
204	1
205	1
206	1
207	20
208	32
209	13
210	2
211	20
212	13
213	25
214	4
215	5
216	4
217	2
218	7
219	31
220	8
221	28
222	5
223	2
224	4
225	18
226	12
227	4
228	22
229	1
230	1
231	19
232	10
233	31
234	36
235	11
236	3
237	26
238	1
239	3
240	6
241	2
242	11
243	2
244	1
245	12
246	11
247	6
248	27
249	9
250	1
251	1
252	6
253	30
254	3
255	6
256	5
257	23
258	1
259	5
260	1
261	14
262	1
263	2
264	7
265	4
266	1
267	7
268	2
269	5
270	1
271	18
272	3
273	4
274	1
275	6
276	27
277	3
278	17
279	4
280	3
281	8
282	31
283	3
284	5
285	1
286	14
287	11
288	1
289	1
290	25
291	4
292	3
293	11
294	32
295	16
296	24
297	19
298	6
299	25
300	35
301	1
302	3
303	33
304	26
305	14
306	2
307	25
308	35
309	16
310	33
311	1
312	10
313	4
314	4
315	7
316	13
317	1
318	5
319	21
320	22
321	11
322	19
323	5
324	3
325	10
326	10
327	2
328	4
329	33
330	16
331	13
332	27
333	1
334	26
335	5
336	2
337	12
338	5
339	6
340	3
341	4
342	18
343	6
344	8
345	5
346	9
347	13
348	1
349	6
350	1
351	23
352	10
353	9
354	32
355	2
356	22
357	5
358	5
359	3
360	1
361	6
362	11
363	4
364	8
365	1
366	35
367	1
368	21
369	2
370	10
371	33
372	7
373	3
374	27
375	20
376	10
377	24
378	1
379	4
380	4
381	20
382	12
383	9
384	6
385	1
386	2
387	28
388	9
389	21
390	4
391	24
392	14
393	28
394	15
395	2
396	9
397	11
398	1
399	8
400	9
401	24
402	10
403	2
404	9
405	23
406	19
407	4
408	15
409	28
410	5
411	26
412	18
413	6
414	7
415	17
416	1
417	2
418	1
419	3
420	15
421	6
422	3
423	1
424	20
425	11
426	3
427	4
428	9
429	24
430	4
431	11
432	6
433	1
434	19
435	7
436	3
437	8
438	23
439	22
440	15
441	1
442	13
443	7
444	3
445	1
446	1
447	2
448	30
449	18
450	6
451	14
452	15
453	13
454	21
455	4
456	4
457	7
458	16
459	10
460	13
461	2
462	8
463	8
464	5
465	34
466	11
467	12
468	36
469	5
470	1
471	17
472	1
473	36
474	1
475	1
476	10
477	21
478	23
479	23
480	14
481	25
482	1
483	21
484	8
485	16
486	4
487	3
488	28
489	26
490	18
491	18
492	27
493	36
494	21
495	26
496	4
497	1
498	15
499	7
500	3
501	20
502	8
503	10
504	27
505	4
506	13
507	12
508	2
509	2
510	2
511	4
512	19
513	2
514	2
515	1
516	15
517	13
518	22
519	15
520	11
521	17
522	2
523	6
524	34
525	12
526	2
527	10
528	26
529	5
530	10
531	26
532	4
533	5
534	7
535	24
536	33
537	10
538	20
539	2
540	2
541	25
542	34
543	31
544	4
545	2
546	3
547	23
548	36
549	30
550	32
551	4
552	27
553	33
554	7
555	3
556	29
557	14
558	6
559	7
560	5
561	9
562	6
563	1
564	2
565	2
566	3
567	34
568	1
569	25
570	2
571	8
572	20
573	9
574	9
575	13
576	12
577	29
578	8
579	18
580	1
581	32
582	7
583	25
584	1
585	11
586	31
587	31
588	1
589	22
590	3
591	1
592	1
593	24
594	36
595	32
596	8
597	32
598	29
599	5
600	9
601	27
602	23
603	3
604	24
605	10
606	10
607	23
608	7
609	15
610	14
611	1
612	22
613	5
614	12
615	3
616	1
617	30
618	1
619	1
620	16
621	3
622	32
623	29
624	4
625	21
626	23
627	9
628	20
629	3
630	36
631	14
632	1
633	2
634	2
635	24
636	16
637	9
638	1
639	12
640	12
641	1
642	26
643	31
644	12
645	22
646	2
647	13
648	1
649	25
650	15
651	31
652	8
653	1
654	1
655	24
656	2
657	1
658	20
659	2
660	23
661	17
662	35
663	36
664	1
665	13
666	15
667	9
668	16
669	8
670	19
671	1
672	5
673	16
674	12
675	1
676	4
677	22
678	14
679	5
680	1
681	12
682	7
683	1
684	8
685	1
686	16
687	1
688	4
689	1
690	4
691	1
692	1
693	21
694	19
695	3
696	1
697	4
698	1
699	17
700	2
701	5
702	24
703	27
704	9
705	12
706	5
707	1
708	8
709	11
710	11
711	2
712	17
713	9
714	17
715	34
716	20
717	30
718	6
719	2
720	3
721	34
722	12
723	4
724	1
725	1
726	7
727	5
728	6
729	2
730	35
731	1
732	15
733	4
734	1
735	1
736	18
737	10
738	15
739	26
740	29
741	2
742	2
743	1
744	2
745	4
746	10
747	3
748	4
749	1
750	13
751	29
752	25
753	9
754	30
755	3
756	1
757	1
758	8
759	1
760	34
761	2
762	1
763	21
764	19
765	6
766	21
767	29
768	9
769	1
770	36
771	10
772	1
773	28
774	27
775	2
776	32
777	1
778	1
779	5
780	3
781	22
782	5
783	24
784	2
785	34
786	11
787	2
788	10
789	11
790	1
791	2
792	9
793	28
794	18
795	15
796	6
797	33
798	28
799	28
800	5
801	4
802	2
803	22
804	23
805	2
806	7
807	4
808	1
809	2
810	1
811	1
812	6
813	34
814	3
815	3
816	30
817	1
818	12
819	1
820	35
821	28
822	2
823	4
824	1
825	18
826	5
827	1
828	3
829	3
830	19
831	8
832	2
833	9
834	2
835	30
836	23
837	35
838	15
839	17
840	13
841	5
842	12
843	29
844	7
845	14
846	3
847	5
848	4
849	33
850	2
851	10
852	17
853	12
854	8
855	6
856	1
857	9
858	1
859	9
860	18
861	5
862	1
863	3
864	5
865	3
866	4
867	10
868	1
869	14
870	16
871	9
872	1
873	9
874	13
875	24
876	30
877	5
878	1
879	26
880	7
881	11
882	8
883	1
884	9
885	7
886	3
887	5
888	3
889	2
890	2
891	8
892	8
893	20
894	21
895	6
896	1
897	11
898	16
899	28
900	1
901	5
902	4
903	22
904	19
905	16
906	1
907	14
908	4
909	18
910	6
911	25
912	6
913	1
914	1
915	11
916	1
917	1
918	4
919	1
920	24
921	1
922	2
923	5
924	30
925	33
926	20
927	18
928	27
929	4
930	28
931	35
932	1
933	2
934	7
935	21
936	4
937	16
938	2
939	13
940	10
941	2
942	5
943	5
944	9
945	3
946	11
947	1
948	1
949	7
950	26
951	27
952	23
953	15
954	1
955	6
956	5
957	13
958	7
959	13
960	31
961	8
962	32
963	2
964	1
965	8
966	20
967	4
968	27
969	3
970	12
971	35
972	15
973	28
974	17
975	1
976	1
977	1
978	1
979	7
980	1
981	35
982	1
983	3
984	1
985	1
986	15
987	31
988	1
989	1
990	4
991	19
992	14
993	2
994	6
995	17
996	1
997	7
998	7
999	22
1000	2
