1	4
2	4
3	1
4	3
5	2
6	1
7	1
8	2
9	1
10	5
11	1
12	1
13	6
14	2
15	3
16	6
17	1
18	2
19	5
20	5
21	1
22	2
23	2
24	3
25	3
26	2
27	4
28	2
29	6
30	2
31	2
32	4
33	2
34	1
35	2
36	4
37	5
38	4
39	6
40	4
41	8
42	7
43	3
44	1
45	7
46	4
47	1
48	9
49	1
50	1
51	1
52	8
53	1
54	5
55	2
56	2
57	1
58	4
59	8
60	5
61	1
62	10
63	1
64	4
65	7
66	5
67	7
68	6
69	2
70	6
71	4
72	2
73	1
74	5
75	2
76	1
77	4
78	16
79	17
80	1
81	5
82	10
83	1
84	1
85	3
86	3
87	13
88	4
89	10
90	2
91	2
92	4
93	1
94	21
95	5
96	22
97	11
98	2
99	2
100	2
101	9
102	2
103	2
104	2
105	7
106	2
107	2
108	2
109	5
110	18
111	4
112	4
113	5
114	13
115	1
116	8
117	11
118	15
119	21
120	21
121	1
122	7
123	3
124	21
125	4
126	4
127	10
128	24
129	1
130	10
131	12
132	3
133	17
134	3
135	24
136	1
137	29
138	4
139	19
140	11
141	5
142	1
143	19
144	2
145	4
146	16
147	9
148	17
149	4
150	27
151	9
152	3
153	24
154	6
155	27
156	19
157	5
158	1
159	12
160	18
161	5
162	10
163	1
164	1
165	32
166	22
167	1
168	6
169	9
170	28
171	32
172	2
173	22
174	14
175	33
176	8
177	2
178	7
179	2
180	22
181	4
182	29
183	3
184	1
185	31
186	1
187	32
188	34
189	7
190	8
191	12
192	4
193	33
194	28
195	6
196	26
197	35
198	1
199	3
200	32
201	1
202	34
203	2
204	28
205	2
206	6
207	23
208	27
209	15
210	4
211	2
212	35
213	1
214	10
215	5
216	2
217	6
218	10
219	37
220	5
221	19
222	23
223	26
224	3
225	27
226	3
227	4
228	3
229	37
230	5
231	13
232	2
233	17
234	4
235	12
236	1
237	18
238	2
239	2
240	3
241	8
242	36
243	17
244	5
245	1
246	1
247	12
248	8
249	2
250	5
251	14
252	28
253	4
254	15
255	35
256	20
257	29
258	12
259	17
260	21
261	17
262	1
263	29
264	3
265	3
266	1
267	3
268	23
269	1
270	4
271	4
272	1
273	5
274	3
275	32
276	8
277	21
278	1
279	2
280	19
281	7
282	17
283	7
284	6
285	7
286	2
287	6
288	16
289	5
290	24
291	9
292	30
293	6
294	9
295	19
296	2
297	7
298	10
299	4
300	22
301	9
302	4
303	24
304	1
305	10
306	3
307	26
308	3
309	13
310	3
311	9
312	6
313	6
314	3
315	3
316	9
317	9
318	1
319	35
320	3
321	1
322	1
323	1
324	1
325	4
326	10
327	2
328	4
329	1
330	29
331	6
332	18
333	2
334	19
335	6
336	18
337	2
338	31
339	3
340	25
341	20
342	2
343	12
344	1
345	1
346	1
347	4
348	1
349	21
350	14
351	9
352	19
353	2
354	11
355	7
356	19
357	19
358	3
359	10
360	4
361	3
362	9
363	25
364	3
365	37
366	32
367	6
368	37
369	33
370	8
371	23
372	21
373	4
374	6
375	1
376	5
377	7
378	8
379	3
380	2
381	7
382	1
383	20
384	3
385	11
386	10
387	34
388	5
389	9
390	2
391	2
392	19
393	24
394	30
395	15
396	2
397	2
398	20
399	2
400	13
401	11
402	22
403	31
404	3
405	1
406	2
407	18
408	14
409	11
410	7
411	29
412	6
413	1
414	2
415	20
416	10
417	3
418	3
419	14
420	3
421	31
422	7
423	3
424	1
425	21
426	16
427	19
428	30
429	8
430	36
431	1
432	4
433	5
434	3
435	10
436	10
437	4
438	6
439	17
440	25
441	7
442	8
443	18
444	28
445	11
446	1
447	26
448	18
449	1
450	4
451	32
452	5
453	13
454	8
455	4
456	9
457	12
458	1
459	4
460	8
461	26
462	11
463	14
464	2
465	13
466	16
467	6
468	20
469	21
470	35
471	12
472	18
473	6
474	1
475	3
476	4
477	2
478	2
479	30
480	16
481	18
482	7
483	8
484	8
485	1
486	15
487	4
488	5
489	23
490	2
491	16
492	4
493	5
494	23
495	34
496	24
497	13
498	13
499	15
500	21
501	26
502	11
503	12
504	13
505	3
506	1
507	21
508	22
509	10
510	9
511	26
512	1
513	5
514	4
515	13
516	28
517	4
518	14
519	2
520	2
521	2
522	1
523	4
524	2
525	24
526	1
527	1
528	8
529	16
530	15
531	8
532	22
533	4
534	4
535	30
536	31
537	15
538	3
539	2
540	5
541	3
542	32
543	4
544	2
545	13
546	5
547	37
548	11
549	14
550	35
551	6
552	27
553	7
554	17
555	19
556	1
557	2
558	16
559	35
560	4
561	15
562	2
563	1
564	4
565	14
566	35
567	4
568	1
569	32
570	11
571	9
572	6
573	1
574	8
575	1
576	3
577	4
578	34
579	3
580	4
581	17
582	17
583	30
584	8
585	3
586	2
587	29
588	2
589	6
590	1
591	4
592	10
593	14
594	1
595	16
596	2
597	7
598	30
599	28
600	3
601	2
602	11
603	9
604	12
605	4
606	5
607	36
608	2
609	8
610	11
611	26
612	36
613	3
614	14
615	3
616	20
617	1
618	2
619	36
620	3
621	6
622	20
623	25
624	17
625	21
626	24
627	4
628	7
629	23
630	7
631	5
632	6
633	16
634	18
635	3
636	7
637	1
638	5
639	3
640	30
641	17
642	1
643	14
644	8
645	26
646	23
647	1
648	10
649	2
650	22
651	12
652	7
653	12
654	4
655	7
656	9
657	15
658	31
659	9
660	4
661	6
662	14
663	16
664	3
665	3
666	34
667	2
668	15
669	2
670	3
671	9
672	29
673	9
674	30
675	2
676	5
677	33
678	15
679	1
680	2
681	4
682	30
683	1
684	10
685	8
686	18
687	28
688	2
689	36
690	7
691	1
692	35
693	3
694	1
695	8
696	1
697	34
698	2
699	5
700	5
701	8
702	7
703	8
704	33
705	1
706	5
707	12
708	33
709	8
710	4
711	1
712	9
713	4
714	7
715	7
716	3
717	20
718	9
719	6
720	10
721	8
722	7
723	24
724	4
725	13
726	15
727	10
728	1
729	28
730	12
731	31
732	1
733	36
734	24
735	20
736	3
737	37
738	8
739	3
740	3
741	14
742	22
743	23
744	3
745	22
746	3
747	9
748	23
749	3
750	23
751	4
752	12
753	19
754	1
755	22
756	4
757	33
758	32
759	12
760	31
761	5
762	31
763	30
764	31
765	6
766	3
767	11
768	6
769	3
770	33
771	20
772	1
773	3
774	3
775	7
776	3
777	37
778	3
779	26
780	1
781	5
782	4
783	13
784	9
785	31
786	36
787	6
788	23
789	1
790	2
791	16
792	18
793	2
794	25
795	19
796	7
797	3
798	34
799	7
800	13
801	14
802	17
803	1
804	3
805	6
806	4
807	34
808	29
809	37
810	11
811	15
812	8
813	19
814	14
815	11
816	11
817	25
818	12
819	13
820	18
821	4
822	1
823	3
824	1
825	4
826	16
827	1
828	7
829	1
830	5
831	6
832	2
833	2
834	18
835	17
836	27
837	3
838	8
839	7
840	22
841	3
842	25
843	6
844	2
845	2
846	8
847	25
848	6
849	33
850	8
851	4
852	14
853	11
854	33
855	1
856	1
857	2
858	8
859	3
860	6
861	4
862	6
863	7
864	8
865	2
866	13
867	3
868	31
869	21
870	6
871	15
872	3
873	6
874	3
875	3
876	27
877	17
878	15
879	3
880	33
881	25
882	16
883	12
884	22
885	26
886	1
887	2
888	32
889	34
890	7
891	4
892	2
893	2
894	34
895	22
896	2
897	14
898	28
899	12
900	8
901	6
902	27
903	2
904	13
905	1
906	21
907	1
908	36
909	2
910	6
911	7
912	2
913	4
914	36
915	5
916	16
917	3
918	27
919	1
920	20
921	2
922	3
923	28
924	18
925	1
926	3
927	7
928	4
929	15
930	23
931	2
932	18
933	4
934	7
935	1
936	3
937	25
938	20
939	1
940	4
941	25
942	2
943	20
944	2
945	5
946	4
947	1
948	27
949	9
950	29
951	3
952	4
953	8
954	3
955	19
956	21
957	3
958	3
959	8
960	15
961	25
962	4
963	28
964	20
965	35
966	27
967	27
968	18
969	24
970	1
971	4
972	1
973	24
974	11
975	3
976	16
977	20
978	4
979	4
980	3
981	14
982	26
983	4
984	1
985	29
986	8
987	29
988	37
989	17
990	30
991	5
992	37
993	1
994	13
995	11
996	16
997	22
998	3
999	5
1000	2
