1	1
2	1
3	1
4	1
5	1
6	2
7	2
8	2
9	2
10	1
11	1
12	1
13	4
14	1
15	4
16	5
17	2
18	3
19	4
20	6
21	2
22	1
23	1
24	4
25	8
26	8
27	3
28	5
29	5
30	4
31	9
32	1
33	8
34	2
35	11
36	4
37	8
38	1
39	1
40	8
41	12
42	15
43	8
44	13
45	6
46	2
47	1
48	7
49	7
50	14
51	3
52	1
53	17
54	17
55	2
56	17
57	10
58	14
59	15
60	10
61	5
62	7
63	1
64	19
65	9
66	1
67	20
68	2
69	6
70	7
71	13
72	1
73	18
74	15
75	1
76	8
77	10
78	18
79	1
80	3
81	1
82	21
83	18
84	21
85	8
86	2
87	2
88	18
89	3
90	26
91	16
92	14
93	8
94	15
95	6
96	24
97	25
98	6
99	22
100	4
101	11
102	3
103	4
104	2
105	2
106	30
107	5
108	1
109	1
110	7
111	4
112	1
113	4
114	20
115	18
116	2
117	31
118	1
119	23
120	6
121	13
122	6
123	8
124	38
125	30
126	2
127	18
128	1
129	6
130	42
131	12
132	11
133	38
134	25
135	35
136	10
137	8
138	13
139	4
140	25
141	23
142	25
143	43
144	32
145	5
146	44
147	3
148	2
149	44
150	10
151	32
152	1
153	19
154	17
155	46
156	21
157	16
158	14
159	6
160	37
161	22
162	14
163	17
164	10
165	35
166	10
167	12
168	25
169	15
170	19
171	20
172	9
173	17
174	31
175	8
176	10
177	6
178	10
179	28
180	3
181	28
182	3
183	5
184	3
185	1
186	13
187	15
188	1
189	1
190	40
191	36
192	48
193	48
194	24
195	1
196	45
197	1
198	12
199	1
200	37
201	13
202	32
203	36
204	6
205	47
206	42
207	1
208	41
209	11
210	4
211	37
212	3
213	2
214	40
215	32
216	23
217	29
218	20
219	21
220	42
221	15
222	23
223	38
224	28
225	49
226	21
227	4
228	22
229	12
230	1
231	8
232	8
233	20
234	14
235	28
236	2
237	25
238	5
239	38
240	7
241	8
242	34
243	45
244	16
245	7
246	16
247	6
248	16
249	39
250	13
251	6
252	29
253	15
254	27
255	30
256	21
257	7
258	7
259	2
260	26
261	27
262	24
263	26
264	34
265	21
266	26
267	11
268	50
269	11
270	10
271	20
272	1
273	1
274	5
275	31
276	2
277	48
278	29
279	13
280	1
281	27
282	22
283	45
284	18
285	7
286	1
287	19
288	43
289	4
290	43
291	32
292	30
293	47
294	13
295	12
296	11
297	6
298	25
299	7
300	47
301	40
302	4
303	7
304	12
305	29
306	42
307	10
308	18
309	2
310	41
311	18
312	27
313	37
314	19
315	3
316	3
317	5
318	17
319	15
320	22
321	1
322	4
323	41
324	18
325	23
326	49
327	9
328	39
329	50
330	9
331	38
332	25
333	40
334	41
335	13
336	34
337	3
338	4
339	2
340	21
341	24
342	3
343	44
344	27
345	41
346	2
347	13
348	33
349	15
350	2
351	49
352	7
353	3
354	11
355	31
356	11
357	45
358	46
359	2
360	7
361	49
362	41
363	5
364	22
365	4
366	7
367	28
368	3
369	21
370	47
371	35
372	42
373	15
374	14
375	4
376	2
377	2
378	22
379	2
380	1
381	22
382	7
383	24
384	5
385	15
386	6
387	7
388	18
389	1
390	36
391	9
392	30
393	23
394	34
395	2
396	36
397	9
398	11
399	33
400	9
401	8
402	17
403	28
404	37
405	14
406	35
407	12
408	13
409	5
410	9
411	2
412	12
413	49
414	11
415	6
416	24
417	11
418	5
419	40
420	9
421	24
422	11
423	14
424	39
425	20
426	11
427	44
428	5
429	3
430	10
431	2
432	30
433	27
434	12
435	17
436	23
437	28
438	36
439	36
440	6
441	19
442	28
443	28
444	2
445	46
446	1
447	32
448	9
449	14
450	38
451	9
452	18
453	50
454	20
455	19
456	32
457	3
458	8
459	1
460	2
461	6
462	6
463	28
464	4
465	38
466	23
467	5
468	26
469	33
470	1
471	27
472	3
473	11
474	2
475	37
476	43
477	38
478	1
479	22
480	3
481	15
482	15
483	24
484	1
485	7
486	11
487	11
488	10
489	19
490	9
491	2
492	5
493	50
494	2
495	37
496	37
497	25
498	35
499	17
500	4
501	10
502	2
503	36
504	37
505	13
506	10
507	6
508	4
509	7
510	50
511	9
512	7
513	18
514	50
515	5
516	2
517	24
518	5
519	39
520	31
521	22
522	19
523	39
524	16
525	34
526	16
527	25
528	8
529	5
530	29
531	6
532	31
533	8
534	27
535	9
536	1
537	15
538	8
539	12
540	23
541	38
542	37
543	16
544	15
545	26
546	2
547	29
548	1
549	16
550	12
551	48
552	49
553	48
554	31
555	31
556	18
557	15
558	40
559	45
560	20
561	1
562	30
563	5
564	1
565	9
566	3
567	1
568	13
569	13
570	21
571	1
572	41
573	15
574	41
575	12
576	19
577	35
578	35
579	5
580	10
581	36
582	1
583	5
584	14
585	7
586	1
587	3
588	20
589	47
590	9
591	2
592	49
593	30
594	33
595	48
596	27
597	46
598	19
599	35
600	26
601	5
602	18
603	32
604	16
605	1
606	25
607	3
608	23
609	8
610	44
611	9
612	16
613	12
614	7
615	3
616	2
617	8
618	30
619	25
620	10
621	43
622	3
623	14
624	14
625	4
626	1
627	20
628	12
629	1
630	33
631	46
632	3
633	36
634	5
635	24
636	9
637	36
638	46
639	6
640	9
641	45
642	2
643	2
644	42
645	1
646	39
647	40
648	48
649	9
650	8
651	21
652	26
653	4
654	1
655	19
656	9
657	1
658	4
659	12
660	6
661	13
662	22
663	33
664	27
665	4
666	26
667	24
668	39
669	9
670	1
671	4
672	17
673	14
674	10
675	7
676	2
677	15
678	23
679	6
680	19
681	8
682	11
683	33
684	5
685	4
686	5
687	15
688	12
689	37
690	40
691	8
692	3
693	16
694	17
695	44
696	37
697	47
698	10
699	2
700	8
701	49
702	1
703	41
704	11
705	1
706	36
707	12
708	5
709	25
710	3
711	7
712	3
713	44
714	47
715	22
716	46
717	2
718	1
719	33
720	1
721	10
722	28
723	15
724	26
725	23
726	34
727	12
728	11
729	2
730	14
731	14
732	32
733	7
734	12
735	4
736	44
737	8
738	25
739	9
740	2
741	11
742	9
743	29
744	32
745	30
746	45
747	13
748	30
749	31
750	3
751	38
752	11
753	5
754	3
755	1
756	6
757	20
758	9
759	10
760	2
761	31
762	9
763	13
764	35
765	13
766	4
767	7
768	2
769	46
770	8
771	23
772	1
773	1
774	1
775	15
776	31
777	41
778	6
779	6
780	22
781	1
782	32
783	4
784	1
785	31
786	10
787	3
788	5
789	39
790	1
791	38
792	5
793	47
794	5
795	43
796	27
797	17
798	16
799	22
800	11
801	19
802	13
803	12
804	6
805	4
806	2
807	6
808	34
809	17
810	1
811	14
812	29
813	3
814	8
815	4
816	27
817	34
818	47
819	24
820	7
821	14
822	29
823	25
824	18
825	8
826	45
827	13
828	6
829	6
830	21
831	33
832	44
833	5
834	30
835	6
836	26
837	14
838	42
839	50
840	10
841	50
842	7
843	10
844	29
845	21
846	36
847	7
848	22
849	42
850	16
851	10
852	50
853	9
854	4
855	30
856	32
857	1
858	20
859	4
860	1
861	27
862	41
863	19
864	44
865	5
866	17
867	14
868	40
869	21
870	45
871	1
872	42
873	39
874	1
875	10
876	48
877	31
878	29
879	7
880	7
881	21
882	3
883	35
884	14
885	49
886	1
887	34
888	16
889	19
890	7
891	50
892	33
893	46
894	23
895	8
896	8
897	1
898	24
899	4
900	16
901	1
902	24
903	43
904	16
905	2
906	43
907	40
908	27
909	29
910	32
911	9
912	5
913	1
914	42
915	14
916	28
917	40
918	43
919	11
920	7
921	11
922	47
923	48
924	10
925	34
926	19
927	43
928	49
929	17
930	33
931	33
932	1
933	1
934	35
935	6
936	34
937	1
938	9
939	16
940	26
941	12
942	12
943	44
944	29
945	26
946	11
947	12
948	17
949	39
950	46
951	11
952	45
953	20
954	6
955	1
956	4
957	3
958	21
959	34
960	28
961	18
962	6
963	6
964	10
965	48
966	7
967	3
968	22
969	13
970	28
971	1
972	3
973	2
974	24
975	38
976	23
977	8
978	1
979	29
980	10
981	16
982	5
983	16
984	17
985	12
986	39
987	12
988	26
989	4
990	13
991	9
992	18
993	43
994	20
995	30
996	20
997	3
998	4
999	35
1000	42
