1	1
2	1
3	1
4	1
5	1
6	1
7	1
8	2
9	2
10	1
11	1
12	2
13	2
14	3
15	3
16	3
17	2
18	4
19	1
20	2
21	1
22	4
23	1
24	1
25	6
26	4
27	4
28	1
29	3
30	2
31	3
32	2
33	1
34	1
35	5
36	8
37	3
38	1
39	1
40	6
41	8
42	6
43	1
44	1
45	3
46	1
47	4
48	1
49	6
50	1
51	3
52	3
53	1
54	12
55	2
56	3
57	9
58	4
59	6
60	9
61	3
62	3
63	2
64	11
65	3
66	8
67	9
68	10
69	3
70	4
71	1
72	6
73	2
74	11
75	6
76	5
77	14
78	2
79	8
80	2
81	5
82	17
83	7
84	2
85	5
86	8
87	3
88	16
89	9
90	7
91	3
92	17
93	1
94	2
95	5
96	6
97	10
98	7
99	4
100	4
101	27
102	18
103	10
104	15
105	12
106	1
107	24
108	8
109	4
110	7
111	1
112	11
113	2
114	6
115	4
116	5
117	6
118	2
119	20
120	27
121	30
122	9
123	4
124	31
125	20
126	3
127	22
128	6
129	34
130	25
131	1
132	2
133	5
134	29
135	6
136	4
137	16
138	20
139	30
140	12
141	16
142	6
143	15
144	29
145	1
146	45
147	12
148	32
149	36
150	1
151	17
152	26
153	32
154	37
155	15
156	1
157	14
158	8
159	21
160	11
161	21
162	9
163	40
164	37
165	23
166	24
167	12
168	33
169	27
170	5
171	5
172	7
173	14
174	40
175	12
176	37
177	1
178	5
179	16
180	15
181	22
182	37
183	26
184	9
185	5
186	8
187	1
188	42
189	2
190	35
191	2
192	30
193	4
194	12
195	15
196	21
197	45
198	14
199	48
200	16
201	38
202	42
203	27
204	34
205	9
206	43
207	7
208	33
209	37
210	1
211	2
212	28
213	23
214	6
215	14
216	13
217	4
218	14
219	46
220	21
221	13
222	13
223	16
224	5
225	44
226	4
227	46
228	13
229	1
230	4
231	22
232	1
233	35
234	11
235	22
236	25
237	33
238	27
239	5
240	18
241	23
242	13
243	19
244	10
245	46
246	17
247	2
248	38
249	5
250	23
251	39
252	2
253	26
254	41
255	21
256	15
257	25
258	4
259	2
260	12
261	10
262	2
263	38
264	1
265	8
266	39
267	15
268	35
269	5
270	2
271	9
272	1
273	14
274	9
275	12
276	37
277	35
278	44
279	3
280	28
281	2
282	16
283	12
284	18
285	5
286	38
287	25
288	4
289	14
290	44
291	47
292	31
293	7
294	16
295	45
296	5
297	3
298	5
299	7
300	5
301	21
302	15
303	9
304	4
305	18
306	28
307	6
308	18
309	45
310	6
311	43
312	43
313	1
314	32
315	41
316	3
317	4
318	41
319	13
320	18
321	2
322	3
323	24
324	2
325	38
326	22
327	42
328	2
329	4
330	35
331	29
332	29
333	21
334	33
335	40
336	47
337	20
338	41
339	5
340	1
341	20
342	1
343	15
344	22
345	42
346	11
347	4
348	2
349	32
350	7
351	35
352	3
353	3
354	1
355	6
356	47
357	36
358	37
359	20
360	6
361	19
362	1
363	19
364	17
365	13
366	7
367	28
368	13
369	10
370	44
371	1
372	5
373	13
374	6
375	28
376	34
377	17
378	38
379	20
380	4
381	10
382	12
383	39
384	5
385	11
386	1
387	4
388	34
389	29
390	2
391	18
392	43
393	10
394	7
395	32
396	16
397	44
398	45
399	28
400	21
401	13
402	10
403	2
404	2
405	49
406	29
407	1
408	3
409	1
410	47
411	22
412	43
413	19
414	30
415	14
416	8
417	34
418	17
419	2
420	45
421	24
422	39
423	2
424	1
425	3
426	26
427	40
428	11
429	45
430	23
431	16
432	3
433	3
434	20
435	2
436	35
437	3
438	46
439	17
440	29
441	5
442	10
443	6
444	1
445	4
446	33
447	42
448	1
449	7
450	3
451	3
452	38
453	11
454	35
455	6
456	19
457	41
458	8
459	22
460	37
461	4
462	22
463	2
464	3
465	23
466	4
467	1
468	10
469	1
470	27
471	3
472	15
473	33
474	41
475	19
476	48
477	5
478	40
479	21
480	1
481	2
482	12
483	8
484	15
485	4
486	1
487	34
488	31
489	11
490	8
491	39
492	22
493	2
494	14
495	11
496	4
497	1
498	2
499	18
500	9
501	2
502	47
503	3
504	4
505	1
506	49
507	19
508	31
509	1
510	8
511	11
512	45
513	39
514	42
515	3
516	35
517	10
518	40
519	11
520	31
521	22
522	27
523	11
524	10
525	3
526	3
527	6
528	12
529	2
530	4
531	8
532	33
533	49
534	29
535	48
536	2
537	19
538	11
539	31
540	46
541	13
542	10
543	8
544	24
545	14
546	8
547	5
548	13
549	32
550	42
551	25
552	34
553	8
554	5
555	17
556	9
557	3
558	21
559	9
560	13
561	8
562	2
563	24
564	41
565	15
566	7
567	16
568	11
569	16
570	30
571	16
572	32
573	32
574	7
575	24
576	11
577	18
578	15
579	21
580	47
581	5
582	1
583	7
584	14
585	49
586	8
587	2
588	19
589	44
590	3
591	36
592	35
593	42
594	15
595	26
596	15
597	4
598	9
599	8
600	3
601	13
602	31
603	3
604	34
605	17
606	7
607	3
608	27
609	30
610	12
611	1
612	5
613	3
614	27
615	43
616	23
617	7
618	6
619	19
620	6
621	8
622	30
623	22
624	7
625	36
626	27
627	28
628	45
629	21
630	3
631	7
632	3
633	20
634	3
635	13
636	47
637	39
638	27
639	2
640	18
641	49
642	1
643	3
644	48
645	36
646	24
647	10
648	12
649	27
650	39
651	28
652	26
653	33
654	24
655	12
656	24
657	33
658	4
659	34
660	7
661	1
662	36
663	2
664	1
665	12
666	46
667	34
668	10
669	41
670	14
671	23
672	8
673	14
674	1
675	43
676	9
677	25
678	15
679	32
680	4
681	48
682	5
683	36
684	37
685	18
686	1
687	20
688	36
689	31
690	4
691	30
692	6
693	1
694	14
695	45
696	47
697	35
698	9
699	8
700	8
701	5
702	29
703	3
704	5
705	19
706	31
707	17
708	42
709	26
710	17
711	29
712	12
713	10
714	26
715	19
716	49
717	32
718	1
719	15
720	39
721	9
722	2
723	30
724	2
725	25
726	43
727	6
728	34
729	7
730	5
731	36
732	1
733	7
734	9
735	2
736	6
737	24
738	25
739	3
740	7
741	20
742	20
743	27
744	25
745	10
746	25
747	27
748	3
749	24
750	45
751	4
752	46
753	49
754	7
755	2
756	1
757	9
758	40
759	26
760	18
761	17
762	44
763	25
764	40
765	12
766	1
767	20
768	43
769	26
770	2
771	16
772	1
773	20
774	3
775	2
776	17
777	20
778	31
779	5
780	10
781	26
782	6
783	2
784	9
785	16
786	30
787	25
788	1
789	8
790	25
791	2
792	2
793	1
794	25
795	32
796	18
797	48
798	10
799	14
800	7
801	34
802	11
803	11
804	41
805	38
806	15
807	28
808	38
809	15
810	9
811	8
812	6
813	12
814	22
815	28
816	23
817	28
818	8
819	10
820	16
821	8
822	13
823	22
824	21
825	7
826	10
827	26
828	1
829	16
830	48
831	40
832	1
833	1
834	44
835	23
836	26
837	23
838	46
839	6
840	1
841	12
842	46
843	44
844	4
845	30
846	16
847	39
848	14
849	49
850	8
851	28
852	23
853	19
854	2
855	7
856	2
857	21
858	7
859	21
860	1
861	1
862	26
863	33
864	29
865	3
866	22
867	13
868	3
869	11
870	1
871	25
872	12
873	2
874	3
875	5
876	3
877	28
878	11
879	9
880	12
881	4
882	1
883	43
884	48
885	18
886	19
887	15
888	6
889	37
890	5
891	38
892	37
893	30
894	3
895	33
896	29
897	31
898	10
899	3
900	4
901	5
902	18
903	9
904	44
905	7
906	5
907	3
908	19
909	49
910	7
911	4
912	42
913	20
914	31
915	13
916	17
917	2
918	13
919	13
920	1
921	6
922	3
923	2
924	17
925	24
926	8
927	3
928	9
929	40
930	44
931	41
932	1
933	36
934	19
935	49
936	7
937	23
938	13
939	2
940	23
941	30
942	28
943	17
944	2
945	2
946	39
947	7
948	6
949	1
950	4
951	11
952	14
953	3
954	1
955	36
956	4
957	10
958	18
959	23
960	14
961	23
962	1
963	48
964	47
965	11
966	1
967	7
968	6
969	40
970	26
971	4
972	10
973	32
974	11
975	24
976	17
977	6
978	47
979	32
980	33
981	5
982	35
983	22
984	3
985	31
986	4
987	38
988	48
989	21
990	5
991	37
992	42
993	14
994	24
995	36
996	41
997	29
998	3
999	46
1000	43
