1	2
1	3
1	4
1	5
1	9
1	10
1	16
1	27
1	38
1	41
1	45
1	53
1	55
1	57
1	65
1	70
1	74
1	75
1	76
1	80
1	83
1	94
1	103
1	106
1	123
1	129
1	132
1	136
1	138
1	139
1	140
1	145
1	150
1	168
1	169
1	173
1	174
1	176
1	178
1	185
1	193
1	205
1	225
1	227
1	234
1	265
1	266
1	271
1	279
1	281
1	284
1	290
1	298
1	299
1	304
1	320
1	333
1	379
1	390
1	409
1	425
1	431
1	443
1	445
1	446
1	479
1	485
1	506
1	579
1	587
1	630
1	647
1	671
1	673
1	709
1	711
1	717
1	724
1	725
1	730
1	756
1	757
1	762
1	794
1	801
1	806
1	809
1	810
1	816
1	822
1	840
1	873
1	876
1	877
1	889
1	947
1	959
1	981
1	983
1	998
2	3
2	5
2	8
2	9
2	10
2	16
2	23
2	32
2	45
2	49
2	53
2	55
2	57
2	72
2	74
2	75
2	76
2	83
2	87
2	94
2	98
2	105
2	123
2	132
2	136
2	138
2	139
2	140
2	141
2	145
2	155
2	162
2	168
2	169
2	173
2	174
2	176
2	179
2	185
2	192
2	203
2	227
2	249
2	266
2	275
2	279
2	290
2	299
2	320
2	321
2	330
2	346
2	367
2	373
2	386
2	390
2	403
2	409
2	431
2	443
2	450
2	452
2	470
2	485
2	516
2	520
2	526
2	554
2	600
2	606
2	608
2	610
2	612
2	618
2	630
2	657
2	695
2	725
2	743
2	762
2	798
2	873
2	876
2	899
2	968
2	987
2	995
2	998
3	5
3	9
3	10
3	16
3	22
3	29
3	36
3	45
3	55
3	57
3	70
3	75
3	76
3	83
3	89
3	110
3	132
3	136
3	138
3	151
3	162
3	168
3	169
3	173
3	176
3	178
3	179
3	181
3	185
3	193
3	195
3	213
3	227
3	255
3	268
3	275
3	279
3	284
3	294
3	304
3	320
3	326
3	330
3	380
3	425
3	451
3	482
3	485
3	486
3	504
3	520
3	533
3	539
3	544
3	552
3	557
3	564
3	612
3	640
3	643
3	647
3	657
3	682
3	688
3	728
3	753
3	791
3	801
3	831
3	840
3	849
3	894
3	904
3	946
3	947
3	966
4	6
4	8
4	11
4	17
4	19
4	21
4	22
4	23
4	25
4	26
4	27
4	31
4	32
4	34
4	37
4	47
4	51
4	56
4	61
4	64
4	68
4	69
4	73
4	80
4	88
4	91
4	95
4	97
4	103
4	107
4	109
4	122
4	128
4	130
4	147
4	152
4	153
4	158
4	162
4	172
4	188
4	205
4	215
4	220
4	227
4	239
4	242
4	244
4	265
4	313
4	321
4	352
4	357
4	372
4	389
4	415
4	472
4	473
4	480
4	483
4	501
4	536
4	562
4	655
4	672
4	736
4	754
4	758
4	764
4	807
4	918
4	944
4	958
4	964
4	980
4	985
5	9
5	10
5	12
5	16
5	17
5	19
5	34
5	37
5	53
5	55
5	70
5	74
5	76
5	77
5	83
5	89
5	94
5	97
5	106
5	119
5	120
5	132
5	138
5	139
5	147
5	154
5	162
5	174
5	178
5	179
5	185
5	193
5	194
5	249
5	255
5	271
5	290
5	298
5	320
5	346
5	386
5	390
5	425
5	427
5	431
5	446
5	479
5	492
5	510
5	520
5	537
5	552
5	576
5	587
5	600
5	655
5	657
5	692
5	711
5	725
5	801
5	875
5	889
5	910
5	963
5	973
5	983
5	998
6	7
6	8
6	10
6	17
6	19
6	21
6	23
6	26
6	27
6	32
6	34
6	37
6	41
6	43
6	67
6	68
6	73
6	79
6	81
6	90
6	92
6	102
6	103
6	109
6	128
6	130
6	141
6	153
6	158
6	172
6	225
6	242
6	253
6	254
6	302
6	326
6	335
6	336
6	357
6	384
6	394
6	427
6	459
6	491
6	532
6	553
6	592
6	601
6	605
6	613
6	622
6	632
6	635
6	653
6	659
6	660
6	678
6	733
6	751
6	767
6	924
6	930
6	938
6	944
6	975
7	13
7	15
7	24
7	29
7	32
7	33
7	37
7	54
7	62
7	63
7	69
7	82
7	96
7	99
7	142
7	150
7	156
7	191
7	199
7	212
7	217
7	221
7	233
7	243
7	253
7	256
7	264
7	277
7	345
7	354
7	359
7	369
7	436
7	456
7	484
7	487
7	498
7	508
7	551
7	557
7	571
7	576
7	578
7	579
7	593
7	616
7	624
7	638
7	676
7	742
7	775
7	804
7	808
7	821
7	834
7	866
7	881
7	960
7	973
8	12
8	17
8	23
8	25
8	26
8	28
8	31
8	34
8	37
8	41
8	43
8	51
8	56
8	64
8	80
8	86
8	92
8	95
8	102
8	109
8	141
8	153
8	163
8	170
8	197
8	208
8	221
8	241
8	243
8	265
8	356
8	363
8	366
8	397
8	427
8	472
8	504
8	524
8	565
8	567
8	586
8	605
8	613
8	614
8	653
8	690
8	752
8	769
8	796
8	895
8	902
8	918
8	922
8	935
9	10
9	16
9	45
9	53
9	55
9	57
9	60
9	70
9	73
9	75
9	89
9	94
9	98
9	106
9	112
9	136
9	139
9	140
9	145
9	176
9	179
9	189
9	230
9	231
9	255
9	266
9	284
9	298
9	326
9	330
9	333
9	337
9	346
9	355
9	386
9	402
9	414
9	451
9	452
9	492
9	497
9	661
9	682
9	686
9	690
9	737
9	762
9	787
9	794
9	810
9	902
9	953
10	15
10	16
10	17
10	70
10	74
10	75
10	76
10	83
10	106
10	109
10	123
10	131
10	132
10	138
10	139
10	145
10	164
10	168
10	173
10	178
10	179
10	185
10	193
10	227
10	249
10	255
10	275
10	289
10	290
10	304
10	337
10	385
10	414
10	429
10	482
10	537
10	592
10	612
10	618
10	643
10	648
10	661
10	678
10	697
10	763
10	787
10	871
10	912
10	995
11	48
11	70
11	72
11	77
11	85
11	90
11	94
11	104
11	113
11	142
11	161
11	165
11	184
11	217
11	218
11	225
11	226
11	240
11	241
11	246
11	258
11	261
11	286
11	298
11	309
11	312
11	322
11	327
11	332
11	376
11	404
11	428
11	510
11	519
11	528
11	577
11	589
11	590
11	611
11	615
11	631
11	706
11	735
11	786
11	817
11	857
11	867
11	982
11	996
12	14
12	19
12	30
12	38
12	44
12	49
12	55
12	84
12	108
12	109
12	112
12	113
12	119
12	146
12	174
12	182
12	193
12	250
12	300
12	316
12	348
12	352
12	365
12	371
12	448
12	454
12	464
12	480
12	522
12	530
12	543
12	579
12	679
12	705
12	766
12	781
12	788
12	829
12	850
12	852
12	912
13	22
13	31
13	32
13	39
13	47
13	59
13	63
13	67
13	69
13	99
13	101
13	105
13	124
13	132
13	149
13	187
13	188
13	206
13	216
13	257
13	260
13	270
13	331
13	411
13	415
13	468
13	568
13	601
13	620
13	700
13	752
13	760
13	773
13	777
13	862
13	887
13	910
13	994
14	20
14	27
14	52
14	58
14	127
14	134
14	142
14	175
14	176
14	192
14	196
14	202
14	223
14	233
14	262
14	280
14	291
14	297
14	320
14	328
14	341
14	392
14	496
14	597
14	617
14	649
14	682
14	695
14	697
14	718
14	807
14	816
14	818
14	828
14	858
14	884
14	896
14	972
15	23
15	24
15	29
15	33
15	37
15	49
15	51
15	54
15	62
15	63
15	69
15	82
15	150
15	199
15	215
15	217
15	233
15	243
15	253
15	256
15	354
15	359
15	369
15	444
15	498
15	508
15	571
15	616
15	638
15	715
15	775
15	821
15	848
15	900
15	936
15	954
15	973
16	44
16	45
16	53
16	55
16	57
16	74
16	82
16	89
16	111
16	123
16	132
16	138
16	139
16	140
16	176
16	178
16	214
16	230
16	236
16	249
16	299
16	326
16	331
16	333
16	339
16	346
16	499
16	673
16	688
16	791
16	809
16	822
17	21
17	22
17	25
17	26
17	34
17	37
17	41
17	43
17	56
17	61
17	95
17	102
17	108
17	126
17	152
17	241
17	254
17	258
17	261
17	304
17	311
17	335
17	336
17	372
17	463
17	558
17	586
17	599
17	702
17	744
17	776
17	849
17	938
18	28
18	40
18	50
18	60
18	68
18	88
18	91
18	111
18	114
18	144
18	167
18	198
18	248
18	268
18	307
18	367
18	500
18	501
18	542
18	547
18	580
18	583
18	607
18	609
18	624
18	629
18	672
18	679
18	723
18	734
18	792
18	824
18	844
18	856
18	921
18	957
18	968
18	998
19	21
19	26
19	31
19	32
19	43
19	55
19	56
19	71
19	73
19	97
19	107
19	109
19	128
19	130
19	138
19	147
19	237
19	315
19	335
19	340
19	356
19	372
19	394
19	397
19	399
19	504
19	540
19	585
19	659
19	693
19	736
19	900
20	25
20	26
20	52
20	58
20	68
20	127
20	134
20	135
20	175
20	192
20	202
20	204
20	223
20	262
20	291
20	297
20	328
20	341
20	392
20	490
20	496
20	588
20	597
20	649
20	683
20	710
20	718
20	749
20	818
20	825
20	828
20	858
20	970
20	972
21	23
21	31
21	43
21	51
21	78
21	92
21	95
21	102
21	122
21	130
21	141
21	147
21	197
21	208
21	219
21	221
21	276
21	313
21	335
21	386
21	473
21	491
21	521
21	523
21	534
21	605
21	652
21	655
21	749
21	944
21	956
22	25
22	26
22	31
22	37
22	64
22	68
22	92
22	95
22	96
22	102
22	130
22	143
22	159
22	163
22	170
22	172
22	188
22	219
22	220
22	223
22	327
22	335
22	391
22	393
22	460
22	648
22	736
22	837
22	895
22	929
22	941
23	26
23	27
23	32
23	34
23	37
23	41
23	64
23	73
23	80
23	86
23	128
23	158
23	209
23	212
23	222
23	242
23	280
23	305
23	335
23	336
23	380
23	459
23	558
23	592
23	655
23	691
23	769
23	897
24	25
24	29
24	33
24	54
24	62
24	69
24	82
24	150
24	180
24	191
24	194
24	199
24	212
24	217
24	253
24	256
24	277
24	345
24	364
24	408
24	498
24	508
24	557
24	620
24	701
24	712
24	758
24	814
24	936
24	942
24	961
24	973
25	26
25	27
25	34
25	71
25	79
25	90
25	92
25	103
25	128
25	131
25	163
25	166
25	170
25	177
25	243
25	248
25	460
25	483
25	515
25	592
25	646
25	648
25	655
25	765
25	793
25	956
25	990
26	27
26	56
26	64
26	91
26	92
26	121
26	130
26	134
26	254
26	307
26	361
26	422
26	438
26	460
26	471
26	513
26	567
26	574
26	690
26	751
26	837
26	933
26	975
27	30
27	32
27	34
27	37
27	43
27	64
27	67
27	97
27	103
27	128
27	152
27	219
27	347
27	390
27	394
27	435
27	442
27	473
27	491
27	592
27	714
27	749
27	888
27	908
28	29
28	40
28	50
28	60
28	71
28	88
28	111
28	144
28	167
28	190
28	248
28	268
28	270
28	313
28	328
28	345
28	367
28	395
28	437
28	501
28	672
28	734
28	861
28	868
28	892
28	899
28	925
28	968
29	30
29	33
29	54
29	62
29	69
29	82
29	105
29	191
29	199
29	212
29	233
29	256
29	264
29	436
29	456
29	563
29	593
29	616
29	660
29	775
29	821
29	848
29	925
29	942
30	31
30	38
30	44
30	49
30	59
30	70
30	84
30	108
30	112
30	113
30	119
30	146
30	163
30	182
30	249
30	250
30	300
30	314
30	348
30	352
30	454
30	457
30	480
30	781
30	829
30	850
31	32
31	37
31	39
31	41
31	51
31	56
31	61
31	68
31	91
31	97
31	103
31	163
31	165
31	172
31	215
31	463
31	500
31	545
31	562
31	598
31	845
31	929
32	43
32	60
32	73
32	91
32	97
32	103
32	105
32	128
32	130
32	140
32	166
32	194
32	313
32	321
32	341
32	397
32	438
32	463
32	765
33	54
33	62
33	65
33	69
33	71
33	82
33	150
33	160
33	191
33	199
33	217
33	243
33	256
33	264
33	277
33	359
33	366
33	396
33	676
33	804
33	808
33	834
33	866
34	37
34	68
34	72
34	103
34	141
34	163
34	166
34	200
34	220
34	395
34	398
34	532
34	559
34	623
34	636
34	653
34	654
34	674
34	823
35	36
35	81
35	117
35	143
35	169
35	186
35	189
35	234
35	245
35	252
35	280
35	281
35	315
35	368
35	404
35	433
35	494
35	583
35	639
35	681
35	701
35	722
35	732
35	820
35	884
35	945
36	64
36	81
36	117
36	143
36	186
36	187
36	234
36	245
36	252
36	280
36	303
36	315
36	363
36	368
36	475
36	528
36	583
36	681
36	701
36	722
36	732
36	820
36	967
36	979
37	43
37	68
37	95
37	122
37	166
37	244
37	321
37	515
37	565
37	598
37	690
37	958
37	999
38	44
38	49
38	108
38	112
38	113
38	119
38	146
38	250
38	300
38	316
38	323
38	348
38	349
38	365
38	371
38	464
38	522
38	543
38	549
38	634
38	788
38	985
39	47
39	59
39	63
39	67
39	99
39	101
39	105
39	124
39	138
39	183
39	187
39	216
39	270
39	285
39	369
39	411
39	601
39	656
39	668
39	671
39	777
39	949
39	982
40	50
40	60
40	70
40	85
40	88
40	111
40	114
40	144
40	167
40	268
40	409
40	437
40	542
40	572
40	580
40	617
40	620
40	639
40	734
40	844
40	861
40	892
40	957
41	56
41	64
41	67
41	95
41	109
41	122
41	125
41	130
41	141
41	208
41	221
41	242
41	334
41	335
41	340
41	434
41	765
41	849
42	47
42	48
42	110
42	207
42	259
42	274
42	289
42	308
42	324
42	358
42	393
42	406
42	421
42	422
42	610
42	679
42	692
42	737
42	785
42	815
42	880
42	903
42	907
42	948
43	51
43	56
43	73
43	79
43	124
43	128
43	163
43	242
43	254
43	349
43	365
43	483
43	548
43	613
43	646
43	793
44	49
44	81
44	84
44	108
44	113
44	146
44	182
44	232
44	250
44	306
44	352
44	448
44	454
44	475
44	480
44	522
44	543
44	725
44	852
44	1000
45	55
45	70
45	74
45	76
45	83
45	94
45	98
45	106
45	178
45	189
45	193
45	271
45	299
45	380
45	443
45	517
45	665
45	753
45	916
46	65
46	96
46	115
46	171
46	222
46	224
46	237
46	257
46	271
46	296
46	398
46	417
46	489
46	541
46	626
46	657
46	721
46	842
46	855
46	916
46	917
46	932
46	953
46	966
47	59
47	99
47	101
47	124
47	127
47	216
47	270
47	350
47	390
47	415
47	620
47	671
47	699
47	752
47	777
47	778
47	836
47	887
47	915
47	949
48	69
48	102
48	110
48	116
48	140
48	207
48	259
48	274
48	289
48	308
48	324
48	358
48	383
48	421
48	507
48	547
48	621
48	722
48	785
48	880
48	907
49	69
49	84
49	108
49	112
49	113
49	119
49	146
49	182
49	316
49	348
49	371
49	448
49	794
49	850
49	885
49	912
49	921
50	60
50	70
50	88
50	90
50	111
50	114
50	248
50	268
50	307
50	375
50	395
50	422
50	501
50	512
50	609
50	624
50	677
50	684
50	687
50	698
51	64
51	68
51	71
51	79
51	80
51	92
51	95
51	122
51	147
51	152
51	301
51	416
51	504
51	533
51	922
51	928
51	944
52	58
52	127
52	134
52	175
52	192
52	202
52	262
52	291
52	341
52	384
52	463
52	580
52	617
52	683
52	695
52	790
52	807
52	884
52	934
52	939
52	988
53	57
53	70
53	89
53	132
53	196
53	232
53	255
53	275
53	336
53	370
53	429
53	443
53	492
53	587
53	647
53	678
53	806
53	893
54	69
54	74
54	75
54	82
54	187
54	191
54	243
54	248
54	253
54	263
54	359
54	400
54	578
54	593
54	676
54	758
54	960
55	75
55	76
55	139
55	162
55	174
55	179
55	290
55	294
55	326
55	373
55	414
55	482
55	963
56	60
56	61
56	71
56	80
56	135
56	138
56	215
56	222
56	305
56	357
56	491
56	636
56	902
56	977
57	75
57	88
57	99
57	205
57	271
57	284
57	292
57	297
57	304
57	319
57	337
57	451
57	647
57	730
57	910
57	966
58	76
58	127
58	163
58	175
58	192
58	223
58	262
58	291
58	341
58	568
58	649
58	730
58	807
58	825
58	884
58	896
58	938
58	970
58	972
59	63
59	65
59	67
59	99
59	101
59	105
59	124
59	178
59	187
59	206
59	214
59	270
59	331
59	411
59	479
59	568
59	726
59	757
60	88
60	119
60	144
60	164
60	167
60	190
60	367
60	437
60	677
60	720
60	824
60	837
60	921
60	926
61	97
61	104
61	109
61	152
61	153
61	157
61	170
61	205
61	221
61	241
61	265
61	472
61	502
61	568
61	686
61	749
61	933
62	69
62	82
62	100
62	117
62	150
62	151
62	191
62	212
62	322
62	345
62	436
62	456
62	487
62	834
62	848
62	942
63	67
63	99
63	101
63	105
63	124
63	187
63	214
63	215
63	216
63	260
63	397
63	468
63	642
63	700
63	862
63	915
64	71
64	78
64	97
64	130
64	152
64	188
64	244
64	415
64	483
64	779
64	850
64	943
65	96
65	128
65	171
65	224
65	237
65	251
65	296
65	398
65	399
65	417
65	478
65	489
65	906
65	916
65	976
65	977
66	94
66	111
66	116
66	301
66	302
66	306
66	366
66	370
66	478
66	493
66	503
66	523
66	527
66	560
66	594
66	619
66	628
66	704
66	719
66	937
67	101
67	124
67	187
67	206
67	257
67	260
67	270
67	285
67	437
67	491
67	699
67	752
67	836
68	86
68	97
68	128
68	141
68	147
68	215
68	219
68	429
68	534
68	789
68	799
69	82
69	170
69	191
69	199
69	217
69	233
69	264
69	277
69	557
70	74
70	138
70	193
70	271
70	299
70	499
70	501
70	678
70	697
71	79
71	80
71	97
71	113
71	151
71	197
71	219
71	285
71	340
71	502
71	658
71	733
71	776
72	90
72	91
72	104
72	142
72	161
72	165
72	226
72	258
72	261
72	268
72	312
72	322
72	424
72	510
72	528
72	545
72	640
73	79
73	130
73	161
73	163
73	208
73	252
73	393
73	442
73	502
73	515
73	702
73	744
74	119
74	138
74	193
74	201
74	330
74	403
74	560
74	688
74	711
74	794
74	931
75	76
75	98
75	118
75	173
75	227
75	275
75	337
75	425
75	479
75	711
75	879
76	89
76	106
76	136
76	178
76	279
76	516
76	569
76	636
76	688
76	798
77	85
77	87
77	104
77	161
77	165
77	184
77	240
77	258
77	264
77	309
77	376
77	404
77	510
77	590
77	706
77	806
77	862
78	100
78	126
78	217
78	288
78	295
78	309
78	350
78	381
78	402
78	444
78	450
78	494
78	517
78	524
78	595
78	680
78	923
79	80
79	92
79	170
79	200
79	222
79	317
79	340
79	394
79	473
79	714
79	876
79	956
79	959
80	97
80	141
80	432
80	483
80	484
80	508
80	548
80	659
80	779
80	796
80	933
81	117
81	143
81	189
81	234
81	245
81	251
81	280
81	315
81	347
81	368
81	553
81	565
81	639
81	901
81	967
82	150
82	195
82	212
82	238
82	277
82	345
82	578
82	753
82	936
82	941
83	106
83	140
83	145
83	185
83	200
83	266
83	292
83	316
83	333
83	380
83	533
83	787
83	845
84	108
84	112
84	113
84	119
84	125
84	146
84	227
84	316
84	365
84	376
84	405
84	448
84	464
84	530
84	579
85	90
85	101
85	104
85	142
85	184
85	258
85	312
85	322
85	376
85	404
85	535
85	588
85	590
85	613
85	688
85	706
86	107
86	198
86	210
86	229
86	258
86	283
86	342
86	375
86	382
86	519
86	574
86	667
86	800
86	919
86	969
87	93
87	118
87	129
87	149
87	154
87	254
87	318
87	407
87	470
87	508
87	556
87	595
87	606
87	759
87	847
87	992
88	111
88	114
88	144
88	276
88	307
88	367
88	672
88	677
88	683
88	720
88	824
89	106
89	111
89	139
89	140
89	255
89	298
89	309
89	461
89	499
89	520
89	567
89	967
90	165
90	246
90	261
90	286
90	322
90	378
90	404
90	577
90	611
90	817
90	857
90	924
91	95
91	122
91	147
91	150
91	205
91	220
91	239
91	321
91	532
91	789
91	922
92	103
92	130
92	145
92	281
92	393
92	577
92	646
92	654
92	706
93	118
93	120
93	129
93	149
93	154
93	189
93	318
93	407
93	443
93	470
93	550
93	606
93	658
93	755
93	833
93	913
94	101
94	132
94	136
94	148
94	162
94	169
94	185
94	445
94	446
94	625
95	103
95	158
95	169
95	172
95	333
95	453
95	455
95	964
96	115
96	130
96	171
96	274
96	338
96	387
96	541
96	626
96	805
96	832
96	932
96	953
96	993
97	188
97	241
97	302
97	412
97	435
97	980
98	123
98	168
98	176
98	249
98	271
98	365
98	397
98	430
98	445
98	587
98	762
98	782
98	810
99	105
99	124
99	214
99	248
99	257
99	260
99	601
99	757
99	793
100	126
100	238
100	295
100	318
100	350
100	381
100	402
100	403
100	444
100	517
100	524
100	680
100	710
100	923
101	105
101	131
101	214
101	257
101	266
101	285
101	331
101	915
102	147
102	152
102	161
102	313
102	334
102	504
102	623
102	630
102	669
102	837
103	147
103	254
103	302
103	420
103	693
103	980
104	165
104	184
104	218
104	258
104	377
104	387
104	588
104	611
104	800
104	982
104	996
105	206
105	216
105	245
105	260
105	411
105	773
105	862
106	137
106	212
106	275
106	298
106	445
106	461
106	479
106	898
107	137
107	198
107	210
107	229
107	342
107	375
107	382
107	519
107	574
107	800
107	911
107	919
107	971
108	115
108	261
108	300
108	314
108	365
108	454
108	522
108	912
108	932
109	156
109	158
109	334
109	420
109	598
109	648
109	658
109	985
110	207
110	259
110	274
110	289
110	305
110	308
110	324
110	383
110	421
110	681
110	692
110	720
110	907
111	172
111	190
111	307
111	607
111	684
111	723
111	792
111	892
112	113
112	119
112	146
112	182
112	314
112	321
112	736
112	766
112	840
112	1000
113	119
113	146
113	182
113	300
113	448
113	496
113	530
114	118
114	171
114	174
114	190
114	240
114	395
114	684
114	723
114	899
114	921
114	926
114	994
115	168
115	175
115	224
115	237
115	251
115	329
115	387
115	478
115	626
115	656
115	663
115	805
115	832
116	167
116	301
116	306
116	366
116	408
116	493
116	503
116	560
116	594
116	619
116	628
116	704
116	937
116	965
117	143
117	189
117	245
117	272
117	280
117	281
117	315
117	368
117	381
117	625
117	639
117	681
118	129
118	148
118	164
118	318
118	407
118	470
118	487
118	550
118	606
118	759
118	866
119	146
119	182
119	314
119	709
119	852
120	131
120	213
120	267
120	327
120	396
120	514
120	570
120	696
120	727
120	756
120	795
120	882
120	992
121	151
121	286
121	374
121	377
121	420
121	426
121	429
121	449
121	549
121	603
121	739
121	761
121	952
121	976
122	123
122	147
122	154
122	215
122	219
122	421
122	442
122	764
122	776
123	227
123	266
123	275
123	290
123	298
123	492
123	696
123	873
123	915
124	260
124	285
124	468
124	552
124	568
124	671
124	863
125	137
125	146
125	159
125	294
125	317
125	400
125	466
125	481
125	642
125	708
125	835
125	872
125	888
126	152
126	288
126	295
126	381
126	402
126	410
126	444
126	494
126	517
126	524
126	595
126	897
127	175
127	192
127	202
127	229
127	262
127	297
127	394
127	466
127	816
127	818
128	265
128	267
128	382
128	648
128	674
129	148
129	149
129	154
129	164
129	407
129	499
129	550
129	556
129	600
129	847
129	883
130	436
130	638
130	895
131	239
131	272
131	325
131	327
131	329
131	512
131	652
131	745
131	756
131	802
131	981
132	172
132	185
132	186
132	292
132	320
132	798
133	135
133	238
133	311
133	339
133	410
133	439
133	440
133	509
133	539
133	689
133	740
133	811
133	895
133	989
133	997
134	175
134	217
134	233
134	341
134	543
134	649
134	695
134	858
134	934
134	939
135	183
135	238
135	311
135	339
135	410
135	440
135	509
135	766
135	811
135	989
135	997
136	169
136	202
136	235
136	386
136	585
136	605
136	806
136	831
137	159
137	294
137	317
137	337
137	400
137	466
137	641
137	642
137	708
137	835
137	871
138	409
138	492
138	947
139	159
139	169
139	314
139	323
139	373
139	836
140	299
140	304
140	461
140	576
140	610
140	728
141	153
141	158
141	207
141	521
141	594
141	943
142	184
142	192
142	218
142	246
142	428
142	528
142	577
142	813
143	186
143	189
143	252
143	316
143	520
143	565
143	732
143	820
144	146
144	190
144	209
144	395
144	452
144	572
144	684
144	844
145	176
145	278
145	400
145	403
145	425
145	618
145	645
146	766
146	913
147	273
147	513
147	744
148	149
148	154
148	164
148	318
148	446
148	550
148	556
148	755
148	838
148	992
149	154
149	164
149	301
149	407
149	586
149	606
149	883
149	913
150	212
150	508
150	638
150	758
150	954
151	177
151	224
151	374
151	377
151	426
151	449
151	569
151	603
151	976
152	532
152	598
152	686
152	691
152	897
153	265
153	302
153	503
153	521
153	562
153	567
153	623
154	164
154	381
154	470
154	847
154	883
155	196
155	276
155	411
155	499
155	505
155	525
155	604
155	629
155	768
155	860
155	886
156	198
156	204
156	278
156	344
156	591
156	627
156	633
156	665
156	746
156	898
157	211
157	231
157	232
157	363
157	399
157	406
157	433
157	439
157	584
157	851
157	928
158	188
158	219
158	220
158	372
158	513
158	770
159	294
159	317
159	454
159	466
159	481
159	641
159	642
159	871
160	193
160	201
160	413
160	441
160	467
160	664
160	729
160	790
160	869
160	909
160	940
161	258
161	261
161	322
161	378
161	611
161	631
161	982
162	168
162	179
162	346
162	446
162	694
162	819
163	173
163	849
163	958
164	318
164	556
164	755
164	759
164	995
165	184
165	227
165	254
165	428
165	577
165	615
166	250
166	310
166	460
166	534
166	562
166	691
166	765
166	938
167	268
167	307
167	362
167	395
167	500
167	861
167	994
168	169
168	326
168	608
168	643
168	861
169	178
169	179
169	326
170	194
170	215
170	586
170	654
170	741
170	900
171	251
171	256
171	263
171	296
171	310
171	338
171	417
171	860
172	334
172	438
172	504
172	622
172	922
173	373
173	414
173	943
173	954
173	995
174	451
174	564
174	753
174	763
174	889
175	192
175	512
175	521
175	617
176	198
176	452
176	472
177	180
177	349
177	355
177	453
177	481
177	537
177	705
177	797
177	874
178	307
178	630
179	637
179	661
179	791
180	349
180	355
180	404
180	453
180	641
180	694
180	705
180	797
180	874
181	209
181	228
181	295
181	401
181	472
181	559
181	614
181	741
181	904
181	974
182	265
182	419
182	462
182	1000
183	247
183	388
183	599
183	622
183	666
183	778
183	846
183	878
183	927
184	226
184	228
184	357
184	378
184	640
185	631
185	846
185	957
186	234
186	245
186	280
186	281
186	283
186	993
186	999
187	206
187	216
187	415
187	892
188	231
188	334
188	393
188	680
188	941
189	245
189	252
189	347
189	993
190	248
190	461
190	764
190	957
190	963
190	968
191	217
191	354
191	382
191	449
192	242
192	262
192	297
193	534
193	873
194	208
194	242
194	435
194	472
194	473
194	521
194	562
195	319
195	343
195	536
195	561
195	585
195	625
195	707
195	853
195	962
196	276
196	423
196	505
196	525
196	604
196	704
196	768
196	803
197	221
197	267
197	336
197	515
197	634
197	654
197	659
197	900
198	210
198	229
198	283
198	342
198	574
198	667
199	259
199	503
199	623
199	866
199	954
200	236
200	384
200	447
200	471
200	742
200	783
200	826
200	891
201	413
201	457
201	467
201	534
201	662
201	729
201	790
201	909
201	949
202	243
202	328
202	392
202	591
202	896
203	228
203	401
203	526
203	581
203	614
203	651
203	729
203	754
203	904
204	278
204	344
204	411
204	412
204	627
204	665
204	746
204	898
205	220
205	221
205	356
205	567
205	599
206	214
206	266
206	566
206	699
206	887
207	259
207	274
207	547
207	621
207	820
207	852
208	321
208	372
208	531
208	555
208	558
209	228
209	559
209	581
209	614
209	651
209	787
209	974
210	218
210	283
210	298
210	342
210	375
210	382
210	519
211	231
211	232
211	274
211	406
211	439
211	530
211	584
211	851
211	928
212	354
212	571
213	267
213	327
213	329
213	396
213	473
213	652
213	802
213	803
214	277
214	331
214	700
214	949
215	372
215	744
216	257
216	388
216	514
216	836
217	712
218	325
218	332
218	535
218	589
218	857
218	996
219	438
219	542
219	903
220	244
220	321
220	564
220	651
221	536
221	823
221	935
222	310
222	399
222	417
222	489
222	932
222	953
223	328
223	392
223	496
223	617
223	683
223	939
224	237
224	399
224	656
224	677
224	855
224	930
225	282
225	303
225	351
225	408
225	424
225	506
225	731
226	309
226	332
226	631
226	656
226	817
226	864
226	872
227	533
228	414
228	559
228	645
228	651
228	741
228	974
229	283
229	375
229	470
229	519
229	800
229	919
230	419
230	495
230	511
230	637
230	743
230	747
230	885
230	901
231	232
231	363
231	406
231	433
231	439
231	584
232	363
232	433
232	439
232	851
232	928
233	359
233	571
233	593
233	748
234	280
234	315
234	318
234	583
234	701
235	385
235	462
235	469
235	518
235	546
235	827
235	878
235	894
235	948
236	311
236	384
236	418
236	447
236	742
236	826
236	891
236	961
237	263
237	574
237	832
237	977
238	311
238	410
238	509
238	689
238	740
239	272
239	329
239	396
239	450
239	514
239	756
240	286
240	332
240	528
240	588
240	589
240	608
241	265
241	322
241	548
241	653
242	427
242	926
243	253
243	498
244	343
244	394
244	487
244	536
244	882
245	252
245	645
246	312
246	376
246	615
246	644
246	857
246	867
247	388
247	622
247	666
247	778
247	795
247	846
247	927
247	996
248	542
248	720
249	533
249	582
249	830
250	314
250	316
250	368
250	454
251	296
251	338
251	398
251	541
251	986
252	459
252	475
252	967
253	357
253	369
253	823
254	334
254	442
255	403
255	906
255	963
256	456
256	755
256	801
257	757
257	759
257	797
258	545
259	308
259	422
259	465
259	874
260	513
260	699
260	853
261	286
261	376
261	545
262	334
262	825
262	854
263	387
263	398
263	489
263	685
263	721
263	906
264	557
264	616
264	804
264	917
265	397
266	485
266	673
267	327
267	450
267	696
267	802
267	893
268	616
268	672
269	380
269	405
269	423
269	484
269	573
269	734
269	969
269	986
269	990
270	468
270	485
270	773
271	306
271	876
272	329
272	450
272	652
272	882
272	955
272	981
273	364
273	486
273	716
273	750
273	780
273	783
273	879
273	950
274	289
274	621
274	785
275	810
275	870
276	423
276	505
276	525
276	886
276	908
277	712
277	798
277	851
278	344
278	388
278	412
278	591
278	633
278	665
279	326
279	438
279	529
279	576
279	605
280	347
281	475
281	583
281	722
282	312
282	351
282	359
282	408
282	506
282	767
282	877
283	342
283	382
283	675
284	618
284	667
284	673
284	970
285	331
285	676
285	760
286	312
286	692
286	864
287	293
287	555
287	602
287	664
287	707
287	745
287	830
287	870
288	350
288	381
288	402
288	444
288	589
288	738
289	383
289	422
289	590
290	409
290	633
291	524
291	540
291	683
291	816
292	485
292	527
292	671
292	730
292	987
293	555
293	602
293	613
293	664
293	745
293	830
293	844
294	400
294	641
294	871
295	350
295	381
295	680
295	796
296	398
296	475
296	626
296	1000
297	597
297	663
297	828
299	359
299	514
300	314
300	615
300	731
301	370
301	493
301	594
301	726
302	357
302	751
302	984
303	424
303	506
303	531
303	767
303	859
303	877
304	344
304	554
305	416
305	483
305	660
305	686
305	883
306	523
306	527
306	628
306	937
307	607
308	324
308	383
308	476
308	561
309	312
309	510
309	631
310	398
310	399
310	599
310	656
310	805
311	339
311	440
311	509
312	880
313	636
313	939
313	941
314	835
315	831
315	993
316	348
317	400
317	466
317	502
317	708
318	992
319	342
319	343
319	488
319	561
319	841
319	962
320	659
320	682
322	378
323	419
323	495
323	511
323	743
323	747
323	813
324	422
324	434
324	679
324	716
325	512
325	570
325	575
325	582
325	727
325	882
327	575
327	696
328	360
328	597
328	718
329	348
329	514
329	652
330	370
330	482
330	539
330	708
331	468
331	779
332	478
332	588
332	640
332	817
333	445
333	678
333	761
334	549
335	344
336	358
336	416
336	586
337	341
337	782
338	608
338	663
338	674
338	930
339	371
339	440
339	989
340	462
340	552
340	558
342	911
343	498
343	625
343	841
343	853
344	412
344	627
345	487
345	802
346	709
346	962
347	553
347	639
347	828
348	829
349	355
349	453
349	705
350	595
350	698
351	408
351	445
351	506
351	731
351	951
352	371
352	374
352	480
353	354
353	364
353	486
353	750
353	771
353	809
353	950
354	369
354	598
355	453
355	694
355	797
356	391
356	674
356	685
356	793
357	764
358	465
358	522
358	679
358	815
360	361
360	389
360	434
360	479
360	687
360	854
361	389
361	434
361	670
361	854
361	988
362	551
362	563
362	863
362	978
362	979
362	991
363	406
363	439
364	426
364	716
364	771
364	879
365	464
366	493
366	523
366	619
367	624
367	777
368	565
368	999
369	638
369	841
370	493
370	619
370	704
371	530
371	681
372	509
373	499
373	507
373	875
374	377
374	426
374	964
374	976
375	773
375	911
376	545
377	420
377	603
377	855
378	611
378	653
378	923
379	474
379	476
379	497
379	644
379	715
379	748
380	697
380	987
382	667
383	421
383	465
383	491
384	447
384	669
384	826
385	462
385	469
385	538
385	626
385	827
386	435
386	482
387	721
387	855
387	886
388	778
388	878
388	971
389	687
389	713
389	934
389	988
390	516
390	539
391	476
391	497
391	582
391	668
391	770
392	496
392	934
392	970
393	540
393	964
394	686
395	822
396	575
396	740
396	981
397	693
399	930
400	641
401	526
401	559
401	581
401	612
401	651
402	595
402	856
403	724
403	845
404	535
405	573
405	634
405	951
405	969
405	986
406	433
406	584
407	618
407	833
408	531
408	767
409	552
410	440
410	811
412	468
412	633
413	457
413	729
413	829
413	909
414	958
415	620
416	459
416	572
416	975
417	515
417	906
418	447
418	471
418	760
418	783
418	961
419	885
419	901
419	952
420	449
420	569
421	465
423	525
423	803
423	908
424	531
424	769
424	877
425	440
426	739
426	929
427	599
427	703
428	493
428	535
428	867
429	455
429	682
430	432
430	551
430	563
430	649
430	979
431	658
431	717
431	931
432	863
432	905
432	936
432	991
433	441
434	670
434	842
435	890
435	924
436	487
436	650
437	580
437	677
438	799
441	467
441	489
441	662
441	940
442	460
442	535
443	733
444	710
446	448
447	555
447	669
449	549
449	761
450	893
451	455
451	460
452	564
452	983
453	821
455	554
455	772
455	959
456	808
456	960
457	467
457	538
457	869
458	474
458	476
458	497
458	554
458	748
458	890
459	702
459	785
461	602
461	931
462	894
462	946
463	718
463	789
464	784
464	788
465	507
465	604
466	481
467	662
467	833
469	538
469	735
469	827
469	948
471	578
471	742
471	961
474	636
474	668
474	770
474	890
475	553
476	582
476	715
477	560
477	575
477	635
477	955
477	965
477	984
478	916
478	917
480	579
481	835
481	888
482	570
484	573
484	843
484	990
486	716
486	750
486	771
488	561
488	625
488	689
488	707
488	962
489	983
490	596
490	675
490	774
490	819
490	827
492	920
494	517
494	673
494	923
495	750
495	859
495	901
495	950
496	695
497	582
497	650
498	805
500	501
500	584
500	899
502	858
502	935
503	527
503	628
505	604
505	663
505	834
506	947
507	692
507	903
507	914
511	637
511	804
511	885
512	727
513	654
516	670
516	737
518	538
518	546
518	628
518	814
523	719
525	791
526	581
526	754
527	719
529	635
529	786
529	889
529	984
531	731
532	891
536	540
537	694
537	874
538	946
539	831
540	691
541	691
541	977
542	712
543	781
544	635
544	812
544	838
544	965
546	728
546	865
546	894
547	815
547	880
548	929
548	956
549	569
550	960
551	824
551	920
553	999
554	966
555	664
556	607
558	826
560	726
561	707
563	597
563	978
564	776
566	602
566	745
566	830
566	881
569	739
570	575
570	795
571	713
572	856
572	991
573	634
573	997
576	809
578	808
580	698
581	627
585	841
585	853
587	661
589	735
590	640
591	627
591	632
593	775
594	726
596	772
596	774
596	784
596	792
600	657
600	875
601	760
602	870
603	746
603	761
604	803
607	994
608	728
609	856
609	868
609	989
610	763
610	927
612	717
614	904
615	781
619	974
621	903
621	907
622	927
623	733
624	702
629	768
629	860
629	886
630	845
632	646
632	779
632	839
633	746
634	843
635	955
637	813
637	859
642	872
643	840
643	935
644	650
644	668
644	770
645	741
645	754
646	693
647	910
650	715
650	890
658	714
660	847
660	980
661	780
662	790
662	887
663	917
664	881
665	898
666	864
666	878
666	971
667	978
668	748
669	783
669	891
670	713
670	988
674	823
675	738
675	784
675	839
676	905
680	710
684	832
685	738
685	772
685	914
687	842
687	854
689	740
689	997
690	799
693	940
694	771
698	925
700	727
703	724
703	897
703	918
709	782
713	842
714	774
717	909
719	732
721	843
723	937
724	822
735	864
737	959
738	774
739	812
743	813
747	896
747	952
751	875
763	942
768	867
769	985
772	914
780	879
780	950
782	933
784	819
786	812
786	945
788	848
789	811
792	925
795	893
796	924
799	815
812	965
814	865
814	948
818	987
819	839
825	975
833	913
838	945
838	984
839	914
843	986
846	971
859	952
860	908
863	979
865	868
865	946
868	926
869	931
869	940
870	881
872	888
902	943
905	920
905	991
911	918
919	972
920	978
945	955
951	969
951	990
