1	2
1	3
1	4
1	7
1	8
1	10
1	14
1	15
1	19
1	20
1	21
1	22
1	24
1	28
1	35
1	41
1	44
1	46
1	63
1	64
1	65
1	67
1	70
1	76
1	77
1	82
1	89
1	107
1	112
1	118
1	119
1	124
1	132
1	135
1	167
1	170
1	212
1	216
1	218
1	230
1	253
1	261
1	266
1	267
1	275
1	285
1	296
1	303
1	304
1	314
1	316
1	320
1	322
1	327
1	329
1	330
1	353
1	373
1	386
1	390
1	411
1	423
1	436
1	444
1	455
1	477
1	490
1	509
1	511
1	533
1	553
1	564
1	612
1	617
1	626
1	650
1	657
1	681
1	687
1	727
1	737
1	761
1	805
1	813
1	849
1	864
1	875
1	922
1	925
1	928
1	934
1	937
1	956
1	959
1	965
1	974
2	3
2	4
2	5
2	7
2	8
2	10
2	12
2	13
2	14
2	15
2	16
2	18
2	20
2	21
2	22
2	26
2	35
2	40
2	41
2	49
2	53
2	55
2	61
2	63
2	67
2	73
2	74
2	81
2	85
2	89
2	96
2	113
2	118
2	124
2	135
2	142
2	152
2	159
2	167
2	178
2	190
2	207
2	210
2	213
2	227
2	244
2	255
2	266
2	267
2	275
2	296
2	301
2	302
2	304
2	319
2	328
2	344
2	356
2	363
2	364
2	389
2	394
2	432
2	436
2	444
2	457
2	494
2	499
2	510
2	520
2	563
2	595
2	602
2	610
2	626
2	633
2	642
2	652
2	693
2	722
2	741
2	780
2	790
2	829
2	836
2	862
2	968
2	976
3	4
3	7
3	8
3	9
3	10
3	11
3	12
3	14
3	15
3	18
3	19
3	20
3	21
3	22
3	23
3	26
3	32
3	35
3	38
3	43
3	46
3	60
3	62
3	63
3	64
3	73
3	76
3	84
3	86
3	89
3	102
3	107
3	112
3	113
3	116
3	118
3	121
3	122
3	133
3	143
3	172
3	198
3	212
3	224
3	248
3	255
3	278
3	279
3	294
3	321
3	364
3	367
3	370
3	389
3	390
3	432
3	436
3	491
3	506
3	511
3	518
3	532
3	553
3	566
3	583
3	589
3	626
3	638
3	663
3	687
3	724
3	742
3	806
3	898
3	974
4	5
4	7
4	8
4	10
4	12
4	13
4	14
4	15
4	17
4	18
4	19
4	20
4	21
4	23
4	26
4	33
4	46
4	48
4	61
4	64
4	65
4	70
4	73
4	76
4	81
4	84
4	91
4	96
4	112
4	113
4	114
4	118
4	119
4	120
4	131
4	173
4	210
4	215
4	227
4	233
4	247
4	261
4	268
4	303
4	314
4	316
4	331
4	362
4	383
4	414
4	433
4	454
4	490
4	508
4	515
4	522
4	534
4	539
4	545
4	587
4	598
4	612
4	629
4	631
4	663
4	672
4	712
4	781
4	825
4	862
4	913
4	936
4	946
5	9
5	13
5	16
5	25
5	28
5	29
5	39
5	43
5	54
5	57
5	59
5	87
5	88
5	98
5	111
5	123
5	129
5	155
5	163
5	165
5	182
5	193
5	194
5	201
5	210
5	257
5	265
5	276
5	280
5	282
5	323
5	353
5	361
5	369
5	391
5	406
5	409
5	424
5	437
5	441
5	447
5	465
5	478
5	481
5	489
5	491
5	544
5	559
5	570
5	579
5	581
5	589
5	594
5	602
5	603
5	614
5	631
5	635
5	708
5	749
5	761
5	767
5	781
5	788
5	803
5	807
5	823
5	870
5	907
5	931
5	943
5	969
5	988
5	991
6	11
6	12
6	17
6	24
6	27
6	30
6	32
6	33
6	51
6	66
6	68
6	86
6	87
6	94
6	97
6	103
6	108
6	111
6	123
6	144
6	145
6	157
6	166
6	169
6	177
6	200
6	203
6	221
6	240
6	254
6	256
6	263
6	290
6	296
6	299
6	306
6	333
6	346
6	373
6	379
6	394
6	412
6	446
6	459
6	484
6	534
6	593
6	599
6	640
6	643
6	679
6	689
6	694
6	728
6	738
6	739
6	756
6	892
6	918
6	919
6	932
6	951
6	957
6	963
6	992
7	8
7	10
7	12
7	14
7	18
7	20
7	21
7	22
7	23
7	41
7	49
7	52
7	61
7	63
7	64
7	67
7	70
7	73
7	74
7	76
7	114
7	122
7	124
7	131
7	149
7	166
7	167
7	242
7	247
7	263
7	269
7	294
7	303
7	327
7	345
7	351
7	364
7	365
7	382
7	386
7	454
7	515
7	526
7	533
7	539
7	573
7	574
7	604
7	623
7	650
7	708
7	709
7	835
7	837
7	879
7	886
7	917
7	935
7	942
7	973
8	10
8	14
8	15
8	18
8	20
8	21
8	22
8	26
8	28
8	35
8	43
8	46
8	48
8	54
8	61
8	64
8	65
8	79
8	91
8	96
8	102
8	122
8	140
8	143
8	149
8	172
8	189
8	197
8	210
8	221
8	227
8	251
8	291
8	303
8	304
8	314
8	327
8	349
8	356
8	393
8	394
8	417
8	428
8	455
8	468
8	499
8	532
8	598
8	612
8	630
8	743
8	771
8	774
8	879
8	887
8	904
8	913
8	946
8	998
9	12
9	13
9	18
9	19
9	25
9	28
9	47
9	54
9	57
9	87
9	88
9	98
9	123
9	153
9	163
9	165
9	166
9	193
9	194
9	201
9	231
9	257
9	276
9	280
9	282
9	334
9	339
9	353
9	361
9	406
9	409
9	431
9	441
9	465
9	482
9	496
9	508
9	536
9	544
9	559
9	579
9	594
9	595
9	597
9	603
9	614
9	635
9	691
9	749
9	761
9	767
9	796
9	807
9	870
9	931
9	954
9	987
9	988
10	12
10	14
10	15
10	18
10	19
10	20
10	23
10	26
10	30
10	41
10	48
10	58
10	64
10	65
10	67
10	70
10	74
10	76
10	84
10	85
10	90
10	102
10	114
10	122
10	133
10	140
10	170
10	181
10	197
10	207
10	230
10	233
10	243
10	275
10	278
10	285
10	320
10	428
10	429
10	433
10	440
10	461
10	494
10	504
10	541
10	555
10	663
10	805
10	835
10	885
10	906
11	13
11	17
11	19
11	27
11	30
11	32
11	51
11	53
11	66
11	68
11	86
11	93
11	94
11	97
11	103
11	107
11	108
11	111
11	144
11	145
11	166
11	169
11	177
11	184
11	240
11	249
11	263
11	266
11	275
11	295
11	299
11	305
11	333
11	373
11	379
11	446
11	459
11	484
11	640
11	641
11	646
11	679
11	680
11	689
11	694
11	756
11	764
11	799
11	892
11	919
11	923
11	933
11	963
11	992
12	14
12	15
12	17
12	18
12	19
12	20
12	21
12	22
12	23
12	34
12	44
12	73
12	74
12	84
12	112
12	119
12	139
12	152
12	212
12	242
12	247
12	304
12	366
12	389
12	390
12	419
12	433
12	442
12	448
12	578
12	580
12	582
12	590
12	630
12	672
12	677
12	678
12	787
12	806
12	821
12	836
12	854
12	879
12	893
12	928
12	945
12	974
13	15
13	25
13	28
13	54
13	57
13	63
13	87
13	88
13	98
13	103
13	123
13	163
13	165
13	194
13	201
13	257
13	265
13	276
13	282
13	326
13	361
13	369
13	391
13	406
13	408
13	424
13	437
13	465
13	466
13	491
13	494
13	496
13	514
13	544
13	559
13	570
13	603
13	614
13	639
13	684
13	691
13	749
13	788
13	796
13	797
13	823
13	920
13	954
13	991
14	15
14	18
14	20
14	22
14	23
14	43
14	44
14	48
14	49
14	61
14	63
14	65
14	120
14	140
14	152
14	154
14	167
14	172
14	178
14	197
14	210
14	278
14	285
14	296
14	344
14	354
14	390
14	391
14	393
14	399
14	434
14	490
14	503
14	580
14	603
14	623
14	636
14	789
14	863
14	877
14	890
14	909
14	912
14	936
15	19
15	20
15	21
15	26
15	35
15	41
15	44
15	46
15	64
15	65
15	66
15	74
15	85
15	89
15	92
15	116
15	122
15	133
15	146
15	159
15	167
15	174
15	190
15	207
15	213
15	272
15	296
15	309
15	327
15	380
15	429
15	522
15	561
15	700
15	701
15	771
15	785
15	790
15	801
15	860
15	913
15	928
15	966
16	22
16	24
16	33
16	36
16	58
16	60
16	78
16	80
16	81
16	89
16	93
16	105
16	169
16	205
16	220
16	235
16	244
16	250
16	257
16	284
16	302
16	307
16	325
16	339
16	381
16	383
16	388
16	438
16	502
16	529
16	547
16	562
16	608
16	618
16	653
16	658
16	661
16	665
16	682
16	733
16	770
16	844
16	858
16	901
16	903
16	920
16	941
16	952
16	966
16	981
17	27
17	30
17	32
17	41
17	51
17	66
17	68
17	78
17	86
17	94
17	97
17	108
17	111
17	144
17	145
17	153
17	166
17	169
17	170
17	177
17	211
17	240
17	246
17	254
17	256
17	263
17	299
17	333
17	412
17	414
17	419
17	428
17	446
17	576
17	622
17	641
17	646
17	689
17	694
17	707
17	743
17	756
17	764
17	866
17	892
17	906
17	957
18	19
18	20
18	21
18	22
18	23
18	36
18	41
18	62
18	65
18	70
18	73
18	76
18	114
18	119
18	121
18	131
18	135
18	149
18	153
18	170
18	178
18	197
18	275
18	303
18	304
18	317
18	332
18	349
18	354
18	400
18	414
18	423
18	443
18	471
18	566
18	690
18	829
18	837
18	867
18	893
18	911
18	930
19	20
19	21
19	22
19	23
19	30
19	38
19	44
19	46
19	48
19	49
19	56
19	61
19	63
19	65
19	74
19	91
19	97
19	102
19	112
19	119
19	131
19	135
19	159
19	172
19	202
19	267
19	272
19	344
19	398
19	602
19	610
19	623
19	677
19	713
19	806
19	821
19	822
19	874
19	877
19	956
19	958
20	26
20	35
20	43
20	46
20	57
20	64
20	81
20	85
20	102
20	105
20	119
20	120
20	187
20	202
20	225
20	230
20	282
20	321
20	329
20	397
20	403
20	421
20	428
20	434
20	440
20	488
20	526
20	542
20	559
20	580
20	629
20	732
20	806
20	830
20	969
21	22
21	23
21	26
21	29
21	35
21	48
21	63
21	64
21	65
21	68
21	74
21	84
21	107
21	121
21	138
21	146
21	202
21	210
21	241
21	253
21	255
21	354
21	382
21	403
21	433
21	438
21	443
21	454
21	477
21	502
21	508
21	563
21	578
21	671
21	681
21	942
21	976
22	41
22	43
22	73
22	76
22	79
22	107
22	131
22	135
22	149
22	152
22	177
22	215
22	246
22	253
22	266
22	314
22	341
22	349
22	354
22	372
22	390
22	396
22	434
22	471
22	488
22	585
22	610
22	629
22	687
22	741
22	749
22	822
22	868
22	922
23	26
23	31
23	35
23	43
23	44
23	47
23	49
23	62
23	67
23	74
23	81
23	85
23	91
23	112
23	119
23	122
23	140
23	159
23	170
23	207
23	212
23	232
23	287
23	294
23	309
23	310
23	364
23	394
23	469
23	503
23	517
23	526
23	573
23	585
23	821
24	33
24	34
24	36
24	46
24	60
24	80
24	93
24	103
24	105
24	205
24	220
24	250
24	284
24	286
24	302
24	307
24	339
24	388
24	502
24	529
24	562
24	608
24	618
24	653
24	658
24	660
24	661
24	665
24	682
24	699
24	733
24	742
24	770
24	844
24	903
24	920
24	932
24	940
24	941
24	966
24	981
25	28
25	54
25	57
25	62
25	87
25	88
25	99
25	123
25	165
25	199
25	257
25	265
25	280
25	282
25	350
25	353
25	369
25	406
25	415
25	437
25	441
25	489
25	496
25	536
25	570
25	581
25	614
25	684
25	717
25	744
25	761
25	796
25	804
25	807
25	869
25	900
25	911
25	969
25	987
25	991
26	33
26	35
26	46
26	48
26	63
26	68
26	89
26	102
26	112
26	116
26	122
26	140
26	149
26	176
26	197
26	230
26	250
26	309
26	327
26	362
26	390
26	395
26	398
26	494
26	551
26	585
26	654
26	657
26	688
26	731
26	769
26	835
26	916
27	30
27	32
27	37
27	51
27	54
27	66
27	67
27	68
27	86
27	94
27	97
27	103
27	108
27	111
27	144
27	162
27	169
27	177
27	226
27	227
27	236
27	240
27	254
27	256
27	299
27	373
27	379
27	477
27	490
27	579
27	599
27	640
27	646
27	679
27	738
27	918
27	931
27	992
28	54
28	57
28	87
28	88
28	98
28	123
28	165
28	193
28	194
28	201
28	282
28	292
28	319
28	361
28	409
28	448
28	465
28	478
28	489
28	496
28	565
28	579
28	594
28	691
28	744
28	788
28	799
28	907
28	929
28	957
28	987
28	988
29	42
29	50
29	101
29	117
29	136
29	147
29	157
29	175
29	219
29	224
29	252
29	264
29	277
29	280
29	281
29	298
29	310
29	332
29	366
29	376
29	443
29	450
29	538
29	621
29	648
29	716
29	720
29	780
29	852
29	900
29	905
29	915
29	965
29	967
30	31
30	32
30	51
30	52
30	68
30	86
30	97
30	103
30	108
30	144
30	145
30	159
30	166
30	169
30	240
30	254
30	256
30	263
30	299
30	412
30	422
30	459
30	484
30	496
30	599
30	627
30	866
30	933
30	951
31	38
31	44
31	50
31	54
31	56
31	69
31	78
31	104
31	126
31	139
31	173
31	181
31	195
31	206
31	239
31	288
31	346
31	368
31	375
31	435
31	451
31	485
31	529
31	583
31	588
31	606
31	619
31	685
31	705
31	884
31	888
32	51
32	66
32	68
32	86
32	91
32	94
32	103
32	108
32	111
32	131
32	144
32	147
32	169
32	240
32	254
32	256
32	263
32	333
32	446
32	485
32	593
32	643
32	679
32	732
32	743
32	903
32	906
33	36
33	60
33	80
33	93
33	105
33	149
33	205
33	250
33	260
33	307
33	325
33	339
33	381
33	383
33	395
33	438
33	502
33	547
33	618
33	658
33	686
33	699
33	715
33	754
33	756
33	813
33	843
33	920
34	37
34	39
34	59
34	71
34	95
34	104
34	115
34	179
34	186
34	189
34	211
34	237
34	248
34	259
34	333
34	417
34	476
34	498
34	507
34	550
34	552
34	555
34	575
34	683
34	719
34	791
34	812
34	898
34	953
35	43
35	46
35	48
35	49
35	51
35	63
35	70
35	77
35	113
35	120
35	121
35	124
35	135
35	178
35	218
35	256
35	320
35	411
35	510
35	542
35	553
35	647
36	60
36	61
36	80
36	86
36	93
36	105
36	119
36	196
36	205
36	220
36	250
36	325
36	383
36	405
36	502
36	529
36	541
36	562
36	567
36	653
36	658
36	665
36	699
36	754
36	858
36	949
37	39
37	59
37	71
37	83
37	95
37	115
37	179
37	186
37	189
37	237
37	248
37	265
37	269
37	476
37	498
37	507
37	555
37	680
37	688
37	719
37	812
37	824
37	833
37	878
37	898
37	997
38	50
38	65
38	69
38	78
38	104
38	139
38	173
38	181
38	195
38	239
38	288
38	300
38	347
38	368
38	375
38	435
38	451
38	485
38	548
38	606
38	685
38	705
38	841
38	863
38	888
39	59
39	70
39	71
39	95
39	108
39	115
39	179
39	186
39	189
39	217
39	220
39	237
39	243
39	248
39	498
39	550
39	555
39	575
39	680
39	683
39	786
39	791
39	824
39	898
39	953
40	47
40	52
40	53
40	55
40	56
40	58
40	106
40	117
40	124
40	130
40	136
40	154
40	156
40	245
40	322
40	360
40	377
40	380
40	427
40	439
40	463
40	517
40	592
40	627
40	730
40	784
41	48
41	70
41	105
41	121
41	178
41	230
41	233
41	250
41	285
41	328
41	330
41	355
41	371
41	376
41	396
41	419
41	737
41	911
41	968
42	45
42	50
42	88
42	101
42	110
42	157
42	175
42	204
42	219
42	224
42	247
42	264
42	277
42	298
42	332
42	397
42	450
42	452
42	525
42	621
42	665
42	720
42	780
42	900
42	915
42	967
43	48
43	60
43	65
43	70
43	76
43	81
43	84
43	107
43	114
43	121
43	140
43	178
43	314
43	355
43	537
43	636
43	646
43	731
43	868
44	65
44	73
44	91
44	112
44	116
44	124
44	140
44	165
44	167
44	197
44	269
44	286
44	403
44	471
44	545
44	638
44	649
44	667
44	883
45	68
45	125
45	153
45	159
45	168
45	182
45	196
45	198
45	222
45	232
45	261
45	295
45	351
45	402
45	410
45	422
45	486
45	506
45	535
45	656
45	698
45	704
45	731
45	846
45	876
46	51
46	69
46	81
46	118
46	175
46	190
46	247
46	278
46	391
46	403
46	477
46	482
46	545
46	631
46	672
46	837
47	52
47	53
47	55
47	56
47	58
47	86
47	106
47	127
47	130
47	136
47	139
47	152
47	154
47	156
47	374
47	405
47	427
47	461
47	463
47	469
47	556
47	673
47	739
48	64
48	70
48	74
48	85
48	91
48	121
48	149
48	202
48	303
48	352
48	362
48	363
48	389
48	594
48	762
49	61
49	64
49	86
49	109
49	113
49	114
49	215
49	269
49	331
49	370
49	386
49	430
49	434
49	455
49	520
49	542
49	602
49	659
49	981
50	101
50	116
50	157
50	175
50	224
50	264
50	277
50	298
50	332
50	366
50	397
50	520
50	525
50	576
50	621
50	637
50	648
50	716
50	720
50	905
50	970
51	66
51	86
51	111
51	166
51	169
51	214
51	446
51	483
51	599
51	641
51	689
51	799
51	919
51	933
51	957
51	963
51	1000
52	53
52	55
52	56
52	58
52	106
52	117
52	127
52	130
52	136
52	154
52	156
52	183
52	322
52	352
52	405
52	408
52	427
52	556
52	866
52	873
52	979
53	55
53	56
53	58
53	106
53	117
53	130
53	136
53	142
53	154
53	156
53	268
53	322
53	352
53	557
53	627
53	634
53	673
53	727
53	739
53	829
54	88
54	123
54	133
54	165
54	201
54	257
54	361
54	369
54	409
54	478
54	489
54	495
54	536
54	640
54	781
54	797
55	56
55	58
55	106
55	136
55	154
55	209
55	322
55	352
55	461
55	463
55	523
55	590
55	592
55	612
55	634
55	726
55	730
55	979
55	988
56	58
56	106
56	112
56	117
56	127
56	130
56	154
56	156
56	461
56	469
56	475
56	489
56	557
56	592
56	673
56	682
56	758
57	87
57	88
57	113
57	123
57	169
57	194
57	424
57	458
57	491
57	509
57	589
57	594
57	639
57	684
57	708
57	781
57	943
57	969
58	117
58	130
58	154
58	322
58	352
58	401
58	427
58	461
58	469
58	556
58	592
58	627
58	693
58	784
58	891
59	71
59	95
59	115
59	161
59	179
59	186
59	189
59	208
59	237
59	378
59	476
59	498
59	516
59	552
59	653
59	683
59	719
59	878
59	953
60	80
60	93
60	151
60	166
60	302
60	339
60	381
60	383
60	529
60	547
60	653
60	665
60	858
60	944
60	949
60	952
60	967
61	70
61	87
61	89
61	94
61	96
61	107
61	122
61	219
61	316
61	349
61	354
61	370
61	542
61	564
61	959
62	76
62	149
62	172
62	251
62	294
62	301
62	314
62	326
62	355
62	360
62	604
62	652
62	771
62	796
62	801
62	849
62	928
62	938
63	76
63	89
63	91
63	114
63	115
63	207
63	362
63	443
63	468
63	511
63	742
63	775
64	88
64	140
64	223
64	269
64	279
64	526
64	527
64	671
64	815
64	907
64	916
65	67
65	70
65	155
65	190
65	215
65	230
65	267
65	297
65	443
65	913
66	68
66	94
66	101
66	103
66	111
66	118
66	144
66	166
66	177
66	254
66	593
66	733
66	743
66	822
67	101
67	102
67	107
67	133
67	143
67	170
67	212
67	230
67	239
67	255
67	258
67	272
67	534
67	938
68	79
68	97
68	103
68	143
68	145
68	166
68	169
68	177
68	256
68	379
68	643
69	78
69	98
69	104
69	126
69	139
69	173
69	181
69	195
69	275
69	288
69	346
69	375
69	548
69	588
69	685
69	751
69	863
69	895
70	76
70	159
70	247
70	275
70	330
70	465
70	506
70	658
70	687
71	88
71	95
71	100
71	115
71	176
71	179
71	186
71	237
71	381
71	476
71	550
71	552
71	575
71	604
71	680
71	812
72	117
72	129
72	180
72	187
72	192
72	313
72	431
72	518
72	521
72	530
72	601
72	668
72	686
72	711
72	845
72	881
72	896
72	946
72	962
72	964
73	80
73	178
73	382
73	423
73	490
73	510
73	534
73	623
73	663
73	664
73	769
73	778
74	91
74	120
74	129
74	321
74	383
74	545
74	571
74	574
74	700
74	840
74	868
75	109
75	151
75	311
75	335
75	343
75	344
75	447
75	533
75	596
75	667
75	752
75	865
75	887
75	890
75	971
75	980
75	982
75	983
75	993
76	85
76	168
76	217
76	349
76	403
76	657
76	765
77	90
77	162
77	176
77	225
77	226
77	286
77	318
77	332
77	336
77	378
77	408
77	584
77	622
77	645
77	798
77	929
78	139
78	181
78	195
78	270
78	288
78	346
78	390
78	407
78	548
78	588
78	705
78	895
78	948
79	100
79	137
79	141
79	155
79	236
79	452
79	528
79	531
79	675
79	702
79	745
79	811
79	832
79	842
79	923
80	93
80	105
80	230
80	307
80	325
80	339
80	438
80	504
80	770
80	843
80	903
80	991
81	96
81	135
81	152
81	386
81	391
81	418
81	503
81	520
81	604
81	823
81	959
82	92
82	101
82	188
82	198
82	267
82	297
82	326
82	347
82	514
82	637
82	664
82	676
82	710
82	782
82	830
82	871
82	885
83	99
83	148
83	150
83	234
83	254
83	316
83	351
83	462
83	472
83	479
83	537
83	728
83	772
83	775
83	825
83	841
83	910
84	112
84	210
84	294
84	320
84	344
84	368
84	425
84	440
84	494
84	546
84	723
84	862
85	106
85	168
85	357
85	363
85	389
85	727
85	732
85	805
85	835
85	989
86	103
86	108
86	111
86	144
86	643
86	866
87	193
87	201
87	220
87	424
87	478
87	559
87	570
87	871
87	931
88	98
88	123
88	163
88	361
88	441
88	465
88	834
89	100
89	101
89	120
89	122
89	140
89	150
89	309
89	446
89	477
90	162
90	176
90	225
90	286
90	318
90	336
90	359
90	378
90	392
90	408
90	475
90	613
90	622
90	865
90	982
91	266
91	279
91	320
91	327
91	592
91	711
91	883
92	175
92	198
92	206
92	244
92	297
92	326
92	347
92	514
92	637
92	664
92	676
92	710
92	745
92	871
93	196
93	220
93	284
93	445
93	502
93	608
93	744
93	873
93	952
94	107
94	108
94	111
94	145
94	229
94	412
94	441
94	640
94	918
95	179
95	193
95	248
95	274
95	279
95	331
95	417
95	575
95	683
95	824
95	878
96	135
96	162
96	206
96	215
96	272
96	284
96	363
96	371
96	499
96	837
96	875
97	144
97	169
97	240
97	280
97	379
97	469
97	691
97	764
97	799
98	163
98	280
98	282
98	306
98	478
98	635
98	639
98	726
98	735
98	954
99	130
99	150
99	234
99	462
99	472
99	479
99	546
99	611
99	728
99	738
99	772
99	773
99	775
99	841
100	127
100	134
100	137
100	141
100	155
100	236
100	452
100	504
100	531
100	544
100	675
100	751
100	832
101	147
101	157
101	219
101	224
101	277
101	298
101	397
101	450
101	967
102	118
102	120
102	202
102	294
102	299
102	396
102	458
102	598
102	801
103	145
103	254
103	484
103	525
103	816
103	906
104	126
104	139
104	173
104	181
104	195
104	239
104	315
104	335
104	451
104	485
104	924
104	948
105	120
105	284
105	371
105	438
105	618
105	661
105	682
105	754
106	114
106	117
106	127
106	133
106	156
106	488
106	556
106	758
107	191
107	227
107	315
107	468
107	510
107	882
108	299
108	441
108	459
108	460
108	593
108	646
109	151
109	193
109	335
109	343
109	447
109	558
109	577
109	596
109	667
109	890
109	927
109	958
109	974
110	152
110	337
110	359
110	377
110	500
110	560
110	635
110	647
110	678
110	793
110	817
110	853
110	859
110	977
111	283
111	382
111	643
111	738
111	932
112	113
112	152
112	590
112	777
112	882
113	126
113	296
113	329
113	587
113	598
113	681
113	693
113	943
114	122
114	135
114	213
114	372
114	393
114	398
114	445
115	156
115	179
115	189
115	318
115	417
115	476
115	507
115	680
115	856
116	118
116	170
116	278
116	343
116	451
116	458
116	609
116	908
116	978
117	127
117	405
117	557
117	673
117	766
117	832
118	319
118	363
118	609
118	737
118	882
118	998
119	131
119	143
119	233
119	304
119	700
119	895
120	124
120	329
120	355
120	398
120	424
120	836
121	149
121	178
121	213
121	247
121	267
121	609
121	815
122	223
122	488
122	512
122	861
123	193
123	202
123	409
123	437
123	459
124	207
124	251
124	253
124	560
124	702
124	748
125	163
125	196
125	222
125	288
125	410
125	422
125	487
125	656
125	660
125	704
125	783
125	876
126	173
126	239
126	346
126	368
126	427
126	485
126	884
126	895
126	979
127	130
127	156
127	427
127	463
127	473
127	517
127	759
128	148
128	260
128	277
128	348
128	395
128	430
128	467
128	505
128	581
128	662
128	816
128	847
128	985
129	180
129	192
129	313
129	329
129	363
129	431
129	518
129	896
129	962
129	964
130	234
130	322
130	634
130	644
130	763
131	167
131	227
131	304
131	345
131	375
131	563
132	234
132	337
132	358
132	380
132	399
132	670
132	746
132	803
132	804
132	828
132	930
132	995
133	140
133	207
133	229
133	251
133	701
133	790
133	860
134	137
134	155
134	236
134	387
134	452
134	621
134	675
134	685
134	702
134	751
134	779
134	811
135	159
135	293
135	314
135	669
136	154
136	180
136	463
136	634
136	726
136	739
136	994
137	141
137	155
137	354
137	452
137	504
137	554
137	631
137	751
137	842
137	924
138	174
138	185
138	208
138	242
138	252
138	357
138	387
138	549
138	584
138	692
138	765
138	826
139	195
139	239
139	435
139	519
139	548
139	583
140	150
140	382
140	624
141	155
141	236
141	283
141	412
141	497
141	528
141	616
141	702
141	779
141	923
142	191
142	289
142	421
142	613
142	706
142	721
142	734
142	755
142	766
142	947
142	996
143	159
143	411
143	533
143	649
143	769
143	829
143	849
144	340
144	464
144	952
145	373
145	484
145	767
145	859
145	876
146	203
146	208
146	211
146	259
146	425
146	475
146	659
146	894
146	940
146	972
147	175
147	298
147	366
147	450
147	525
147	655
147	915
147	965
147	968
148	260
148	348
148	395
148	417
148	439
148	615
148	662
148	816
148	861
148	896
149	156
149	210
149	307
150	234
150	458
150	462
150	472
150	611
150	834
150	910
150	914
151	181
151	343
151	447
151	666
151	927
151	958
151	971
151	980
151	993
152	251
152	470
152	638
152	671
153	196
153	222
153	232
153	261
153	400
153	486
153	586
153	698
154	436
154	573
154	730
155	300
155	497
155	528
155	811
155	923
156	352
156	405
156	407
157	175
157	376
157	538
157	576
157	585
157	867
157	978
158	184
158	200
158	355
158	360
158	365
158	367
158	495
158	624
158	713
158	786
158	814
158	869
159	329
159	385
159	598
160	199
160	214
160	224
160	241
160	270
160	372
160	466
160	535
160	569
160	654
160	827
160	997
161	281
161	290
161	301
161	315
161	349
161	420
161	456
161	501
161	513
161	565
161	802
162	176
162	225
162	318
162	378
162	408
162	472
162	645
162	798
163	194
163	265
163	487
163	491
163	572
163	684
164	225
164	258
164	287
164	310
164	413
164	470
164	620
164	707
164	773
164	820
164	941
165	194
165	276
165	536
165	675
166	177
167	213
167	428
167	449
167	585
168	261
168	400
168	410
168	528
168	660
168	698
168	876
168	944
170	180
170	553
170	576
170	732
171	204
171	305
171	365
171	591
171	644
171	722
171	724
171	763
171	819
171	847
171	850
172	178
172	323
172	436
172	648
172	883
172	899
173	181
173	346
173	368
173	601
173	905
174	242
174	357
174	549
174	584
174	588
174	765
174	772
174	891
174	984
175	269
175	332
175	397
175	852
176	286
176	318
176	336
176	404
176	408
176	982
177	256
177	257
177	610
178	233
178	681
179	189
179	330
179	587
179	817
180	187
180	313
180	431
180	518
180	547
180	697
180	964
181	184
181	583
181	863
182	183
182	216
182	295
182	304
182	448
182	521
182	561
182	874
182	912
183	216
183	295
183	448
183	561
183	637
183	715
183	783
183	838
183	942
184	200
184	231
184	333
184	367
184	495
184	624
184	814
184	869
185	206
185	209
185	217
185	293
185	548
185	587
185	600
185	712
185	718
185	990
186	248
186	507
186	527
186	550
186	836
187	192
187	305
187	313
187	530
187	601
187	896
187	962
188	281
188	290
188	301
188	420
188	501
188	565
188	595
188	651
188	764
189	341
189	417
189	791
190	251
190	298
190	396
190	414
190	479
190	539
191	195
191	248
191	289
191	515
191	642
191	721
191	734
191	766
192	313
192	431
192	697
192	711
192	779
192	858
192	951
193	639
193	684
193	695
194	209
194	545
194	767
195	260
195	346
195	606
196	222
196	402
196	410
196	787
196	860
197	255
197	316
197	620
197	918
198	297
198	326
198	347
198	735
198	782
198	857
199	214
199	241
199	270
199	372
199	466
199	549
199	654
199	709
200	231
200	360
200	367
200	398
200	495
200	713
200	869
201	237
201	257
201	744
201	947
202	212
202	401
202	456
202	959
203	208
203	211
203	259
203	337
203	454
203	475
203	659
203	972
204	300
204	365
204	449
204	486
204	607
204	644
204	819
204	847
205	238
205	250
205	325
205	476
205	842
205	873
206	217
206	293
206	308
206	712
206	723
206	939
207	453
207	557
207	626
208	211
208	475
208	792
208	894
208	940
208	972
209	217
209	308
209	523
209	600
209	718
209	810
209	881
210	299
210	785
211	259
211	312
211	475
211	659
211	792
212	425
212	839
212	855
212	899
213	247
213	385
213	542
213	688
213	998
214	241
214	372
214	466
214	516
214	757
214	997
215	864
215	878
215	978
215	994
216	295
216	331
216	385
216	715
216	820
216	839
217	531
217	600
217	762
217	990
218	274
218	312
218	350
218	572
218	616
218	674
218	760
219	284
219	716
219	780
219	844
219	867
220	302
220	307
220	381
221	384
221	442
221	493
221	750
221	759
221	917
221	970
222	261
222	422
222	776
222	787
222	819
223	228
223	271
223	474
223	568
223	778
223	937
223	989
224	277
224	308
224	397
225	286
225	318
225	378
225	392
226	317
226	328
226	356
226	442
226	512
226	632
226	750
227	440
227	854
227	875
228	271
228	474
228	568
228	736
228	754
228	937
228	989
228	992
229	246
229	262
229	374
229	460
229	513
229	717
229	757
230	972
231	360
231	367
231	624
231	713
231	718
231	786
232	261
232	351
232	506
232	656
232	883
232	944
233	321
233	414
233	482
233	902
234	462
234	537
234	834
234	914
235	336
235	457
235	543
235	567
235	655
235	666
235	776
235	955
236	504
236	528
236	675
236	971
237	248
237	593
237	953
238	246
238	262
238	324
238	460
238	480
238	491
238	513
238	872
239	619
239	685
239	879
240	412
240	962
241	270
241	319
241	372
241	654
241	709
242	387
242	584
242	692
242	826
242	891
243	252
243	264
243	291
243	311
243	516
243	519
243	777
244	268
244	350
244	481
244	524
244	527
244	669
245	554
245	618
245	753
245	880
245	902
245	921
245	973
245	999
246	262
246	324
246	374
246	492
246	872
247	563
248	555
249	340
249	342
249	404
249	467
249	473
249	609
249	938
249	1000
250	284
250	615
251	352
251	393
251	814
252	291
252	311
252	714
252	777
252	794
252	831
253	358
253	386
253	436
253	945
253	964
254	342
255	454
255	695
255	888
255	936
256	402
257	797
258	287
258	310
258	348
258	413
258	435
258	470
258	707
259	659
259	697
259	792
259	894
259	940
260	348
260	395
260	430
260	795
260	848
261	506
261	551
262	266
262	374
262	450
262	492
262	513
262	908
263	373
263	949
264	311
264	376
264	621
264	900
265	581
265	626
265	907
266	509
266	652
267	329
267	608
268	306
268	350
268	481
268	524
268	889
269	455
269	508
270	466
270	569
270	709
270	963
271	474
271	605
271	736
271	778
271	845
271	989
272	330
272	768
272	893
272	910
273	283
273	323
273	334
273	418
273	536
273	605
273	747
273	934
274	312
274	453
274	789
274	793
274	855
274	897
275	532
276	353
276	456
276	489
276	893
277	507
277	525
278	296
278	633
278	975
279	538
279	578
279	629
279	650
280	353
280	437
281	290
281	315
281	421
281	501
281	802
282	826
283	323
283	388
283	480
283	605
283	628
284	302
285	533
285	573
285	933
285	978
286	336
286	982
287	310
287	363
287	413
287	470
287	773
288	302
288	375
288	451
289	515
289	642
289	734
289	766
289	770
289	889
290	456
290	565
290	581
290	651
291	311
291	393
291	519
291	597
291	886
292	393
292	426
292	591
292	633
292	725
292	833
292	926
293	523
293	606
293	718
293	881
293	939
294	503
294	608
295	385
295	715
295	912
296	319
297	444
297	676
297	735
297	885
298	366
298	639
300	365
300	607
300	644
300	724
300	763
301	315
301	501
301	595
301	651
302	547
303	426
303	695
305	365
305	607
305	644
305	722
305	847
306	350
306	481
306	617
306	669
306	729
307	422
307	873
308	524
308	600
308	723
308	881
308	990
309	419
309	509
309	690
309	870
310	470
310	620
310	773
311	519
311	597
311	753
312	517
312	674
312	789
312	855
312	897
313	361
313	686
313	795
314	809
315	501
315	577
315	651
316	438
316	822
316	956
317	384
317	407
317	442
317	512
317	679
317	750
318	378
318	853
319	741
319	946
320	444
320	657
321	345
321	482
321	807
323	388
323	480
323	628
324	374
324	376
324	513
324	673
324	768
325	498
325	813
326	664
326	885
327	354
328	394
328	398
328	508
328	935
330	729
330	737
331	396
331	566
331	945
332	366
333	599
334	373
334	418
334	605
334	625
334	628
335	596
335	663
335	865
335	887
336	929
336	950
337	500
337	853
337	859
337	977
338	340
338	342
338	370
338	377
338	445
338	750
338	1000
339	440
340	377
340	404
340	415
340	996
341	774
341	810
341	831
341	850
341	856
342	377
342	404
342	645
342	696
343	447
343	499
343	558
344	701
344	862
345	586
345	610
345	636
345	695
347	514
347	745
347	857
348	615
348	746
348	985
349	574
350	524
350	889
351	402
351	535
351	846
353	603
355	590
355	703
356	384
356	512
356	632
356	970
357	387
357	692
357	765
357	891
358	399
358	582
358	670
358	804
358	818
359	560
359	647
359	678
359	734
359	817
360	495
360	624
362	425
362	458
362	748
364	602
364	657
364	830
365	722
366	905
367	661
367	786
368	374
368	619
369	424
369	428
369	708
370	785
370	961
370	999
371	574
371	725
371	854
371	860
372	654
374	717
375	451
375	614
376	538
376	852
377	445
377	473
378	622
379	615
379	932
380	670
380	746
380	803
380	930
381	791
381	813
382	641
382	938
383	941
384	407
384	442
384	674
384	759
385	448
385	521
385	561
386	443
386	562
387	500
387	549
387	584
388	480
388	628
388	808
389	401
389	809
391	677
391	976
392	539
392	622
392	645
392	648
392	798
393	580
394	553
394	677
395	439
396	790
399	803
399	818
399	828
400	506
400	660
400	987
401	468
401	650
401	961
402	787
402	846
403	652
404	415
404	892
405	517
406	478
406	544
407	442
407	493
409	877
410	420
410	487
411	499
411	509
411	532
413	620
413	820
413	986
414	694
415	445
415	473
415	986
416	472
416	479
416	537
416	546
416	611
416	721
418	568
418	605
418	808
419	689
419	693
420	456
420	577
420	802
421	613
421	642
421	706
422	704
423	492
423	706
423	815
425	742
425	872
426	563
426	633
426	827
426	840
429	440
429	503
429	532
429	671
430	615
430	795
430	861
431	845
432	453
432	590
432	801
432	954
433	650
433	672
434	510
434	942
435	698
435	948
437	843
439	459
439	505
439	925
444	455
444	961
445	473
447	971
448	839
449	483
449	760
449	909
449	950
450	538
452	832
453	572
453	616
453	674
454	687
455	573
456	577
457	571
457	655
457	668
457	955
458	631
460	492
460	768
460	985
461	758
462	479
462	812
463	857
464	522
464	591
464	716
464	833
464	840
466	794
467	473
467	986
467	996
467	1000
468	569
468	731
469	557
470	620
471	482
471	911
471	961
472	914
474	540
474	568
474	852
477	960
479	580
480	747
480	934
481	524
481	975
482	520
483	774
483	831
483	850
483	856
484	676
485	888
486	551
486	586
486	662
487	586
487	736
487	944
488	604
488	980
490	935
492	757
492	908
493	632
493	792
493	917
493	970
494	579
495	814
496	696
497	785
497	842
497	924
497	948
498	552
499	681
500	649
500	678
500	793
501	540
503	671
504	531
505	638
505	795
505	816
505	925
507	927
508	994
509	677
510	805
511	719
511	904
512	917
514	745
515	613
516	519
516	714
518	845
521	662
521	783
522	591
522	851
523	552
523	762
526	632
527	617
527	669
530	686
530	697
530	983
531	758
534	578
535	586
535	660
537	825
539	960
540	568
540	692
540	736
541	740
541	880
541	973
543	571
543	655
543	776
543	797
546	728
546	772
549	984
550	818
551	656
551	854
554	703
554	921
554	926
556	699
558	880
558	980
558	983
560	647
560	853
561	783
562	981
564	636
564	672
564	960
565	595
566	784
566	904
567	571
567	666
567	776
569	701
569	997
570	868
571	800
572	789
572	855
574	875
575	730
576	867
577	670
578	993
582	670
582	818
582	899
583	619
587	830
588	884
589	870
589	943
591	851
596	851
596	887
597	753
597	886
600	990
601	711
601	995
606	884
607	802
607	819
609	922
611	910
611	945
612	916
613	755
616	674
616	897
617	669
617	729
619	976
623	682
625	641
625	747
625	808
625	934
627	979
628	714
629	652
630	741
630	882
630	975
632	759
633	926
634	782
635	823
636	824
637	710
638	748
642	947
645	929
647	817
648	965
649	678
649	977
651	683
655	666
656	998
661	843
662	861
664	735
666	800
667	752
667	865
668	710
668	800
668	955
676	857
686	705
688	771
688	800
690	717
690	757
690	872
696	986
696	996
700	808
703	740
703	901
704	897
706	755
707	820
712	762
714	794
720	755
721	947
723	939
724	763
725	827
725	851
726	784
727	821
729	889
733	966
740	880
740	977
746	804
747	984
748	769
752	846
752	983
753	777
760	810
760	950
768	908
774	950
775	834
778	937
779	924
782	871
788	960
793	859
794	886
798	815
809	935
809	994
810	909
811	838
825	841
826	984
827	840
828	955
828	995
831	856
833	926
838	839
838	874
844	949
848	915
848	925
848	985
849	921
850	909
864	922
864	939
874	912
877	916
890	927
894	914
899	936
901	902
901	999
902	973
904	956
919	951
921	999
930	995
958	993
968	975
