1	2
1	3
1	5
1	7
1	8
1	9
1	12
1	13
1	14
1	15
1	16
1	21
1	24
1	29
1	48
1	51
1	54
1	59
1	64
1	66
1	69
1	70
1	76
1	83
1	88
1	89
1	98
1	127
1	130
1	149
1	162
1	168
1	176
1	180
1	188
1	208
1	217
1	223
1	227
1	231
1	232
1	237
1	241
1	242
1	249
1	254
1	275
1	281
1	301
1	306
1	318
1	319
1	330
1	331
1	353
1	357
1	372
1	374
1	379
1	380
1	384
1	390
1	418
1	423
1	467
1	489
1	500
1	505
1	509
1	523
1	526
1	540
1	542
1	546
1	555
1	574
1	581
1	616
1	617
1	633
1	637
1	674
1	684
1	691
1	699
1	718
1	728
1	738
1	777
1	804
1	806
1	831
1	834
1	921
1	929
1	935
1	938
1	941
1	946
2	3
2	4
2	5
2	6
2	7
2	9
2	12
2	14
2	16
2	17
2	21
2	26
2	29
2	37
2	39
2	51
2	54
2	59
2	64
2	66
2	69
2	70
2	76
2	79
2	87
2	89
2	92
2	100
2	127
2	130
2	162
2	168
2	176
2	178
2	180
2	188
2	219
2	221
2	222
2	223
2	227
2	232
2	237
2	241
2	249
2	281
2	301
2	331
2	357
2	363
2	369
2	374
2	380
2	384
2	390
2	393
2	418
2	521
2	526
2	555
2	616
2	619
2	649
2	718
2	723
2	738
2	777
2	834
2	839
2	878
2	894
2	905
2	921
2	930
2	948
3	5
3	7
3	12
3	14
3	16
3	21
3	29
3	43
3	51
3	54
3	59
3	61
3	64
3	66
3	69
3	70
3	76
3	89
3	92
3	124
3	127
3	130
3	141
3	150
3	159
3	162
3	168
3	170
3	176
3	189
3	217
3	221
3	223
3	232
3	249
3	281
3	301
3	330
3	331
3	353
3	357
3	361
3	369
3	374
3	379
3	380
3	384
3	390
3	418
3	436
3	482
3	489
3	493
3	505
3	508
3	509
3	533
3	540
3	542
3	546
3	555
3	566
3	574
3	651
3	692
3	714
3	722
3	777
3	842
3	844
3	878
3	935
3	941
4	5
4	6
4	8
4	9
4	15
4	16
4	18
4	21
4	22
4	34
4	46
4	48
4	50
4	54
4	63
4	69
4	74
4	77
4	81
4	84
4	85
4	103
4	110
4	115
4	122
4	161
4	166
4	206
4	233
4	248
4	300
4	315
4	320
4	324
4	333
4	342
4	371
4	404
4	408
4	420
4	426
4	433
4	445
4	447
4	452
4	499
4	517
4	565
4	572
4	592
4	599
4	623
4	626
4	644
4	688
4	690
4	721
4	731
4	773
4	780
4	809
4	815
4	820
4	838
4	903
4	923
4	926
4	931
4	939
4	949
4	980
4	988
5	7
5	8
5	10
5	11
5	12
5	13
5	14
5	16
5	21
5	29
5	35
5	51
5	54
5	59
5	64
5	66
5	68
5	69
5	70
5	72
5	76
5	77
5	86
5	89
5	120
5	127
5	130
5	138
5	162
5	168
5	180
5	188
5	217
5	223
5	227
5	232
5	237
5	241
5	246
5	275
5	281
5	330
5	331
5	353
5	379
5	380
5	393
5	418
5	514
5	521
5	540
5	542
5	555
5	569
5	574
5	691
5	707
5	725
5	750
5	804
5	806
5	831
5	834
5	844
5	937
5	938
5	940
5	941
6	8
6	9
6	11
6	15
6	18
6	22
6	23
6	38
6	46
6	48
6	50
6	55
6	60
6	62
6	74
6	76
6	77
6	84
6	85
6	103
6	108
6	110
6	112
6	115
6	153
6	157
6	161
6	166
6	168
6	180
6	206
6	215
6	233
6	240
6	275
6	315
6	342
6	346
6	347
6	359
6	371
6	408
6	420
6	427
6	433
6	452
6	491
6	517
6	524
6	564
6	565
6	572
6	580
6	596
6	623
6	626
6	644
6	688
6	690
6	772
6	809
6	820
6	847
6	849
6	903
6	928
6	939
6	985
6	988
7	8
7	12
7	14
7	16
7	21
7	29
7	42
7	49
7	51
7	54
7	59
7	64
7	66
7	69
7	70
7	71
7	76
7	80
7	81
7	89
7	127
7	162
7	168
7	176
7	180
7	188
7	201
7	218
7	221
7	223
7	237
7	241
7	249
7	273
7	275
7	295
7	330
7	353
7	369
7	379
7	393
7	418
7	490
7	505
7	509
7	521
7	540
7	542
7	546
7	638
7	639
7	725
7	728
7	738
7	766
7	804
7	866
7	877
7	921
8	9
8	11
8	15
8	18
8	22
8	46
8	48
8	50
8	58
8	68
8	74
8	77
8	82
8	84
8	85
8	103
8	110
8	115
8	161
8	166
8	192
8	200
8	206
8	233
8	235
8	251
8	274
8	315
8	324
8	332
8	342
8	354
8	371
8	408
8	420
8	426
8	427
8	433
8	447
8	452
8	517
8	524
8	564
8	572
8	599
8	604
8	623
8	626
8	630
8	690
8	721
8	817
8	820
8	849
8	953
8	979
9	11
9	14
9	15
9	18
9	22
9	28
9	40
9	46
9	48
9	50
9	74
9	77
9	84
9	85
9	103
9	110
9	115
9	161
9	166
9	206
9	233
9	251
9	269
9	315
9	324
9	342
9	356
9	408
9	414
9	420
9	426
9	427
9	433
9	434
9	447
9	517
9	564
9	565
9	572
9	590
9	623
9	641
9	648
9	688
9	721
9	838
9	911
9	923
9	924
9	931
9	972
9	979
9	988
10	11
10	44
10	47
10	53
10	60
10	69
10	108
10	116
10	117
10	134
10	139
10	167
10	184
10	214
10	234
10	247
10	259
10	266
10	268
10	280
10	285
10	294
10	370
10	386
10	407
10	409
10	432
10	440
10	443
10	472
10	473
10	512
10	513
10	519
10	553
10	563
10	567
10	575
10	632
10	636
10	654
10	656
10	667
10	669
10	704
10	749
10	764
10	854
10	859
10	879
10	900
10	974
10	1000
11	13
11	15
11	17
11	38
11	52
11	68
11	78
11	96
11	136
11	159
11	191
11	192
11	199
11	291
11	302
11	308
11	313
11	361
11	448
11	458
11	459
11	480
11	494
11	527
11	538
11	561
11	570
11	573
11	588
11	613
11	666
11	694
11	697
11	716
11	724
11	753
11	823
11	865
11	866
11	884
11	901
11	904
11	966
11	991
12	13
12	14
12	16
12	20
12	21
12	29
12	39
12	51
12	54
12	59
12	66
12	69
12	76
12	89
12	128
12	130
12	136
12	176
12	180
12	188
12	217
12	221
12	223
12	227
12	237
12	241
12	249
12	281
12	353
12	357
12	423
12	487
12	574
12	660
12	692
12	725
12	806
12	808
12	820
12	915
12	921
12	929
12	938
12	970
13	24
13	27
13	33
13	34
13	37
13	45
13	49
13	73
13	86
13	107
13	112
13	123
13	133
13	165
13	167
13	193
13	213
13	218
13	222
13	232
13	280
13	290
13	359
13	374
13	416
13	419
13	457
13	463
13	468
13	523
13	577
13	624
13	630
13	657
13	686
13	729
13	767
13	793
13	800
13	829
13	874
13	885
13	965
13	988
14	16
14	21
14	27
14	29
14	51
14	52
14	54
14	59
14	64
14	66
14	69
14	70
14	76
14	89
14	90
14	98
14	108
14	125
14	130
14	162
14	176
14	180
14	188
14	217
14	226
14	249
14	256
14	331
14	369
14	393
14	423
14	505
14	565
14	616
14	684
14	844
14	878
14	929
14	932
14	935
15	18
15	21
15	22
15	46
15	48
15	50
15	55
15	59
15	63
15	74
15	77
15	85
15	103
15	115
15	116
15	122
15	161
15	166
15	233
15	324
15	371
15	380
15	426
15	447
15	452
15	540
15	601
15	607
15	616
15	644
15	719
15	773
15	809
15	847
15	903
15	923
15	926
15	979
16	21
16	29
16	41
16	48
16	51
16	54
16	57
16	59
16	64
16	68
16	69
16	76
16	130
16	131
16	162
16	176
16	180
16	221
16	237
16	241
16	275
16	281
16	374
16	380
16	390
16	423
16	509
16	520
16	526
16	571
16	714
16	872
16	962
17	34
17	38
17	51
17	52
17	68
17	70
17	78
17	96
17	136
17	192
17	199
17	258
17	263
17	269
17	302
17	308
17	313
17	316
17	361
17	458
17	459
17	495
17	538
17	561
17	573
17	576
17	588
17	661
17	666
17	716
17	724
17	750
17	774
17	884
17	901
17	902
17	904
17	966
18	22
18	34
18	46
18	48
18	50
18	63
18	74
18	77
18	84
18	85
18	95
18	103
18	115
18	161
18	205
18	233
18	267
18	318
18	324
18	342
18	357
18	428
18	524
18	539
18	564
18	599
18	675
18	773
18	838
18	849
18	926
18	947
19	32
19	40
19	42
19	43
19	52
19	72
19	92
19	117
19	122
19	141
19	149
19	160
19	184
19	236
19	243
19	255
19	282
19	290
19	310
19	364
19	394
19	410
19	470
19	493
19	504
19	525
19	560
19	582
19	583
19	590
19	604
19	618
19	861
19	894
19	909
19	914
19	993
20	26
20	35
20	36
20	48
20	49
20	75
20	80
20	83
20	118
20	123
20	148
20	226
20	293
20	362
20	387
20	398
20	477
20	522
20	528
20	593
20	622
20	640
20	680
20	709
20	771
20	812
20	881
20	882
20	886
20	917
20	928
20	953
20	992
20	994
20	999
21	29
21	31
21	45
21	51
21	54
21	59
21	64
21	69
21	89
21	120
21	142
21	168
21	188
21	223
21	232
21	241
21	275
21	353
21	393
21	518
21	691
21	714
21	718
21	827
21	908
22	43
22	46
22	48
22	50
22	74
22	77
22	84
22	85
22	95
22	103
22	110
22	115
22	135
22	161
22	259
22	289
22	337
22	371
22	408
22	426
22	427
22	433
22	452
22	499
22	510
22	602
22	644
22	847
23	26
23	58
23	91
23	98
23	114
23	157
23	253
23	254
23	258
23	271
23	315
23	352
23	365
23	471
23	485
23	514
23	535
23	547
23	554
23	558
23	621
23	648
23	671
23	700
23	702
23	723
23	741
23	837
23	846
23	905
23	944
24	27
24	28
24	33
24	34
24	37
24	45
24	54
24	79
24	86
24	107
24	112
24	123
24	133
24	155
24	165
24	213
24	287
24	290
24	359
24	372
24	416
24	463
24	615
24	657
24	729
24	767
24	829
24	874
24	957
25	47
25	82
25	114
25	138
25	156
25	166
25	167
25	195
25	205
25	229
25	284
25	318
25	335
25	385
25	465
25	467
25	516
25	551
25	611
25	628
25	652
25	686
25	768
25	816
25	821
25	843
25	870
25	889
25	936
26	35
26	67
26	94
26	109
26	183
26	239
26	240
26	265
26	274
26	325
26	368
26	391
26	430
26	434
26	442
26	484
26	534
26	620
26	701
26	763
26	833
26	873
26	887
26	934
26	960
26	978
27	30
27	33
27	34
27	37
27	45
27	81
27	86
27	93
27	107
27	112
27	123
27	133
27	165
27	193
27	213
27	218
27	290
27	443
27	551
27	624
27	686
27	767
27	793
27	827
27	829
27	843
28	43
28	57
28	72
28	119
28	143
28	151
28	239
28	245
28	307
28	310
28	339
28	358
28	411
28	415
28	429
28	431
28	441
28	511
28	515
28	520
28	605
28	612
28	665
28	807
28	876
28	927
29	49
29	59
29	64
29	70
29	76
29	127
29	130
29	132
29	139
29	209
29	232
29	275
29	390
29	399
29	460
29	505
29	616
29	740
30	32
30	33
30	55
30	97
30	102
30	208
30	274
30	322
30	349
30	352
30	373
30	388
30	413
30	451
30	476
30	481
30	522
30	552
30	615
30	739
30	780
30	786
30	787
30	817
30	848
30	982
31	51
31	65
31	113
31	127
31	132
31	153
31	186
31	228
31	231
31	341
31	344
31	382
31	396
31	458
31	474
31	568
31	646
31	770
31	837
31	845
31	871
31	883
31	898
31	908
31	962
32	40
32	42
32	92
32	122
32	141
32	149
32	229
32	236
32	243
32	309
32	332
32	364
32	378
32	410
32	468
32	493
32	504
32	590
32	604
32	762
32	778
32	966
32	990
32	993
33	34
33	37
33	45
33	61
33	72
33	86
33	107
33	112
33	123
33	133
33	135
33	165
33	193
33	218
33	290
33	419
33	463
33	523
33	600
33	830
33	885
33	920
34	37
34	45
34	57
34	86
34	107
34	123
34	133
34	213
34	290
34	415
34	427
34	523
34	608
34	624
34	630
34	657
34	793
34	942
34	965
35	36
35	49
35	60
35	75
35	80
35	83
35	226
35	293
35	306
35	362
35	363
35	477
35	508
35	528
35	562
35	593
35	680
35	771
35	773
35	882
35	954
35	994
35	999
36	49
36	53
36	75
36	80
36	83
36	158
36	226
36	362
36	387
36	394
36	398
36	477
36	562
36	593
36	733
36	771
36	834
36	840
36	852
36	881
36	928
36	992
36	999
37	45
37	79
37	80
37	86
37	112
37	133
37	193
37	213
37	218
37	359
37	365
37	416
37	463
37	496
37	608
37	630
37	729
37	835
37	874
38	52
38	78
38	96
38	311
38	354
38	368
38	480
38	578
38	594
38	613
38	647
38	666
38	750
38	774
38	775
38	813
38	865
38	866
38	884
38	901
38	904
38	991
39	131
39	171
39	182
39	201
39	242
39	257
39	270
39	289
39	299
39	342
39	348
39	397
39	492
39	494
39	497
39	569
39	619
39	712
39	753
39	835
39	922
39	937
39	947
40	42
40	92
40	122
40	141
40	149
40	236
40	255
40	310
40	345
40	351
40	364
40	366
40	410
40	447
40	468
40	470
40	493
40	525
40	583
40	584
40	604
40	618
41	42
41	53
41	107
41	163
41	173
41	262
41	376
41	402
41	425
41	438
41	455
41	469
41	470
41	483
41	507
41	539
41	581
41	592
41	602
41	801
41	863
41	945
41	987
41	995
42	92
42	141
42	149
42	172
42	236
42	244
42	255
42	364
42	410
42	470
42	504
42	560
42	566
42	582
42	604
42	861
42	881
42	909
42	914
42	990
43	57
43	119
43	143
43	151
43	198
43	307
43	339
43	358
43	415
43	429
43	511
43	515
43	640
43	648
43	665
43	669
43	689
43	754
43	803
43	951
44	57
44	69
44	117
44	134
44	139
44	209
44	214
44	234
44	247
44	266
44	275
44	280
44	282
44	294
44	386
44	395
44	432
44	443
44	460
44	553
44	974
44	1000
45	86
45	107
45	123
45	133
45	181
45	290
45	346
45	359
45	438
45	577
45	600
45	608
45	622
45	827
45	888
45	965
46	48
46	50
46	74
46	77
46	84
46	95
46	115
46	161
46	166
46	221
46	315
46	376
46	379
46	524
46	650
46	782
47	74
47	107
47	156
47	195
47	205
47	248
47	260
47	284
47	363
47	385
47	502
47	596
47	611
47	628
47	679
47	736
47	768
47	821
47	843
47	870
47	889
48	50
48	77
48	84
48	85
48	206
48	371
48	565
48	589
48	643
48	816
48	939
49	75
49	79
49	80
49	83
49	226
49	293
49	362
49	387
49	477
49	507
49	528
49	583
49	640
49	812
49	852
49	953
50	51
50	74
50	77
50	84
50	108
50	110
50	115
50	206
50	316
50	420
50	510
50	860
50	931
51	59
51	64
51	69
51	89
51	236
51	284
51	290
51	301
51	651
51	684
52	64
52	68
52	136
52	178
52	199
52	291
52	384
52	458
52	459
52	527
52	538
52	647
52	666
52	674
52	716
52	902
53	163
53	173
53	262
53	297
53	376
53	385
53	402
53	425
53	455
53	462
53	469
53	539
53	581
53	592
53	602
53	863
53	945
53	987
54	59
54	66
54	70
54	232
54	357
54	464
54	475
54	546
54	651
54	725
55	67
55	102
55	208
55	233
55	304
55	321
55	334
55	349
55	378
55	448
55	481
55	482
55	603
55	614
55	754
55	856
55	939
55	982
56	82
56	96
56	101
56	106
56	185
56	194
56	212
56	219
56	336
56	435
56	492
56	548
56	574
56	645
56	685
56	752
56	785
56	869
56	889
56	964
57	83
57	119
57	143
57	151
57	203
57	307
57	358
57	520
57	612
57	682
57	748
57	828
57	876
57	942
57	951
58	70
58	91
58	98
58	127
58	145
58	157
58	258
58	271
58	471
58	485
58	547
58	558
58	621
58	671
58	792
58	837
58	867
58	905
59	76
59	227
59	409
59	739
59	822
59	894
60	116
60	117
60	266
60	294
60	370
60	395
60	406
60	432
60	440
60	490
60	512
60	513
60	654
60	704
60	828
60	898
61	64
61	88
61	113
61	169
61	218
61	246
61	279
61	328
61	355
61	549
61	696
61	788
61	800
61	804
61	836
61	933
61	949
62	86
62	87
62	152
62	210
62	224
62	250
62	263
62	270
62	272
62	297
62	323
62	360
62	601
62	631
62	726
62	746
62	776
62	853
63	100
63	131
63	144
63	151
63	187
63	264
63	332
63	356
63	406
63	495
63	587
63	675
63	745
63	825
63	880
63	952
64	66
64	69
64	177
64	217
64	449
64	692
64	859
65	97
65	132
65	153
65	186
65	205
65	228
65	231
65	341
65	344
65	396
65	474
65	568
65	586
65	646
65	660
65	770
65	845
65	979
66	76
66	109
66	145
66	164
66	168
66	221
66	331
66	831
66	852
67	94
67	109
67	142
67	183
67	208
67	326
67	368
67	434
67	595
67	643
67	650
67	659
67	786
67	896
67	934
67	978
68	87
68	96
68	136
68	192
68	199
68	313
68	361
68	459
68	647
68	694
68	823
68	965
69	70
69	301
69	330
69	388
70	76
70	127
70	175
70	180
70	221
70	233
70	1000
71	73
71	95
71	155
71	210
71	225
71	261
71	273
71	291
71	466
71	576
71	683
71	742
71	784
71	805
71	933
71	943
71	968
72	74
72	81
72	137
72	158
72	251
72	316
72	406
72	436
72	498
72	550
72	633
72	759
72	858
73	85
73	95
73	155
73	210
73	225
73	261
73	273
73	466
73	567
73	683
73	742
73	805
73	873
73	878
73	943
74	77
74	84
74	85
74	145
74	206
74	790
75	80
75	83
75	88
75	90
75	201
75	293
75	387
75	398
75	562
75	640
75	861
75	882
75	953
76	130
76	172
76	374
76	884
77	106
77	110
77	166
77	170
77	345
78	96
78	192
78	199
78	231
78	278
78	297
78	538
78	588
78	674
78	740
78	774
78	775
78	925
78	991
79	197
79	224
79	456
79	467
79	530
79	532
79	543
79	625
79	635
79	662
79	779
79	783
79	931
80	83
80	85
80	293
80	387
80	449
80	528
80	680
80	852
80	881
80	886
81	137
81	158
81	251
81	371
81	406
81	436
81	498
81	550
81	737
81	759
81	796
81	858
81	906
82	101
82	106
82	182
82	185
82	212
82	219
82	227
82	248
82	548
82	664
82	785
82	869
82	964
82	978
83	226
83	293
83	398
83	529
83	534
83	562
83	886
83	904
83	928
84	85
84	103
84	166
84	213
84	451
84	558
85	103
85	110
85	657
85	907
86	123
86	165
86	218
86	292
86	419
86	800
86	818
87	152
87	250
87	263
87	270
87	272
87	323
87	360
87	503
87	541
87	746
87	772
87	877
87	952
88	113
88	160
88	246
88	279
88	328
88	355
88	508
88	549
88	696
88	751
88	798
88	949
88	967
89	186
89	227
89	369
89	384
89	393
89	819
89	870
90	94
90	99
90	111
90	172
90	276
90	286
90	306
90	329
90	348
90	409
90	430
90	447
90	479
90	586
91	98
91	157
91	258
91	352
91	365
91	415
91	514
91	539
91	554
91	666
91	700
91	708
91	792
91	905
92	149
92	176
92	243
92	255
92	322
92	410
92	525
92	545
92	618
92	727
93	104
93	129
93	192
93	247
93	350
93	355
93	377
93	438
93	453
93	499
93	597
93	726
93	732
93	893
93	963
94	104
94	109
94	142
94	183
94	325
94	340
94	370
94	391
94	434
94	448
94	506
94	534
94	960
95	155
95	210
95	225
95	261
95	273
95	567
95	576
95	683
95	705
95	743
95	970
96	316
96	361
96	458
96	480
96	527
96	594
96	611
96	613
96	670
96	987
97	102
97	159
97	285
97	304
97	321
97	322
97	342
97	349
97	448
97	480
97	522
97	739
97	817
98	157
98	205
98	254
98	258
98	271
98	301
98	365
98	471
98	485
98	554
99	111
99	172
99	272
99	276
99	286
99	306
99	348
99	479
99	586
99	732
99	830
99	963
99	975
99	977
100	102
100	131
100	144
100	220
100	264
100	332
100	369
100	495
100	587
100	641
100	745
100	796
100	940
101	106
101	185
101	194
101	212
101	216
101	248
101	336
101	444
101	529
101	548
101	678
101	752
101	964
102	125
102	159
102	274
102	321
102	373
102	378
102	402
102	413
102	482
102	614
102	780
103	115
103	198
103	204
103	230
103	315
103	599
104	129
104	350
104	377
104	411
104	438
104	453
104	499
104	560
104	712
104	713
104	726
104	732
104	963
105	106
105	184
105	220
105	305
105	338
105	376
105	600
105	661
105	722
105	766
105	778
105	836
105	868
105	890
105	981
106	185
106	194
106	336
106	435
106	664
106	693
106	695
106	709
106	752
107	165
107	214
107	608
107	620
107	800
107	957
108	214
108	247
108	386
108	443
108	490
108	500
108	512
108	673
108	879
108	936
109	126
109	226
109	240
109	368
109	442
109	506
109	620
109	659
109	761
109	974
110	115
110	173
110	187
110	433
110	626
110	705
111	172
111	188
111	276
111	286
111	306
111	329
111	348
111	391
111	455
111	830
111	975
111	977
112	123
112	165
112	218
112	319
112	359
112	383
112	419
112	827
113	126
113	169
113	246
113	279
113	355
113	547
113	798
113	810
113	836
113	933
113	967
114	145
114	215
114	230
114	267
114	449
114	531
114	609
114	703
114	802
114	850
114	855
114	956
115	189
115	329
115	775
116	134
116	139
116	181
116	209
116	343
116	370
116	513
116	673
116	756
116	854
116	864
117	119
117	134
117	139
117	209
117	343
117	370
117	395
117	473
117	656
117	821
118	125
118	179
118	222
118	278
118	327
118	404
118	474
118	556
118	649
118	832
118	867
118	895
119	143
119	151
119	194
119	198
119	411
119	431
119	612
119	682
119	902
120	148
120	150
120	202
120	367
120	462
120	548
120	655
120	663
120	789
120	973
120	997
121	191
121	203
121	286
121	295
121	345
121	399
121	437
121	475
121	487
121	658
121	664
121	783
121	899
122	141
122	185
122	255
122	310
122	590
122	618
122	762
122	812
123	133
123	213
123	408
123	771
124	170
124	191
124	501
124	609
124	629
124	681
124	708
124	731
124	795
124	840
124	971
124	992
125	179
125	278
125	327
125	404
125	556
125	593
125	634
125	649
125	790
125	867
126	142
126	183
126	325
126	391
126	516
126	534
126	643
126	683
126	833
126	887
126	960
127	162
127	330
127	336
127	685
128	130
128	138
128	146
128	181
128	196
128	320
128	417
128	570
128	585
128	668
128	676
128	811
129	161
129	377
129	410
129	438
129	453
129	597
129	691
129	732
129	741
129	893
129	963
130	143
130	313
130	728
131	144
131	187
131	264
131	327
131	353
131	356
131	587
131	791
131	796
132	153
132	382
132	396
132	474
132	660
132	811
132	871
132	898
132	918
132	935
133	165
133	193
133	594
133	633
133	789
134	167
134	209
134	234
134	247
134	302
134	343
134	348
134	389
134	512
135	160
135	296
135	375
135	388
135	450
135	627
135	653
135	767
135	888
135	891
136	176
136	199
136	308
136	316
136	349
136	459
136	823
137	158
137	238
137	251
137	406
137	498
137	633
137	651
137	679
137	737
137	906
138	146
138	181
138	320
138	337
138	417
138	672
138	676
138	811
138	887
139	167
139	259
139	324
139	409
139	481
139	667
139	706
140	345
140	346
140	437
140	478
140	578
140	717
140	792
140	819
140	826
140	864
140	892
140	948
141	149
141	156
141	184
141	493
141	504
141	990
142	207
142	239
142	325
142	340
142	368
142	442
142	454
142	659
143	151
143	245
143	358
143	429
143	441
143	631
143	807
144	187
144	235
144	356
144	361
144	495
144	579
144	675
144	727
144	940
145	412
145	531
145	703
145	710
145	757
145	802
145	850
145	855
146	209
146	235
146	320
146	337
146	423
146	544
146	668
146	672
146	676
146	794
147	190
147	193
147	314
147	354
147	442
147	457
147	469
147	557
147	911
147	932
147	946
147	980
148	150
148	202
148	300
148	367
148	462
148	655
148	663
148	745
148	789
148	997
149	626
149	727
149	734
149	861
149	993
150	202
150	367
150	462
150	536
150	655
150	829
150	850
150	973
150	997
151	198
151	431
151	515
151	520
151	803
151	805
152	263
152	272
152	323
152	360
152	463
152	517
152	772
152	853
152	941
153	186
153	446
153	474
153	660
153	908
153	918
153	962
154	428
154	454
154	472
154	519
154	533
154	584
154	605
154	808
154	813
154	860
154	910
155	225
155	294
155	705
155	742
155	805
155	912
155	943
156	205
156	229
156	260
156	335
156	464
156	551
156	758
156	809
157	485
157	572
157	648
157	700
157	723
157	944
158	204
158	251
158	436
158	498
158	550
158	868
158	906
159	304
159	322
159	334
159	378
159	481
159	501
159	636
160	351
160	375
160	388
160	450
160	627
160	653
160	888
160	891
161	216
161	339
162	255
162	386
162	603
163	173
163	262
163	276
163	376
163	400
163	425
163	539
163	718
163	987
164	207
164	269
164	281
164	288
164	430
164	460
164	461
164	677
164	736
164	954
165	170
165	426
165	600
166	777
166	956
167	214
167	247
167	439
167	440
167	473
167	706
168	328
168	437
168	894
169	216
169	328
169	439
169	508
169	549
169	696
169	760
169	933
169	967
170	191
170	501
170	681
170	715
170	731
170	840
170	846
171	182
171	242
171	244
171	257
171	384
171	494
171	619
171	822
171	937
172	276
172	279
172	329
172	586
172	977
173	262
173	402
173	581
173	592
173	612
173	801
174	281
174	350
174	414
174	445
174	589
174	629
174	639
174	748
174	961
174	976
175	178
175	253
175	403
175	571
175	585
175	735
175	872
175	969
175	989
176	217
177	182
177	364
177	494
177	497
177	619
177	650
177	835
177	920
177	922
178	253
178	403
178	585
178	810
178	872
178	969
178	989
179	234
179	278
179	404
179	456
179	624
179	634
179	649
179	790
180	480
181	337
181	570
181	668
181	672
181	794
181	811
182	257
182	258
182	299
182	563
182	569
182	835
183	240
183	324
183	368
183	484
183	490
183	887
184	305
184	606
184	722
184	766
184	778
184	981
185	645
185	678
185	695
185	869
185	989
186	231
186	568
186	660
186	672
186	883
186	898
187	235
187	264
187	332
187	791
187	824
187	880
188	535
188	644
189	277
189	317
189	319
189	422
189	502
189	579
189	720
189	742
190	261
190	280
190	314
190	354
190	457
190	464
190	551
190	932
190	980
191	367
191	501
191	708
191	731
191	846
191	971
192	199
192	291
192	740
192	750
193	219
193	577
193	885
193	896
194	199
194	212
194	219
194	645
194	664
194	709
195	260
195	335
195	465
195	516
195	652
195	711
195	787
195	870
196	250
196	283
196	298
196	312
196	488
196	489
196	503
196	769
196	862
197	224
197	350
197	456
197	467
197	532
197	543
197	662
197	696
197	779
198	358
198	669
198	748
198	942
198	996
199	313
200	311
200	392
200	496
200	744
200	799
200	875
200	925
200	983
201	257
201	299
201	492
201	569
201	879
201	937
202	228
202	292
202	367
202	663
202	789
202	854
203	309
203	399
203	424
203	483
203	599
203	864
203	899
204	292
204	362
204	552
204	607
204	610
204	760
204	781
205	516
205	611
205	652
206	389
206	462
207	269
207	430
207	460
207	461
207	736
207	875
207	954
208	274
208	378
208	786
208	856
208	991
209	268
209	440
209	654
210	225
210	261
210	492
210	968
210	970
211	300
211	333
211	396
211	486
211	537
211	642
211	779
211	841
211	972
212	248
212	298
212	336
212	475
212	645
213	521
213	686
214	280
214	343
214	443
214	623
215	267
215	412
215	435
215	449
215	531
215	850
215	956
216	222
216	351
216	381
216	405
216	591
216	959
217	264
217	618
218	308
219	248
219	678
219	703
219	709
220	252
220	282
220	698
220	707
220	734
220	743
220	755
221	554
222	405
222	638
222	730
222	842
222	984
223	769
223	955
224	360
224	456
224	542
224	543
224	662
224	783
225	308
225	466
225	682
225	968
226	362
226	640
227	785
227	976
228	231
228	267
228	341
228	344
228	382
228	396
229	347
229	363
229	431
229	596
229	758
229	843
230	500
230	580
230	617
230	637
230	784
230	847
230	996
231	341
231	770
231	918
232	983
233	366
234	266
234	360
234	440
234	667
234	912
235	332
235	495
235	745
235	791
235	952
236	468
236	525
236	909
236	981
237	511
237	628
237	714
238	256
238	265
238	303
238	421
238	693
238	751
238	761
238	950
239	240
239	338
239	595
239	620
239	763
239	896
240	484
240	643
240	701
240	763
241	379
241	651
242	492
242	494
242	759
242	822
242	986
243	352
243	576
243	583
243	590
243	762
244	529
244	559
244	580
244	637
244	784
244	996
245	339
245	411
245	479
245	491
245	876
245	895
246	279
246	439
246	549
246	735
247	326
247	673
248	548
248	685
249	296
249	570
250	270
250	323
250	541
250	587
250	927
251	498
251	550
252	282
252	323
252	446
252	688
252	698
252	734
252	826
253	403
253	735
253	810
253	906
253	969
254	258
254	322
254	352
254	471
254	514
255	385
255	560
256	265
256	303
256	622
256	719
256	751
256	752
257	369
257	372
257	397
257	929
258	648
259	268
259	395
259	566
259	706
259	833
260	284
260	318
260	465
260	573
260	667
261	273
261	567
261	886
262	398
262	425
262	507
262	849
263	297
263	360
263	541
263	631
264	673
264	675
264	880
265	303
265	452
265	622
265	693
265	719
266	382
266	409
266	473
266	922
267	531
267	609
267	710
267	757
268	386
268	389
268	417
268	436
268	756
269	288
269	430
269	460
269	954
270	392
270	541
270	877
270	958
271	365
271	485
271	741
271	865
271	977
272	601
272	676
272	877
272	927
273	466
273	506
273	705
274	482
274	754
274	817
276	323
276	348
276	586
277	317
277	334
277	422
277	579
277	702
277	720
277	738
278	556
278	634
278	895
278	944
279	508
279	795
279	949
280	407
280	749
280	936
282	446
282	707
282	755
282	826
283	298
283	312
283	461
283	489
283	518
283	710
283	985
284	335
284	416
284	679
284	821
285	373
285	413
285	451
285	522
285	687
285	739
286	306
286	479
286	665
286	830
287	589
287	629
287	670
287	880
287	916
287	961
287	976
288	430
288	460
288	461
288	486
288	677
288	764
289	328
289	397
289	497
289	712
289	922
289	986
291	308
291	317
291	480
291	724
292	535
292	552
292	571
292	781
292	955
293	427
293	681
294	386
294	525
294	859
294	900
295	399
295	478
295	658
295	715
295	897
296	375
296	733
296	782
296	888
296	909
297	323
297	601
297	765
298	518
298	531
298	862
298	985
299	552
299	650
299	698
299	753
300	400
300	486
300	642
300	972
301	969
302	402
302	573
302	594
302	866
303	421
303	465
303	751
303	923
304	334
304	336
304	476
304	614
305	358
305	606
305	722
305	868
305	890
306	975
307	330
307	431
307	521
307	942
308	647
309	345
309	399
309	478
309	487
309	695
310	582
310	794
310	914
311	392
311	496
311	730
311	814
311	892
312	395
312	488
312	503
312	862
312	964
313	458
313	845
314	464
314	557
314	658
314	897
314	911
316	594
316	966
317	319
317	418
317	422
317	699
318	363
318	516
318	611
319	502
319	699
319	702
320	337
320	417
320	858
321	417
321	476
321	647
321	982
322	334
322	448
325	344
325	442
325	544
326	333
326	400
326	486
326	537
326	907
327	649
327	832
327	895
327	916
328	439
328	788
329	348
329	479
329	606
331	609
332	495
333	537
333	841
333	907
333	972
334	603
334	807
335	478
335	513
335	596
336	785
337	544
337	957
338	423
338	606
338	661
338	799
338	857
339	669
339	763
339	803
340	368
340	506
340	595
340	659
340	993
341	344
341	358
341	663
343	432
343	575
343	592
344	382
344	728
345	475
345	998
346	483
346	487
346	717
346	998
347	363
347	385
347	628
347	889
347	903
349	357
349	373
349	413
350	377
350	453
350	726
351	405
351	591
351	638
351	959
352	547
352	671
354	457
354	464
354	557
355	439
355	662
355	798
356	587
356	641
356	796
359	425
360	765
361	775
362	762
363	385
364	545
364	700
365	723
365	943
366	500
366	529
366	559
366	598
366	637
367	655
367	882
370	412
370	563
372	397
372	497
372	569
372	947
373	614
373	665
375	428
375	497
375	733
376	995
377	713
377	791
378	413
381	405
381	729
381	842
381	924
381	959
382	806
383	401
383	444
383	913
383	919
383	930
387	493
388	428
388	782
389	407
389	764
389	857
390	546
391	506
391	761
392	744
392	814
392	875
394	535
394	610
394	781
394	955
395	422
396	568
397	755
397	986
398	934
399	478
400	537
400	642
400	907
401	711
401	747
401	832
401	913
401	919
402	602
403	532
403	810
403	989
404	512
404	634
405	582
405	591
406	633
407	555
407	749
407	854
409	667
411	550
411	828
412	703
412	802
412	956
413	481
414	445
414	589
414	639
414	916
415	429
415	441
416	439
416	957
417	668
419	577
419	893
420	900
421	622
421	642
421	693
421	950
422	502
422	579
424	641
424	675
424	825
424	940
424	952
425	469
428	450
428	891
429	491
429	671
431	669
432	654
432	869
434	701
434	724
435	664
435	678
435	692
436	737
437	680
437	687
437	948
438	893
440	756
441	689
441	828
441	938
442	471
443	566
444	747
444	797
444	917
444	930
445	629
445	670
445	916
446	698
446	743
446	826
448	615
449	710
449	855
450	653
450	716
450	856
451	476
451	482
451	770
453	499
453	798
454	472
454	808
454	915
454	960
455	469
455	602
455	855
456	510
456	662
457	946
457	980
459	874
461	677
461	914
462	973
463	624
464	946
465	631
465	816
466	557
466	567
467	530
467	635
468	560
468	625
469	848
470	727
470	883
471	975
472	519
472	584
472	915
473	627
473	974
474	908
475	483
475	687
476	603
476	891
477	593
477	677
478	658
479	781
481	488
482	483
483	897
484	761
484	833
484	873
485	613
486	642
486	841
487	578
487	717
488	503
488	769
488	985
489	503
489	518
490	936
490	1000
491	612
491	807
491	994
492	920
494	650
496	605
496	757
496	983
497	712
498	765
499	597
500	536
500	818
501	795
501	840
502	699
504	913
507	945
507	968
509	788
510	532
510	625
511	515
511	748
513	764
514	554
515	556
518	769
519	533
519	824
520	646
522	636
523	600
524	793
526	575
526	776
527	561
527	740
528	863
529	580
530	543
530	625
530	961
532	779
533	813
533	824
534	543
535	571
536	559
536	598
536	637
537	545
538	823
541	746
544	570
544	672
545	582
545	583
547	792
549	720
551	816
552	607
553	704
553	744
553	912
556	832
557	652
558	621
558	671
559	617
559	945
561	630
561	839
562	984
563	679
563	859
564	802
566	673
568	841
571	610
573	902
575	684
575	912
576	970
577	689
578	948
578	998
579	998
580	818
581	801
584	813
584	860
585	735
585	872
588	694
588	747
589	670
591	706
591	924
595	958
595	978
596	628
597	713
597	918
598	926
598	996
598	999
601	958
603	787
605	892
605	925
606	661
607	760
607	955
608	919
609	757
610	760
610	814
613	621
614	967
615	636
615	787
617	784
617	818
619	657
620	951
621	837
625	635
627	737
627	782
629	976
631	853
632	744
632	814
632	875
632	925
634	950
635	783
635	910
636	659
638	730
638	842
639	670
639	961
641	825
643	896
645	990
646	845
646	871
652	679
653	733
653	749
654	668
655	890
656	844
656	879
656	900
658	899
661	766
663	758
665	689
674	697
674	825
676	794
677	736
678	803
680	812
681	708
681	795
682	951
682	997
683	721
685	695
687	819
690	876
694	801
697	839
697	862
701	797
702	720
704	871
707	755
711	747
711	815
713	746
715	846
715	971
717	864
719	950
730	984
734	743
741	944
753	822
754	856
756	959
758	768
759	858
765	772
768	901
774	838
776	927
776	958
778	799
780	786
788	836
790	867
797	815
797	917
799	857
808	824
815	851
819	897
831	986
839	865
848	863
848	995
851	913
851	930
851	982
853	971
857	868
860	910
873	934
883	962
885	899
890	981
892	983
910	915
911	932
917	919
920	947
924	984
973	995
992	994
