1	3
1	5
1	7
1	12
1	17
1	18
1	21
1	22
1	24
1	35
1	38
1	39
1	52
1	55
1	57
1	66
1	67
1	69
1	70
1	72
1	74
1	75
1	80
1	87
1	100
1	108
1	115
1	119
1	120
1	134
1	145
1	170
1	192
1	228
1	231
1	233
1	258
1	259
1	265
1	266
1	278
1	285
1	292
1	300
1	303
1	337
1	356
1	359
1	366
1	377
1	412
1	427
1	459
1	460
1	465
1	467
1	469
1	476
1	480
1	526
1	537
1	542
1	562
1	569
1	574
1	617
1	618
1	624
1	632
1	647
1	666
1	670
1	689
1	693
1	725
1	821
1	868
1	880
1	944
1	964
2	4
2	7
2	9
2	11
2	13
2	14
2	23
2	26
2	28
2	36
2	46
2	56
2	58
2	83
2	88
2	107
2	112
2	117
2	120
2	129
2	130
2	133
2	138
2	140
2	165
2	174
2	179
2	204
2	243
2	267
2	281
2	284
2	325
2	360
2	366
2	369
2	387
2	395
2	400
2	401
2	406
2	413
2	445
2	451
2	492
2	533
2	536
2	572
2	589
2	631
2	637
2	638
2	643
2	666
2	676
2	687
2	689
2	692
2	694
2	695
2	702
2	718
2	730
2	755
2	758
2	810
2	850
2	857
2	859
2	871
2	873
2	892
2	895
2	904
2	944
2	955
2	970
2	971
2	996
3	5
3	7
3	9
3	14
3	15
3	17
3	21
3	22
3	35
3	48
3	49
3	52
3	55
3	57
3	68
3	69
3	70
3	78
3	80
3	82
3	87
3	108
3	120
3	122
3	138
3	146
3	158
3	163
3	184
3	224
3	228
3	233
3	251
3	253
3	258
3	259
3	263
3	265
3	266
3	279
3	292
3	300
3	303
3	312
3	333
3	336
3	337
3	350
3	356
3	416
3	463
3	475
3	480
3	522
3	523
3	524
3	569
3	576
3	585
3	605
3	622
3	624
3	633
3	679
3	682
3	685
3	734
3	735
3	752
3	821
3	894
3	908
3	947
4	5
4	6
4	7
4	8
4	10
4	12
4	15
4	24
4	25
4	29
4	36
4	41
4	43
4	44
4	45
4	47
4	53
4	63
4	65
4	72
4	73
4	77
4	89
4	102
4	109
4	111
4	120
4	131
4	135
4	150
4	157
4	158
4	207
4	240
4	246
4	271
4	272
4	278
4	280
4	288
4	289
4	291
4	296
4	367
4	397
4	399
4	411
4	415
4	443
4	450
4	455
4	468
4	488
4	496
4	513
4	515
4	525
4	535
4	557
4	559
4	580
4	593
4	658
4	778
4	784
4	787
4	790
4	795
4	879
4	929
4	933
5	7
5	13
5	15
5	17
5	21
5	22
5	35
5	38
5	49
5	52
5	55
5	57
5	66
5	67
5	69
5	70
5	75
5	82
5	87
5	100
5	104
5	117
5	129
5	132
5	134
5	138
5	153
5	163
5	207
5	224
5	231
5	247
5	249
5	258
5	259
5	263
5	266
5	273
5	281
5	305
5	312
5	332
5	377
5	421
5	459
5	460
5	497
5	526
5	562
5	587
5	613
5	661
5	670
5	693
5	725
5	740
5	755
5	792
5	828
5	894
5	925
5	964
6	8
6	10
6	12
6	13
6	15
6	20
6	24
6	25
6	29
6	36
6	41
6	43
6	44
6	45
6	47
6	48
6	63
6	72
6	82
6	102
6	111
6	118
6	123
6	135
6	136
6	147
6	150
6	157
6	158
6	209
6	218
6	246
6	250
6	292
6	323
6	341
6	354
6	386
6	399
6	411
6	462
6	479
6	488
6	505
6	513
6	515
6	575
6	580
6	601
6	683
6	686
6	732
6	795
6	862
6	881
6	890
6	933
6	934
6	945
7	17
7	21
7	22
7	30
7	35
7	38
7	49
7	52
7	55
7	57
7	66
7	68
7	69
7	70
7	75
7	76
7	82
7	87
7	120
7	122
7	163
7	164
7	170
7	224
7	233
7	236
7	254
7	258
7	266
7	273
7	292
7	293
7	300
7	303
7	350
7	400
7	414
7	463
7	469
7	479
7	485
7	503
7	541
7	720
7	723
7	735
7	753
7	780
7	781
7	820
7	858
7	880
7	953
7	979
8	10
8	12
8	15
8	16
8	21
8	23
8	24
8	25
8	29
8	34
8	36
8	41
8	43
8	44
8	47
8	63
8	72
8	91
8	96
8	102
8	108
8	111
8	131
8	150
8	158
8	169
8	206
8	207
8	218
8	240
8	246
8	272
8	280
8	291
8	339
8	354
8	408
8	409
8	416
8	450
8	479
8	505
8	510
8	513
8	520
8	528
8	535
8	601
8	787
8	790
8	818
8	872
8	876
8	879
8	989
8	998
9	11
9	12
9	14
9	23
9	26
9	56
9	58
9	83
9	94
9	114
9	117
9	129
9	130
9	133
9	140
9	174
9	179
9	205
9	243
9	267
9	284
9	315
9	325
9	326
9	360
9	362
9	369
9	395
9	406
9	413
9	445
9	458
9	492
9	499
9	560
9	572
9	589
9	638
9	652
9	676
9	677
9	692
9	694
9	702
9	718
9	756
9	810
9	850
9	870
9	873
9	895
9	955
9	960
9	996
10	12
10	13
10	15
10	25
10	29
10	36
10	44
10	45
10	47
10	54
10	63
10	72
10	79
10	91
10	105
10	150
10	157
10	209
10	218
10	243
10	252
10	255
10	262
10	279
10	280
10	289
10	323
10	339
10	354
10	375
10	389
10	399
10	409
10	462
10	479
10	507
10	517
10	553
10	559
10	575
10	593
10	612
10	686
10	794
10	795
10	862
10	872
10	878
10	940
10	952
10	981
11	31
11	34
11	35
11	37
11	44
11	46
11	48
11	54
11	59
11	64
11	73
11	85
11	89
11	94
11	114
11	116
11	118
11	136
11	151
11	173
11	199
11	247
11	289
11	295
11	321
11	344
11	374
11	394
11	396
11	406
11	412
11	500
11	510
11	536
11	575
11	579
11	608
11	621
11	622
11	667
11	705
11	731
11	754
11	766
11	768
11	836
11	893
11	935
11	948
11	956
11	987
12	13
12	14
12	15
12	24
12	25
12	29
12	36
12	43
12	44
12	45
12	47
12	72
12	77
12	100
12	113
12	122
12	131
12	150
12	157
12	158
12	207
12	272
12	278
12	289
12	296
12	323
12	345
12	399
12	415
12	416
12	496
12	507
12	517
12	553
12	658
12	686
12	693
12	709
12	762
12	806
12	851
12	889
12	890
12	895
13	20
13	28
13	32
13	39
13	65
13	73
13	84
13	89
13	123
13	124
13	191
13	202
13	204
13	212
13	237
13	239
13	256
13	258
13	301
13	305
13	320
13	328
13	355
13	363
13	405
13	441
13	448
13	472
13	485
13	499
13	516
13	543
13	573
13	602
13	691
13	698
13	727
13	825
13	832
13	839
13	937
13	939
13	978
13	994
14	26
14	39
14	40
14	41
14	45
14	56
14	58
14	83
14	117
14	129
14	130
14	133
14	140
14	165
14	174
14	243
14	244
14	281
14	325
14	360
14	366
14	369
14	387
14	401
14	403
14	406
14	431
14	492
14	631
14	637
14	652
14	755
14	774
14	853
14	857
14	871
14	892
14	955
14	960
14	996
15	19
15	25
15	29
15	36
15	41
15	44
15	45
15	47
15	52
15	63
15	102
15	111
15	131
15	135
15	204
15	238
15	262
15	278
15	279
15	280
15	296
15	323
15	339
15	340
15	438
15	488
15	513
15	520
15	550
15	575
15	577
15	584
15	642
15	717
15	889
16	18
16	33
16	42
16	74
16	76
16	77
16	90
16	94
16	119
16	148
16	153
16	169
16	219
16	241
16	284
16	290
16	300
16	314
16	322
16	336
16	372
16	466
16	467
16	470
16	519
16	531
16	544
16	546
16	557
16	596
16	688
16	717
16	743
16	791
16	812
16	921
16	932
16	950
16	967
16	999
17	22
17	34
17	38
17	49
17	52
17	55
17	67
17	68
17	70
17	82
17	122
17	148
17	165
17	168
17	189
17	192
17	224
17	231
17	235
17	259
17	312
17	333
17	348
17	350
17	356
17	379
17	427
17	480
17	497
17	523
17	569
17	617
17	683
17	728
17	734
17	781
17	820
18	32
18	33
18	42
18	52
18	62
18	74
18	76
18	77
18	88
18	90
18	119
18	148
18	169
18	241
18	246
18	250
18	271
18	304
18	314
18	322
18	336
18	372
18	404
18	531
18	544
18	557
18	596
18	605
18	743
18	791
18	921
18	950
18	991
18	995
18	999
19	28
19	48
19	50
19	61
19	63
19	80
19	95
19	98
19	106
19	156
19	176
19	180
19	193
19	198
19	222
19	315
19	316
19	338
19	509
19	548
19	635
19	639
19	690
19	708
19	711
19	763
19	801
19	806
19	825
19	836
19	840
19	891
19	897
19	900
19	941
19	997
20	32
20	39
20	45
20	47
20	49
20	58
20	65
20	73
20	84
20	89
20	123
20	124
20	131
20	204
20	212
20	237
20	256
20	346
20	408
20	441
20	472
20	537
20	626
20	653
20	656
20	681
20	698
20	721
20	788
20	819
20	907
20	929
20	985
20	988
20	998
21	22
21	35
21	49
21	55
21	57
21	66
21	67
21	68
21	69
21	87
21	114
21	120
21	138
21	170
21	228
21	333
21	402
21	426
21	427
21	475
21	506
21	561
21	581
21	587
21	613
21	619
21	753
21	780
21	820
21	896
21	944
22	35
22	38
22	51
22	55
22	69
22	75
22	80
22	100
22	120
22	122
22	219
22	293
22	297
22	356
22	359
22	364
22	422
22	465
22	569
22	587
22	617
22	821
22	822
22	828
22	849
22	875
22	894
22	938
22	944
23	37
23	67
23	91
23	106
23	112
23	124
23	144
23	152
23	198
23	214
23	253
23	308
23	310
23	330
23	343
23	385
23	457
23	495
23	552
23	570
23	607
23	641
23	678
23	685
23	694
23	700
23	783
23	843
23	910
23	952
23	1000
24	29
24	36
24	41
24	43
24	44
24	45
24	47
24	63
24	72
24	99
24	102
24	131
24	135
24	158
24	162
24	187
24	207
24	209
24	222
24	240
24	250
24	268
24	362
24	375
24	462
24	593
24	787
24	831
24	919
25	29
25	32
25	36
25	41
25	43
25	44
25	45
25	63
25	111
25	131
25	139
25	157
25	190
25	207
25	246
25	374
25	404
25	512
25	525
25	553
25	580
25	717
25	737
25	778
25	905
25	909
25	933
26	56
26	58
26	59
26	62
26	83
26	113
26	117
26	129
26	133
26	140
26	165
26	179
26	243
26	267
26	281
26	284
26	366
26	395
26	400
26	441
26	470
26	492
26	535
26	631
26	633
26	652
26	786
26	904
26	960
27	53
27	60
27	79
27	86
27	96
27	103
27	109
27	141
27	164
27	201
27	232
27	238
27	244
27	307
27	318
27	323
27	357
27	365
27	376
27	394
27	402
27	417
27	475
27	604
27	611
27	630
27	765
27	771
27	824
27	856
27	926
27	931
28	48
28	50
28	61
28	78
28	95
28	98
28	176
28	177
28	180
28	211
28	242
28	286
28	315
28	468
28	509
28	534
28	591
28	603
28	618
28	635
28	639
28	690
28	708
28	716
28	742
28	772
28	825
28	866
28	897
29	36
29	41
29	45
29	47
29	56
29	63
29	72
29	103
29	121
29	218
29	250
29	272
29	289
29	291
29	296
29	395
29	462
29	488
29	505
29	571
29	658
29	818
29	879
29	953
30	34
30	40
30	89
30	92
30	142
30	253
30	275
30	277
30	311
30	329
30	410
30	433
30	443
30	444
30	474
30	486
30	566
30	598
30	599
30	644
30	665
30	739
30	798
30	808
30	880
30	917
30	923
30	959
30	962
30	975
31	46
31	54
31	58
31	59
31	64
31	85
31	94
31	114
31	116
31	118
31	136
31	156
31	173
31	235
31	240
31	247
31	295
31	374
31	394
31	400
31	435
31	456
31	510
31	585
31	667
31	769
31	836
31	863
31	946
32	38
32	39
32	65
32	73
32	77
32	81
32	84
32	89
32	123
32	124
32	128
32	194
32	212
32	237
32	320
32	363
32	378
32	551
32	626
32	656
32	673
32	913
32	978
32	979
32	988
33	42
33	56
33	74
33	76
33	77
33	90
33	98
33	111
33	119
33	148
33	156
33	169
33	241
33	304
33	314
33	322
33	404
33	466
33	470
33	483
33	519
33	531
33	557
33	558
33	767
33	829
33	995
34	40
34	86
34	92
34	142
34	163
34	215
34	275
34	277
34	410
34	423
34	432
34	433
34	443
34	444
34	486
34	598
34	599
34	616
34	644
34	665
34	739
34	750
34	760
34	798
34	975
35	49
35	57
35	74
35	108
35	122
35	134
35	163
35	170
35	228
35	251
35	265
35	273
35	414
35	541
35	574
35	588
35	670
35	710
35	820
35	854
35	981
36	43
36	45
36	61
36	158
36	205
36	246
36	262
36	291
36	345
36	367
36	399
36	403
36	409
36	496
36	507
36	515
36	889
37	91
37	106
37	112
37	138
37	144
37	198
37	209
37	214
37	216
37	253
37	308
37	310
37	330
37	346
37	552
37	570
37	632
37	641
37	663
37	700
37	713
37	843
37	902
37	970
37	1000
38	49
38	75
38	82
38	108
38	122
38	129
38	152
38	175
38	224
38	235
38	265
38	273
38	313
38	333
38	427
38	545
38	549
38	854
38	858
38	969
39	65
39	73
39	84
39	89
39	123
39	143
39	191
39	202
39	204
39	301
39	305
39	355
39	411
39	417
39	432
39	452
39	472
39	819
39	913
39	916
39	988
40	92
40	142
40	174
40	207
40	251
40	275
40	277
40	329
40	357
40	361
40	410
40	423
40	443
40	474
40	520
40	599
40	644
40	739
40	750
40	760
40	808
40	917
40	975
41	43
41	45
41	47
41	51
41	55
41	102
41	111
41	131
41	143
41	150
41	160
41	218
41	289
41	411
41	450
41	989
41	996
42	74
42	76
42	77
42	90
42	119
42	143
42	148
42	169
42	196
42	216
42	241
42	257
42	304
42	336
42	404
42	429
42	466
42	470
42	680
42	688
42	882
42	950
43	44
43	45
43	47
43	63
43	83
43	86
43	102
43	111
43	135
43	150
43	151
43	279
43	329
43	334
43	409
43	525
43	883
44	102
44	125
44	135
44	150
44	158
44	202
44	278
44	325
44	375
44	528
44	535
44	612
44	683
44	813
45	74
45	131
45	209
45	250
45	448
45	495
45	496
45	525
45	686
45	862
45	938
46	54
46	59
46	64
46	70
46	85
46	94
46	114
46	116
46	118
46	136
46	199
46	296
46	339
46	412
46	430
46	456
46	608
46	621
46	766
46	838
46	863
47	55
47	121
47	135
47	242
47	272
47	279
47	345
47	367
47	409
47	411
47	462
47	766
47	991
48	50
48	51
48	61
48	98
48	176
48	180
48	193
48	202
48	242
48	286
48	315
48	446
48	468
48	548
48	635
48	840
48	866
48	900
49	52
49	55
49	66
49	68
49	80
49	100
49	133
49	258
49	263
49	325
49	452
49	503
49	549
49	574
49	905
50	56
50	98
50	156
50	167
50	176
50	193
50	226
50	242
50	243
50	357
50	468
50	509
50	591
50	639
50	658
50	690
50	716
50	763
50	896
50	897
51	56
51	113
51	121
51	127
51	128
51	149
51	159
51	177
51	362
51	429
51	431
51	461
51	501
51	512
51	517
51	586
51	677
51	747
51	869
51	937
52	67
52	69
52	70
52	93
52	138
52	255
52	460
52	467
52	503
52	549
52	559
52	715
52	866
52	867
53	70
53	79
53	126
53	167
53	182
53	257
53	297
53	313
53	331
53	364
53	426
53	522
53	609
53	651
53	671
53	724
53	733
53	775
53	801
53	841
54	59
54	62
54	64
54	85
54	94
54	136
54	151
54	173
54	295
54	321
54	374
54	394
54	456
54	490
54	655
54	735
54	946
54	987
55	82
55	100
55	120
55	231
55	259
55	337
55	456
55	562
55	673
55	689
55	908
55	964
56	58
56	83
56	117
56	129
56	139
56	179
56	267
56	281
56	298
56	369
56	387
56	638
56	853
56	895
57	69
57	87
57	106
57	122
57	134
57	154
57	259
57	263
57	391
57	414
57	469
57	697
57	950
57	953
57	978
57	979
58	83
58	100
58	117
58	134
58	140
58	179
58	243
58	267
58	284
58	325
58	366
58	458
58	492
58	695
58	784
59	64
59	85
59	94
59	116
59	118
59	151
59	173
59	199
59	263
59	467
59	482
59	510
59	579
59	598
59	754
59	946
59	987
60	99
60	139
60	154
60	161
60	255
60	295
60	332
60	380
60	422
60	461
60	487
60	590
60	594
60	610
60	633
60	646
60	706
60	947
60	961
60	977
60	986
61	66
61	77
61	93
61	98
61	176
61	180
61	193
61	242
61	315
61	322
61	513
61	591
61	603
61	772
61	801
61	806
61	891
61	997
62	71
62	77
62	88
62	120
62	200
62	211
62	269
62	298
62	341
62	370
62	471
62	546
62	561
62	600
62	726
62	770
62	831
62	889
63	72
63	87
63	108
63	129
63	130
63	131
63	375
63	416
63	535
63	717
63	929
64	85
64	91
64	114
64	116
64	136
64	171
64	247
64	285
64	286
64	374
64	456
64	555
64	666
64	754
64	836
64	987
65	84
65	124
65	174
65	191
65	199
65	204
65	212
65	262
65	328
65	432
65	499
65	691
65	932
65	985
65	998
66	67
66	68
66	75
66	100
66	217
66	251
66	300
66	303
66	480
66	503
66	581
66	660
66	787
66	867
67	70
67	79
67	80
67	82
67	104
67	123
67	231
67	497
67	541
67	633
67	708
67	715
67	725
68	75
68	80
68	141
68	170
68	292
68	312
68	359
68	427
68	508
68	740
68	792
68	931
68	979
68	993
69	80
69	118
69	251
69	265
69	300
69	304
69	472
69	475
69	581
69	775
69	781
69	822
70	108
70	134
70	163
70	212
70	251
70	459
70	465
70	469
70	481
70	628
70	817
71	88
71	95
71	211
71	269
71	272
71	298
71	338
71	341
71	370
71	471
71	551
71	561
71	600
71	726
71	739
71	831
71	852
71	916
71	936
72	201
72	209
72	278
72	415
72	450
72	520
72	521
72	593
72	714
72	725
73	123
73	239
73	301
73	346
73	378
73	432
73	466
73	499
73	573
73	636
73	656
73	744
73	985
74	90
74	119
74	148
74	169
74	244
74	304
74	314
74	322
74	596
74	688
74	834
74	999
75	80
75	82
75	93
75	103
75	163
75	192
75	231
75	235
75	251
75	296
75	303
75	972
76	77
76	90
76	148
76	240
76	265
76	372
76	596
76	670
76	767
76	791
76	827
76	829
76	991
76	995
77	90
77	119
77	148
77	169
77	372
77	680
77	688
77	932
77	967
78	107
78	160
78	186
78	252
78	261
78	274
78	385
78	388
78	392
78	403
78	442
78	446
78	524
78	659
78	719
78	757
78	864
79	182
79	257
79	297
79	313
79	364
79	426
79	522
79	547
79	609
79	671
79	711
79	724
79	775
79	841
79	856
80	82
80	266
80	350
80	613
80	679
80	707
80	765
80	800
80	804
80	858
81	101
81	104
81	115
81	183
81	227
81	299
81	419
81	504
81	516
81	537
81	634
81	720
81	762
81	779
81	793
81	802
81	815
81	868
82	108
82	138
82	231
82	269
82	273
82	293
82	478
82	481
83	140
83	165
83	174
83	223
83	369
83	400
83	406
83	414
83	529
83	676
83	730
84	89
84	91
84	114
84	123
84	124
84	191
84	239
84	301
84	305
84	398
84	626
84	721
84	826
85	136
85	173
85	241
85	270
85	374
85	394
85	412
85	456
85	549
85	621
85	766
85	877
86	96
86	103
86	109
86	236
86	238
86	241
86	254
86	307
86	318
86	357
86	402
86	437
86	642
86	812
86	886
87	120
87	134
87	235
87	460
87	591
87	618
87	707
87	780
87	797
87	845
87	869
88	211
88	226
88	269
88	298
88	341
88	370
88	561
88	600
88	726
88	770
88	805
88	852
88	936
88	988
89	205
89	212
89	245
89	301
89	355
89	405
89	472
89	653
89	764
89	846
90	118
90	145
90	169
90	304
90	314
90	404
90	410
90	470
90	518
90	743
91	106
91	112
91	144
91	253
91	330
91	414
91	495
91	552
91	678
91	910
91	970
92	142
92	251
92	274
92	275
92	277
92	410
92	474
92	486
92	598
92	611
92	616
92	679
92	750
92	917
93	118
93	154
93	326
93	332
93	527
93	540
93	682
93	723
93	782
93	805
93	906
93	911
93	922
93	986
94	114
94	116
94	118
94	136
94	173
94	295
94	321
94	536
94	828
94	980
95	97
95	152
95	168
95	306
95	335
95	439
95	508
95	578
95	650
95	823
95	839
95	902
95	940
95	990
96	109
96	150
96	164
96	216
96	244
96	318
96	357
96	376
96	392
96	402
96	435
96	604
96	832
96	881
97	98
97	102
97	168
97	172
97	201
97	306
97	439
97	463
97	508
97	578
97	650
97	823
97	839
97	876
97	940
97	961
98	156
98	176
98	180
98	286
98	473
98	548
98	680
98	742
98	763
98	806
99	126
99	139
99	152
99	154
99	157
99	255
99	380
99	422
99	487
99	590
99	646
99	947
99	961
99	977
100	263
100	293
100	350
100	391
100	410
100	574
100	752
100	867
101	110
101	200
101	271
101	300
101	302
101	348
101	384
101	430
101	433
101	449
101	450
101	555
101	583
101	615
101	809
102	218
102	250
102	256
102	339
102	442
102	641
102	804
103	141
103	164
103	232
103	244
103	254
103	435
103	464
103	738
103	740
103	765
103	771
103	886
104	115
104	183
104	227
104	239
104	299
104	312
104	419
104	537
104	720
104	779
104	793
104	802
104	868
105	127
105	128
105	159
105	184
105	200
105	270
105	290
105	335
105	379
105	390
105	512
105	627
105	745
105	757
105	869
106	144
106	308
106	377
106	457
106	495
106	508
106	552
106	570
106	607
106	783
106	970
107	139
107	186
107	252
107	261
107	274
107	287
107	388
107	392
107	446
107	524
107	554
107	719
107	754
107	864
108	134
108	259
108	459
108	467
108	497
108	581
108	689
108	925
109	137
109	141
109	232
109	238
109	254
109	365
109	384
109	435
109	590
109	611
109	832
109	856
110	200
110	232
110	271
110	302
110	310
110	348
110	380
110	384
110	449
110	555
110	583
110	615
110	628
110	809
110	874
111	240
111	296
111	584
111	601
111	626
111	716
111	894
112	119
112	147
112	180
112	253
112	308
112	632
112	641
112	663
112	685
112	783
112	843
113	128
113	149
113	290
113	362
113	461
113	501
113	619
113	677
113	814
113	826
113	873
113	942
114	116
114	173
114	247
114	321
114	608
114	729
114	768
115	183
115	227
115	299
115	419
115	516
115	761
115	779
115	793
115	809
115	815
115	868
115	976
116	118
116	227
116	247
116	269
116	396
116	481
116	500
116	539
117	129
117	165
117	179
117	214
117	267
117	325
117	360
117	920
118	396
118	608
118	622
118	731
118	948
119	148
119	183
119	304
119	336
119	671
119	921
119	932
120	163
120	235
120	340
120	661
120	835
121	127
121	149
121	215
121	290
121	379
121	501
121	619
121	681
121	728
121	747
121	821
121	914
122	239
122	263
122	617
122	689
122	745
122	835
123	191
123	204
123	212
123	678
123	727
123	846
124	202
124	204
124	378
124	439
124	447
124	472
124	691
124	781
125	132
125	146
125	166
125	256
125	290
125	316
125	440
125	451
125	534
125	538
125	563
125	568
125	930
126	187
126	190
126	215
126	219
126	294
126	350
126	352
126	428
126	645
126	736
126	751
126	769
127	128
127	159
127	177
127	184
127	344
127	362
127	500
127	627
127	657
127	785
127	942
128	270
128	344
128	583
128	627
128	749
128	813
128	878
128	906
128	942
129	133
129	174
129	330
129	756
129	853
130	140
130	163
130	179
130	190
130	284
130	395
130	589
130	692
130	871
130	892
131	279
131	339
131	640
131	852
132	146
132	166
132	316
132	407
132	440
132	451
132	534
132	538
132	542
132	568
132	874
132	930
133	165
133	174
133	183
133	243
133	248
133	351
133	589
133	643
134	199
134	377
134	384
134	833
134	843
134	938
135	318
135	372
135	373
135	415
135	496
135	528
135	930
136	151
136	199
136	247
136	500
136	507
136	791
137	196
137	268
137	375
137	407
137	420
137	454
137	478
137	577
137	700
137	865
137	884
137	888
137	984
138	192
138	210
138	266
138	293
138	460
138	734
138	969
139	154
139	161
139	241
139	255
139	380
139	422
139	610
139	860
139	977
140	165
140	406
140	433
140	445
140	662
140	705
140	749
141	164
141	201
141	232
141	244
141	301
141	357
141	473
141	493
141	611
141	931
142	275
142	324
142	329
142	423
142	444
142	464
142	598
142	844
142	923
143	173
143	175
143	342
143	368
143	437
143	649
143	712
143	733
143	744
143	973
144	198
144	214
144	253
144	306
144	330
144	339
144	390
144	457
144	477
145	155
145	196
145	268
145	386
145	407
145	420
145	577
145	759
145	842
145	865
145	984
146	166
146	316
146	451
146	534
146	538
146	563
146	773
146	810
146	874
146	930
147	152
147	153
147	160
147	181
147	283
147	703
147	786
147	859
147	901
147	903
147	966
148	470
148	680
148	730
148	759
149	159
149	177
149	184
149	341
149	461
149	619
149	677
149	749
149	921
149	937
150	246
150	683
150	983
150	995
151	226
151	247
151	295
151	396
151	527
151	536
151	731
151	863
152	160
152	181
152	232
152	283
152	367
152	786
152	903
152	966
153	194
153	221
153	225
153	229
153	460
153	500
153	648
153	785
153	800
153	957
154	161
154	255
154	420
154	422
154	590
154	610
154	860
154	961
155	171
155	179
155	206
155	208
155	288
155	381
155	699
155	701
155	737
155	746
155	811
155	898
156	180
156	242
156	280
156	801
156	866
156	891
156	896
157	240
157	323
157	401
157	511
157	580
157	905
158	223
158	370
158	553
158	795
159	184
159	290
159	327
159	390
159	654
159	677
159	696
159	752
160	181
160	283
160	492
160	703
160	901
160	903
160	910
160	966
161	213
161	255
161	331
161	355
161	487
161	610
161	646
161	706
161	860
162	213
162	223
162	226
162	260
162	423
162	620
162	621
162	741
162	774
162	909
162	934
163	587
163	797
163	815
164	244
164	293
164	365
164	402
164	738
164	765
164	862
165	234
165	489
165	652
165	873
166	181
166	203
166	440
166	451
166	534
166	538
166	568
166	581
166	874
167	182
167	257
167	280
167	313
167	364
167	426
167	651
167	671
167	841
167	913
168	263
168	306
168	442
168	578
168	650
168	823
168	902
168	940
168	990
169	544
169	782
169	918
169	991
170	192
170	283
170	471
170	707
170	740
170	835
170	908
171	206
171	208
171	288
171	334
171	381
171	405
171	536
171	699
171	701
171	737
172	210
172	356
172	476
172	529
172	556
172	566
172	612
172	657
172	697
172	915
173	177
173	622
173	767
174	387
174	643
174	822
175	198
175	312
175	342
175	368
175	437
175	649
175	744
175	761
175	799
176	182
176	215
176	286
176	639
176	716
177	184
177	335
177	431
177	518
177	586
177	595
178	267
178	283
178	285
178	324
178	398
178	533
178	547
178	588
178	602
178	687
178	814
179	303
179	413
179	818
180	242
180	291
180	690
180	997
181	224
181	283
181	352
181	703
181	786
181	859
181	901
182	297
182	313
182	331
182	346
182	364
182	651
182	817
183	227
183	419
183	516
183	720
183	802
183	830
184	344
184	461
184	878
184	898
184	914
185	220
185	236
185	368
185	382
185	424
185	493
185	525
185	630
185	844
185	870
185	918
186	252
186	327
186	392
186	403
186	442
186	554
186	659
186	668
186	903
187	190
187	215
187	219
187	294
187	352
187	428
187	497
187	645
187	751
188	222
188	264
188	385
188	434
188	502
188	639
188	664
188	722
188	797
188	845
188	968
189	217
189	245
189	340
189	532
189	540
189	594
189	614
189	776
189	777
189	861
190	215
190	219
190	352
190	428
190	645
190	736
190	838
191	199
191	237
191	266
191	543
191	764
191	949
192	231
192	233
192	354
192	359
192	510
192	589
193	242
193	365
193	524
193	603
193	711
193	751
193	825
194	221
194	225
194	229
194	436
194	608
194	623
194	648
194	800
194	957
195	222
195	230
195	276
195	298
195	338
195	419
195	453
195	494
195	640
195	959
195	992
196	216
196	328
196	361
196	386
196	454
196	842
196	884
196	954
197	299
197	349
197	429
197	447
197	477
197	506
197	571
197	634
197	655
197	855
197	884
198	218
198	330
198	607
198	641
198	678
198	713
199	321
199	500
199	621
199	768
200	302
200	348
200	384
200	555
200	583
200	628
201	238
201	254
201	307
201	376
201	771
201	926
202	204
202	355
202	405
202	432
202	788
203	234
203	248
203	418
203	426
203	452
203	464
203	625
203	684
203	875
204	320
205	222
205	338
205	347
205	453
205	640
205	748
205	992
206	208
206	277
206	288
206	334
206	381
206	699
206	898
207	209
207	240
207	291
208	288
208	334
208	363
208	381
208	512
208	699
208	746
209	278
209	440
209	736
210	268
210	476
210	529
210	556
210	566
210	657
210	830
210	915
211	298
211	424
211	471
211	852
211	916
211	936
212	448
212	570
212	857
213	223
213	226
213	260
213	599
213	620
213	837
213	909
213	934
214	275
214	310
214	495
214	632
214	685
214	816
215	294
215	352
215	428
215	838
216	268
216	386
216	454
216	675
216	704
216	877
217	245
217	340
217	473
217	532
217	564
217	776
217	777
217	888
218	286
218	367
218	612
219	294
219	352
219	712
219	736
219	838
220	236
220	366
220	382
220	493
220	629
220	630
220	662
220	844
220	997
221	225
221	229
221	261
221	264
221	648
221	741
221	785
221	899
222	230
222	276
222	338
222	494
222	521
223	226
223	260
223	774
223	837
223	911
223	980
224	308
224	463
224	624
224	660
225	229
225	242
225	430
225	436
225	747
225	800
225	899
226	260
226	620
226	741
226	909
227	299
227	369
227	516
227	762
227	815
228	358
228	382
228	475
228	542
228	576
228	715
229	261
229	436
229	648
229	703
229	785
229	899
230	276
230	278
230	309
230	383
230	453
230	521
230	779
230	959
231	301
231	793
232	238
232	254
232	567
232	886
233	300
233	383
233	482
233	617
233	880
234	248
234	358
234	452
234	464
234	560
234	625
234	684
235	549
235	745
235	964
236	424
236	493
236	630
236	669
236	918
237	254
237	399
237	441
237	499
237	803
238	244
238	376
238	848
239	256
239	727
239	802
239	978
240	709
241	372
241	967
243	904
244	824
245	340
245	349
245	473
245	532
245	564
245	614
246	784
246	973
247	707
248	358
248	418
248	464
248	684
248	699
248	875
249	397
249	434
249	564
249	732
249	851
249	949
249	972
249	974
250	354
250	526
250	929
251	542
252	388
252	446
252	524
252	864
252	892
253	330
253	343
254	417
254	604
255	594
255	646
256	301
256	448
256	656
256	721
257	297
257	313
257	522
257	671
257	861
258	573
258	693
258	993
259	350
259	437
260	544
260	645
260	741
260	934
260	980
261	274
261	388
261	392
261	554
261	719
262	479
262	520
262	709
262	768
262	807
263	485
264	283
264	385
264	434
264	664
264	722
264	968
264	976
265	576
265	797
265	854
266	481
266	600
267	281
267	726
268	675
268	888
268	984
269	770
269	831
269	916
270	335
270	390
270	586
270	638
270	803
271	302
271	348
271	430
271	628
272	416
272	443
273	467
273	556
273	679
274	442
274	446
274	757
274	758
275	486
275	675
276	309
276	494
276	863
276	907
276	956
277	382
277	433
277	644
279	282
279	479
280	794
280	890
281	695
281	756
282	421
282	425
282	438
282	595
282	773
282	928
282	962
283	859
284	637
284	694
285	324
285	398
285	484
285	588
285	814
286	711
286	896
287	373
287	482
287	539
287	647
287	807
287	848
287	912
288	334
288	381
288	609
289	375
289	858
290	789
290	869
291	345
291	476
292	414
292	463
292	586
293	511
293	660
294	352
294	572
294	769
294	794
295	914
295	935
296	450
297	480
297	775
297	817
298	471
298	546
299	317
299	537
299	762
302	348
302	405
302	583
302	942
303	391
303	718
304	418
305	459
305	573
305	788
305	846
306	439
306	487
306	839
306	876
307	596
307	738
307	812
307	832
307	958
308	495
308	501
308	632
309	338
309	431
309	494
309	521
309	823
309	958
310	570
310	607
310	646
310	1000
311	317
311	327
311	389
311	623
311	672
311	827
311	882
312	459
312	511
313	609
313	756
314	543
314	709
314	829
315	635
315	652
315	708
316	440
316	563
316	568
316	885
317	327
317	389
317	545
317	780
317	816
318	345
318	417
318	642
319	383
319	449
319	514
319	558
319	606
319	674
319	943
320	408
320	444
320	819
320	915
321	579
321	985
322	475
322	767
323	528
324	387
324	484
324	547
324	814
326	332
326	455
326	527
326	636
326	723
327	491
327	816
327	963
328	485
328	551
328	764
328	840
329	423
329	665
329	798
331	609
331	651
331	724
331	846
332	723
332	906
332	965
333	368
333	375
333	833
334	701
334	746
335	393
335	654
335	747
336	404
336	764
337	580
337	753
337	938
337	984
338	958
340	729
340	777
341	546
341	600
342	368
342	712
342	761
342	867
342	973
343	457
343	471
343	634
343	663
343	952
344	490
344	501
344	696
345	835
345	945
346	405
346	408
346	698
347	418
347	494
347	640
347	667
347	748
347	992
348	413
349	393
349	477
349	490
349	571
349	855
351	371
351	436
351	498
351	565
351	710
351	849
353	383
353	504
353	558
353	674
353	748
353	943
353	963
354	515
354	824
355	448
355	994
356	533
356	576
357	365
358	418
358	452
358	625
358	879
359	552
359	559
359	828
360	462
360	568
360	810
361	365
361	407
361	478
361	582
361	877
362	379
362	887
363	408
363	448
363	451
363	551
364	522
364	698
365	560
366	718
367	445
367	872
368	799
368	973
369	394
370	546
370	561
370	649
371	498
371	565
371	650
371	849
371	893
371	920
372	917
373	393
373	592
373	807
373	847
373	912
374	705
376	386
376	856
376	881
377	605
377	666
377	692
378	706
378	907
378	925
378	939
379	696
379	789
379	813
380	502
380	594
380	947
381	582
381	624
382	424
382	629
382	870
383	514
383	558
383	606
384	430
384	628
385	434
385	550
385	976
386	407
386	577
387	695
387	715
388	403
388	659
388	864
389	623
389	719
389	811
389	827
390	789
390	887
390	924
391	505
391	661
391	753
391	833
392	601
392	668
393	482
393	539
393	669
393	927
394	667
395	453
395	572
396	578
396	705
396	847
397	553
397	919
397	949
397	972
398	547
398	579
398	602
400	401
401	413
401	755
402	560
403	659
407	842
408	485
409	818
411	772
412	622
412	935
413	637
415	458
415	515
416	804
417	567
417	760
418	625
419	853
420	577
420	865
420	982
421	595
421	834
421	954
421	962
422	487
423	474
424	704
424	918
425	438
425	595
425	663
425	773
425	796
426	817
427	541
428	664
428	751
429	447
429	490
429	655
430	449
431	826
431	878
432	585
433	923
434	502
434	550
435	567
435	943
436	746
436	957
437	649
437	712
438	688
438	834
438	928
439	668
439	990
440	563
441	673
441	994
442	554
443	760
444	610
444	665
445	631
445	850
446	668
447	477
447	506
447	571
449	555
449	615
452	875
453	521
453	871
454	651
454	759
454	783
455	682
455	805
455	883
455	911
457	595
457	721
458	731
458	758
458	971
461	696
463	924
464	684
465	533
465	605
465	661
466	531
466	738
468	591
468	742
469	543
469	633
473	532
473	729
474	616
474	635
476	697
476	830
477	506
477	655
478	582
478	759
478	877
480	503
481	953
481	969
482	927
482	951
483	489
483	597
483	851
483	919
483	974
484	588
484	602
484	687
484	890
485	543
486	503
486	808
487	670
488	507
488	584
489	732
489	851
489	919
489	949
490	506
490	571
491	545
491	623
491	811
491	882
491	977
493	540
493	844
494	528
496	993
497	727
498	565
498	920
498	967
498	983
499	939
501	586
502	550
502	845
502	968
504	606
504	943
504	982
505	804
508	876
509	538
509	941
511	624
511	993
512	654
514	530
514	653
514	674
517	575
517	854
518	567
518	681
518	887
519	557
519	603
519	899
523	611
523	693
523	822
526	562
526	615
527	782
527	986
529	697
529	915
530	606
530	674
530	722
530	982
531	629
532	673
533	666
539	647
539	807
540	636
540	682
541	908
542	981
544	872
545	623
545	672
547	602
548	778
548	900
550	664
551	922
554	901
556	566
556	657
558	982
559	784
560	642
562	865
563	855
564	614
564	729
565	687
565	710
566	697
567	926
569	675
572	676
573	994
574	592
576	692
578	902
579	948
582	675
582	989
584	714
584	819
585	613
585	618
587	1000
588	687
590	706
592	662
592	669
592	777
593	691
594	616
597	732
597	837
597	972
597	974
599	637
601	702
603	941
604	642
604	690
605	620
606	799
607	613
612	714
614	618
614	861
615	809
616	912
619	627
620	837
625	975
626	933
627	891
629	630
629	870
631	701
634	655
634	855
636	922
636	965
638	758
640	958
643	770
643	971
644	674
645	769
647	669
647	848
648	750
649	744
650	990
653	673
653	698
654	696
654	937
656	659
657	830
658	945
660	752
660	842
661	928
662	848
662	912
663	910
664	845
665	965
667	713
668	757
669	951
672	816
672	945
672	963
676	724
678	700
679	735
680	695
681	728
681	749
682	911
683	790
684	776
685	952
686	957
691	998
694	730
700	713
702	857
704	884
704	888
710	893
714	955
722	976
728	813
733	761
733	799
734	860
737	898
742	796
743	897
745	925
748	956
763	771
772	840
773	796
774	980
776	861
778	905
782	883
788	951
789	886
790	926
792	981
792	992
794	989
796	962
798	999
803	914
803	924
805	965
808	927
811	882
812	931
824	881
826	924
827	963
829	941
833	936
834	954
841	960
847	927
847	951
849	885
850	923
883	922
885	893
885	983
887	904
900	969
906	986
907	913
920	983
928	954
935	968
939	946
948	971
956	959
966	974
