1	2
1	3
1	6
1	7
1	8
1	11
1	12
1	14
1	17
1	18
1	19
1	22
1	27
1	30
1	45
1	48
1	52
1	53
1	54
1	56
1	57
1	58
1	60
1	64
1	72
1	74
1	76
1	79
1	91
1	98
1	103
1	106
1	110
1	115
1	122
1	134
1	135
1	141
1	150
1	177
1	178
1	195
1	196
1	197
1	203
1	211
1	217
1	228
1	232
1	240
1	255
1	270
1	274
1	304
1	314
1	318
1	330
1	333
1	335
1	344
1	379
1	389
1	400
1	403
1	422
1	446
1	459
1	464
1	478
1	498
1	508
1	529
1	550
1	554
1	562
1	565
1	568
1	571
1	631
1	640
1	651
1	718
1	730
1	750
1	752
1	774
1	775
1	797
1	812
1	816
1	829
1	831
1	847
1	860
1	870
1	881
1	883
1	910
1	932
1	954
2	3
2	6
2	7
2	8
2	10
2	11
2	12
2	14
2	17
2	19
2	20
2	27
2	29
2	34
2	39
2	45
2	46
2	48
2	50
2	52
2	58
2	66
2	71
2	72
2	76
2	79
2	91
2	92
2	98
2	101
2	107
2	110
2	133
2	134
2	135
2	152
2	166
2	177
2	196
2	197
2	209
2	220
2	228
2	232
2	235
2	240
2	255
2	274
2	284
2	318
2	330
2	332
2	340
2	344
2	346
2	389
2	395
2	402
2	422
2	423
2	452
2	464
2	478
2	498
2	508
2	513
2	529
2	545
2	565
2	571
2	572
2	577
2	610
2	631
2	651
2	654
2	681
2	715
2	749
2	774
2	775
2	812
2	828
2	837
2	841
2	860
2	881
2	932
2	938
2	940
2	947
2	949
2	951
2	957
2	965
2	975
2	979
3	7
3	8
3	11
3	12
3	14
3	17
3	18
3	19
3	24
3	27
3	29
3	45
3	47
3	48
3	52
3	56
3	58
3	60
3	72
3	73
3	76
3	79
3	82
3	88
3	89
3	91
3	94
3	98
3	110
3	133
3	134
3	140
3	147
3	169
3	177
3	196
3	197
3	228
3	231
3	232
3	240
3	255
3	274
3	275
3	287
3	318
3	330
3	336
3	344
3	349
3	350
3	379
3	409
3	473
3	478
3	498
3	508
3	546
3	550
3	555
3	562
3	569
3	651
3	681
3	708
3	714
3	715
3	718
3	792
3	794
3	807
3	833
3	842
3	875
3	881
3	932
3	935
3	942
3	951
3	963
3	975
3	977
3	979
4	5
4	6
4	8
4	9
4	13
4	18
4	23
4	26
4	27
4	29
4	35
4	43
4	49
4	55
4	57
4	59
4	62
4	68
4	74
4	82
4	90
4	104
4	114
4	124
4	126
4	127
4	135
4	138
4	145
4	161
4	165
4	175
4	178
4	205
4	214
4	216
4	218
4	255
4	256
4	259
4	286
4	293
4	307
4	308
4	319
4	329
4	331
4	367
4	376
4	390
4	398
4	423
4	430
4	449
4	455
4	471
4	482
4	520
4	547
4	553
4	557
4	569
4	583
4	599
4	617
4	620
4	628
4	641
4	667
4	684
4	783
4	814
4	818
4	833
4	848
4	886
4	893
4	895
4	907
4	918
4	980
5	6
5	13
5	18
5	23
5	26
5	30
5	35
5	43
5	49
5	53
5	55
5	59
5	60
5	62
5	68
5	74
5	78
5	82
5	90
5	111
5	124
5	126
5	127
5	129
5	138
5	142
5	145
5	161
5	165
5	176
5	178
5	205
5	212
5	214
5	218
5	238
5	286
5	303
5	308
5	331
5	367
5	376
5	389
5	390
5	398
5	399
5	420
5	430
5	455
5	456
5	466
5	471
5	482
5	491
5	496
5	547
5	557
5	584
5	597
5	603
5	612
5	617
5	684
5	721
5	732
5	778
5	799
5	808
5	823
5	833
5	848
5	886
5	907
5	974
5	982
5	999
6	8
6	11
6	13
6	16
6	18
6	23
6	26
6	35
6	40
6	43
6	49
6	55
6	58
6	59
6	61
6	62
6	68
6	74
6	78
6	82
6	84
6	89
6	90
6	127
6	145
6	154
6	161
6	165
6	168
6	178
6	205
6	214
6	250
6	286
6	293
6	318
6	319
6	331
6	367
6	376
6	398
6	399
6	430
6	438
6	471
6	482
6	491
6	512
6	520
6	553
6	557
6	561
6	583
6	584
6	597
6	599
6	603
6	641
6	667
6	684
6	721
6	722
6	730
6	778
6	783
6	808
6	833
6	865
6	996
6	999
7	8
7	11
7	12
7	13
7	14
7	17
7	19
7	27
7	36
7	45
7	48
7	49
7	50
7	52
7	58
7	67
7	72
7	76
7	79
7	91
7	98
7	100
7	110
7	134
7	135
7	139
7	157
7	171
7	177
7	180
7	193
7	197
7	229
7	232
7	255
7	279
7	314
7	330
7	334
7	379
7	394
7	409
7	464
7	477
7	490
7	498
7	510
7	517
7	529
7	535
7	569
7	638
7	718
7	752
7	758
7	790
7	837
7	847
7	902
7	903
7	907
7	942
7	951
7	960
8	11
8	12
8	14
8	17
8	19
8	26
8	27
8	28
8	42
8	45
8	48
8	49
8	52
8	58
8	61
8	72
8	76
8	79
8	84
8	91
8	98
8	110
8	128
8	134
8	135
8	159
8	177
8	196
8	197
8	233
8	237
8	240
8	255
8	276
8	281
8	314
8	379
8	409
8	424
8	455
8	478
8	550
8	562
8	568
8	572
8	585
8	681
8	760
8	775
8	798
8	812
8	830
8	831
8	860
8	947
8	977
9	22
9	29
9	33
9	47
9	101
9	105
9	108
9	118
9	164
9	172
9	175
9	208
9	219
9	241
9	244
9	291
9	315
9	346
9	347
9	371
9	381
9	405
9	432
9	438
9	450
9	463
9	477
9	485
9	489
9	530
9	532
9	545
9	582
9	607
9	632
9	638
9	673
9	676
9	683
9	689
9	740
9	757
9	777
9	788
9	814
9	815
9	836
9	846
9	853
9	884
9	906
9	909
9	917
9	918
9	925
9	929
9	944
9	964
9	990
9	998
10	21
10	22
10	41
10	44
10	45
10	56
10	60
10	65
10	71
10	82
10	95
10	99
10	107
10	120
10	144
10	148
10	153
10	157
10	171
10	180
10	201
10	223
10	225
10	233
10	260
10	266
10	290
10	340
10	361
10	377
10	387
10	391
10	415
10	459
10	463
10	514
10	533
10	536
10	563
10	615
10	634
10	650
10	692
10	715
10	743
10	766
10	781
10	790
10	793
10	805
10	818
10	834
10	839
10	929
10	946
10	948
10	961
11	12
11	13
11	14
11	15
11	17
11	19
11	27
11	30
11	38
11	45
11	46
11	48
11	52
11	58
11	59
11	72
11	76
11	79
11	91
11	95
11	98
11	103
11	108
11	110
11	134
11	135
11	178
11	196
11	197
11	232
11	277
11	314
11	318
11	330
11	379
11	409
11	422
11	436
11	529
11	544
11	572
11	631
11	661
11	792
11	797
11	801
11	829
11	942
11	977
12	14
12	17
12	19
12	27
12	36
12	45
12	48
12	52
12	58
12	62
12	72
12	76
12	79
12	86
12	91
12	93
12	98
12	102
12	110
12	117
12	134
12	135
12	174
12	177
12	228
12	232
12	240
12	314
12	406
12	417
12	464
12	475
12	478
12	551
12	565
12	571
12	572
12	631
12	663
12	700
12	752
12	778
12	792
12	837
12	846
12	914
12	975
12	977
12	979
13	18
13	23
13	25
13	26
13	35
13	43
13	49
13	55
13	59
13	62
13	68
13	74
13	78
13	82
13	90
13	127
13	138
13	161
13	165
13	178
13	205
13	218
13	248
13	293
13	324
13	367
13	377
13	399
13	455
13	466
13	471
13	491
13	547
13	553
13	562
13	599
13	638
13	722
13	730
13	737
13	808
13	857
13	912
13	918
13	942
13	999
14	17
14	19
14	27
14	45
14	48
14	52
14	58
14	72
14	76
14	79
14	91
14	98
14	110
14	132
14	134
14	135
14	194
14	196
14	205
14	235
14	240
14	255
14	274
14	280
14	344
14	410
14	422
14	467
14	521
14	550
14	565
14	568
14	569
14	571
14	579
14	598
14	636
14	654
14	673
14	714
14	726
14	764
14	805
14	847
15	16
15	20
15	22
15	23
15	34
15	37
15	39
15	50
15	62
15	64
15	69
15	102
15	115
15	133
15	137
15	143
15	156
15	159
15	168
15	193
15	194
15	249
15	251
15	265
15	327
15	353
15	356
15	359
15	364
15	393
15	416
15	427
15	442
15	471
15	497
15	503
15	521
15	576
15	604
15	611
15	700
15	738
15	763
15	883
15	944
15	970
16	19
16	34
16	39
16	50
16	64
16	92
16	102
16	114
16	115
16	127
16	132
16	133
16	137
16	143
16	156
16	159
16	164
16	194
16	224
16	249
16	251
16	265
16	353
16	359
16	393
16	427
16	497
16	503
16	578
16	604
16	621
16	674
16	675
16	678
16	679
16	722
16	738
16	750
16	751
16	763
16	785
16	800
16	852
16	970
16	984
17	19
17	27
17	44
17	45
17	48
17	52
17	56
17	58
17	72
17	76
17	79
17	80
17	91
17	98
17	112
17	115
17	197
17	228
17	240
17	255
17	274
17	318
17	340
17	389
17	422
17	501
17	563
17	654
17	660
17	701
17	714
17	801
17	829
17	831
17	928
17	947
17	956
18	23
18	26
18	27
18	35
18	43
18	49
18	55
18	59
18	62
18	68
18	74
18	77
18	82
18	138
18	165
18	178
18	188
18	210
18	216
18	217
18	218
18	286
18	293
18	319
18	331
18	376
18	390
18	433
18	482
18	491
18	533
18	584
18	603
18	617
18	684
18	722
18	733
18	746
19	27
19	45
19	48
19	51
19	52
19	58
19	72
19	76
19	79
19	91
19	98
19	130
19	135
19	177
19	197
19	292
19	300
19	330
19	344
19	378
19	389
19	464
19	514
19	546
19	654
19	681
19	687
19	801
19	819
19	829
19	837
19	859
19	959
20	29
20	32
20	53
20	59
20	63
20	75
20	85
20	124
20	131
20	142
20	152
20	158
20	239
20	299
20	311
20	337
20	372
20	373
20	392
20	413
20	453
20	486
20	494
20	541
20	553
20	567
20	600
20	619
20	620
20	661
20	685
20	688
20	755
20	772
20	779
20	780
20	787
20	924
20	931
20	971
20	988
21	35
21	41
21	44
21	56
21	60
21	74
21	95
21	101
21	107
21	120
21	153
21	157
21	170
21	171
21	180
21	223
21	225
21	260
21	275
21	290
21	311
21	340
21	360
21	361
21	377
21	382
21	389
21	415
21	459
21	536
21	602
21	624
21	650
21	694
21	732
21	743
21	761
21	766
21	805
21	818
21	948
21	972
22	33
22	99
22	108
22	154
22	164
22	170
22	175
22	208
22	244
22	291
22	299
22	315
22	346
22	371
22	405
22	432
22	441
22	450
22	463
22	477
22	485
22	489
22	530
22	532
22	542
22	574
22	607
22	632
22	638
22	673
22	689
22	698
22	814
22	884
22	925
22	929
22	972
22	998
23	25
23	26
23	35
23	43
23	49
23	55
23	59
23	62
23	68
23	82
23	87
23	90
23	97
23	145
23	191
23	214
23	216
23	250
23	293
23	332
23	390
23	399
23	455
23	473
23	547
23	557
23	563
23	603
23	641
23	746
23	785
23	799
23	905
24	32
24	59
24	70
24	77
24	100
24	146
24	154
24	181
24	209
24	227
24	278
24	309
24	349
24	350
24	408
24	417
24	429
24	450
24	484
24	491
24	536
24	552
24	646
24	666
24	674
24	682
24	691
24	693
24	696
24	707
24	723
24	771
24	816
24	915
24	950
24	952
24	982
25	28
25	30
25	36
25	51
25	65
25	73
25	84
25	112
25	114
25	151
25	174
25	179
25	181
25	213
25	254
25	256
25	276
25	286
25	313
25	325
25	384
25	523
25	582
25	591
25	612
25	633
25	687
25	701
25	745
25	817
25	835
25	861
25	920
25	921
25	987
26	35
26	38
26	43
26	49
26	59
26	68
26	74
26	82
26	99
26	117
26	138
26	145
26	161
26	165
26	175
26	178
26	216
26	239
26	258
26	331
26	360
26	491
26	553
26	584
26	599
26	617
26	619
26	667
26	746
27	45
27	48
27	52
27	58
27	70
27	72
27	74
27	76
27	79
27	98
27	110
27	135
27	177
27	283
27	305
27	318
27	356
27	379
27	569
27	653
27	715
27	797
27	924
28	30
28	36
28	51
28	65
28	73
28	84
28	112
28	124
28	153
28	174
28	181
28	203
28	213
28	254
28	256
28	278
28	292
28	296
28	313
28	325
28	384
28	466
28	523
28	582
28	597
28	633
28	701
28	748
28	835
28	861
28	897
28	921
28	1000
29	53
29	63
29	75
29	85
29	97
29	118
29	134
29	142
29	152
29	158
29	239
29	337
29	373
29	392
29	465
29	486
29	494
29	508
29	567
29	600
29	619
29	620
29	659
29	688
29	755
29	768
29	787
29	822
29	884
29	971
30	36
30	41
30	48
30	51
30	65
30	73
30	84
30	87
30	112
30	135
30	140
30	174
30	181
30	203
30	213
30	254
30	256
30	313
30	325
30	384
30	425
30	523
30	676
30	687
30	708
30	719
30	835
30	897
30	919
31	39
31	42
31	47
31	52
31	57
31	86
31	89
31	114
31	139
31	148
31	170
31	287
31	342
31	373
31	396
31	440
31	507
31	519
31	576
31	578
31	596
31	622
31	635
31	664
31	716
31	828
31	840
31	850
31	864
31	904
31	909
31	919
31	933
31	968
32	43
32	46
32	62
32	70
32	77
32	79
32	100
32	209
32	227
32	251
32	278
32	309
32	349
32	350
32	408
32	417
32	429
32	484
32	535
32	552
32	559
32	646
32	648
32	666
32	771
32	816
32	889
32	950
32	952
32	960
32	978
33	108
33	164
33	172
33	175
33	208
33	226
33	244
33	291
33	327
33	346
33	357
33	432
33	438
33	463
33	485
33	493
33	530
33	532
33	683
33	740
33	788
33	789
33	802
33	815
33	846
33	853
33	884
33	917
33	967
33	976
34	39
34	50
34	64
34	70
34	80
34	84
34	102
34	115
34	133
34	137
34	169
34	193
34	194
34	242
34	249
34	251
34	265
34	326
34	375
34	416
34	427
34	503
34	545
34	611
34	674
34	679
34	717
34	750
34	991
35	43
35	49
35	54
35	55
35	62
35	74
35	82
35	89
35	90
35	125
35	127
35	145
35	161
35	162
35	216
35	218
35	319
35	367
35	376
35	455
35	563
35	786
35	958
35	980
36	51
36	64
36	65
36	73
36	84
36	107
36	112
36	139
36	162
36	174
36	181
36	203
36	213
36	254
36	256
36	265
36	276
36	313
36	582
36	612
36	676
36	701
36	748
36	861
36	921
36	931
37	38
37	66
37	71
37	81
37	85
37	104
37	106
37	116
37	140
37	169
37	188
37	190
37	217
37	272
37	280
37	283
37	323
37	328
37	359
37	363
37	366
37	397
37	414
37	448
37	537
37	653
37	726
37	754
37	807
37	876
38	41
38	43
38	67
38	76
38	78
38	88
38	146
38	154
38	167
38	231
38	292
38	357
38	395
38	444
38	447
38	451
38	489
38	515
38	608
38	662
38	675
38	686
38	731
38	782
38	856
38	896
38	967
38	993
39	50
39	64
39	102
39	111
39	129
39	143
39	156
39	168
39	193
39	194
39	327
39	353
39	359
39	505
39	545
39	576
39	578
39	593
39	611
39	621
39	750
39	756
39	785
39	838
39	856
39	891
40	66
40	123
40	130
40	172
40	183
40	229
40	295
40	321
40	333
40	352
40	368
40	391
40	420
40	437
40	590
40	592
40	605
40	643
40	649
40	685
40	713
40	736
40	875
40	912
40	916
40	943
40	959
40	985
41	44
41	56
41	60
41	95
41	107
41	120
41	153
41	165
41	171
41	180
41	201
41	223
41	260
41	266
41	284
41	290
41	327
41	382
41	415
41	615
41	645
41	763
41	766
41	781
41	839
42	47
42	57
42	84
42	89
42	113
42	114
42	139
42	148
42	150
42	170
42	200
42	287
42	342
42	374
42	429
42	540
42	571
42	575
42	622
42	664
42	702
42	828
42	840
42	850
42	904
42	909
42	945
43	49
43	55
43	59
43	74
43	76
43	121
43	145
43	165
43	183
43	214
43	216
43	286
43	293
43	351
43	430
43	520
43	718
43	783
44	53
44	56
44	60
44	94
44	120
44	153
44	157
44	180
44	201
44	223
44	233
44	256
44	285
44	290
44	361
44	387
44	418
44	459
44	460
44	514
44	536
44	602
44	948
45	48
45	52
45	58
45	72
45	76
45	91
45	98
45	127
45	134
45	213
45	228
45	285
45	385
45	710
45	774
46	92
46	94
46	176
46	184
46	230
46	248
46	261
46	372
46	403
46	447
46	453
46	456
46	485
46	490
46	493
46	624
46	656
46	658
46	709
46	733
46	804
46	858
46	920
47	57
47	58
47	86
47	89
47	114
47	139
47	148
47	150
47	170
47	187
47	236
47	264
47	287
47	374
47	440
47	540
47	635
47	719
47	744
47	840
47	933
47	968
48	52
48	79
48	91
48	232
48	298
48	314
48	344
48	649
48	729
48	777
48	915
48	962
48	995
49	54
49	62
49	68
49	72
49	74
49	82
49	90
49	109
49	161
49	181
49	286
49	319
49	390
49	398
49	520
50	64
50	90
50	106
50	115
50	130
50	137
50	143
50	159
50	193
50	364
50	401
50	457
50	556
50	598
50	621
50	674
50	763
50	852
50	936
51	65
51	73
51	84
51	112
51	174
51	181
51	203
51	213
51	242
51	256
51	276
51	384
51	582
51	633
51	648
51	676
51	684
51	748
51	815
51	975
52	58
52	72
52	76
52	79
52	91
52	184
52	312
52	483
52	681
52	774
52	868
53	63
53	75
53	85
53	131
53	142
53	152
53	299
53	413
53	486
53	567
53	600
53	619
53	620
53	661
53	678
53	702
53	754
53	772
53	931
53	971
54	83
54	124
54	126
54	163
54	207
54	226
54	246
54	320
54	355
54	370
54	457
54	586
54	677
54	771
54	870
54	872
54	874
54	922
54	938
54	961
54	981
54	992
55	62
55	71
55	74
55	82
55	90
55	102
55	185
55	186
55	361
55	401
55	466
55	482
55	583
55	597
55	730
55	848
56	60
56	95
56	120
56	171
56	180
56	201
56	223
56	266
56	290
56	340
56	361
56	387
56	415
56	528
56	568
56	694
56	989
57	86
57	114
57	139
57	148
57	150
57	287
57	342
57	374
57	383
57	501
57	622
57	628
57	644
57	702
57	776
57	811
57	825
57	945
57	968
58	59
58	72
58	75
58	79
58	97
58	98
58	110
58	228
58	804
59	62
59	68
59	74
59	138
59	145
59	205
59	214
59	399
59	558
59	583
59	918
60	107
60	120
60	146
60	152
60	201
60	225
60	233
60	266
60	269
60	377
60	382
60	602
60	732
60	743
60	839
61	79
61	93
61	103
61	147
61	173
61	179
61	209
61	212
61	277
61	288
61	298
61	383
61	388
61	436
61	454
61	505
61	513
61	580
61	589
61	664
61	779
62	68
62	127
62	138
62	165
62	319
62	349
62	367
62	847
62	980
62	999
63	69
63	75
63	85
63	131
63	133
63	142
63	152
63	158
63	239
63	373
63	379
63	392
63	436
63	461
63	486
63	541
63	755
63	768
63	772
64	73
64	78
64	127
64	137
64	193
64	249
64	327
64	497
64	592
64	674
64	756
64	874
64	883
64	936
64	991
65	73
65	84
65	112
65	141
65	174
65	181
65	203
65	213
65	249
65	276
65	323
65	325
65	523
65	633
65	644
65	987
66	80
66	130
66	183
66	205
66	248
66	273
66	295
66	352
66	368
66	437
66	496
66	590
66	605
66	685
66	713
66	736
66	916
66	943
66	959
67	78
67	88
67	146
67	154
67	167
67	213
67	231
67	395
67	444
67	451
67	500
67	644
67	686
67	731
67	746
67	780
67	864
67	922
67	923
68	74
68	79
68	123
68	167
68	466
68	563
68	778
68	866
68	886
68	925
68	974
69	189
69	192
69	267
69	312
69	341
69	369
69	480
69	490
69	495
69	511
69	518
69	589
69	627
69	642
69	727
69	901
69	908
69	913
69	953
70	74
70	77
70	88
70	100
70	209
70	227
70	349
70	408
70	417
70	429
70	475
70	484
70	552
70	693
70	816
70	915
70	952
71	83
71	104
71	106
71	116
71	140
71	169
71	188
71	190
71	272
71	280
71	323
71	397
71	414
71	448
71	726
71	754
71	844
72	76
72	79
72	315
72	352
72	368
72	939
73	84
73	88
73	98
73	110
73	112
73	174
73	213
73	232
73	274
73	313
73	612
73	649
73	676
74	138
74	161
74	376
74	886
74	974
75	85
75	131
75	142
75	152
75	158
75	160
75	311
75	484
75	494
75	526
75	619
75	688
75	693
75	768
75	822
76	196
76	255
76	302
76	747
77	188
77	278
77	288
77	333
77	349
77	408
77	417
77	552
77	588
77	646
77	648
77	666
77	691
77	693
77	960
77	978
78	146
78	154
78	167
78	292
78	302
78	357
78	382
78	451
78	644
78	686
78	856
78	923
78	926
78	967
79	492
79	697
80	130
80	183
80	272
80	273
80	295
80	321
80	352
80	368
80	382
80	391
80	437
80	649
80	685
80	787
80	875
80	892
81	97
81	100
81	151
81	203
81	218
81	219
81	268
81	381
81	404
81	439
81	528
81	554
81	577
81	594
81	625
81	665
81	825
81	939
82	90
82	138
82	218
82	331
82	367
82	370
82	472
83	124
83	188
83	207
83	246
83	355
83	369
83	370
83	378
83	457
83	486
83	868
83	872
83	874
83	922
83	989
83	997
84	112
84	181
84	185
84	203
84	384
84	687
84	987
85	142
85	152
85	211
85	239
85	289
85	413
85	459
85	567
85	600
85	620
85	757
85	931
86	89
86	114
86	139
86	263
86	336
86	359
86	501
86	664
86	776
86	828
86	901
86	904
86	919
86	966
87	117
87	122
87	155
87	274
87	282
87	394
87	410
87	442
87	451
87	458
87	504
87	522
87	636
87	803
87	963
87	976
88	154
88	167
88	206
88	302
88	540
88	608
88	795
88	855
88	895
88	896
88	926
88	967
88	993
89	170
89	287
89	643
89	664
89	702
89	719
89	741
89	845
89	850
89	919
89	966
90	127
90	178
90	200
90	218
90	278
90	404
90	951
91	144
91	355
91	386
91	590
92	94
92	99
92	176
92	184
92	248
92	261
92	282
92	372
92	402
92	403
92	456
92	703
92	733
92	888
93	163
93	196
93	250
93	307
93	322
93	380
93	448
93	657
93	720
93	734
93	844
93	867
93	880
93	957
93	965
94	121
94	142
94	176
94	261
94	403
94	490
94	493
94	624
94	663
94	765
94	858
94	888
94	920
95	115
95	120
95	153
95	179
95	180
95	201
95	225
95	233
95	382
95	499
95	602
95	732
96	132
96	190
96	236
96	281
96	310
96	334
96	396
96	443
96	447
96	468
96	630
96	640
96	696
96	724
96	728
96	854
96	908
97	151
97	237
97	268
97	381
97	404
97	439
97	483
97	554
97	577
97	594
97	625
97	665
97	914
98	319
98	497
98	498
99	200
99	215
99	264
99	269
99	277
99	425
99	474
99	512
99	538
99	544
99	574
99	655
100	209
100	227
100	303
100	417
100	443
100	646
100	648
100	666
100	950
100	978
100	982
101	118
101	123
101	303
101	402
101	428
101	492
101	575
101	809
101	820
101	851
101	862
101	910
101	943
102	133
102	143
102	168
102	327
102	356
102	384
102	401
102	604
102	926
102	984
103	173
103	179
103	212
103	306
103	383
103	388
103	426
103	436
103	454
103	617
103	628
103	692
103	758
104	106
104	140
104	169
104	188
104	217
104	260
104	272
104	283
104	363
104	397
104	537
104	655
104	704
105	126
105	180
105	199
105	229
105	252
105	386
105	421
105	424
105	433
105	435
105	516
105	579
105	596
105	610
105	660
106	116
106	140
106	190
106	280
106	283
106	323
106	366
106	397
106	448
106	699
106	897
107	120
107	143
107	157
107	171
107	233
107	260
107	419
107	533
107	536
107	790
108	164
108	172
108	208
108	291
108	315
108	346
108	512
108	667
108	689
108	917
108	941
108	972
109	196
109	235
109	267
109	279
109	317
109	330
109	347
109	551
109	653
109	745
109	857
109	902
109	928
109	940
110	274
110	772
110	923
110	927
111	131
111	149
111	159
111	238
111	242
111	305
111	329
111	343
111	446
111	452
111	500
111	911
111	983
112	115
112	203
112	276
112	454
112	708
112	888
113	149
113	195
113	297
113	298
113	351
113	435
113	467
113	524
113	585
113	588
113	601
113	670
113	784
113	899
114	139
114	148
114	150
114	337
114	622
114	643
114	811
115	375
115	416
115	427
115	505
115	564
115	852
115	883
116	140
116	152
116	169
116	188
116	190
116	244
116	363
116	366
116	414
116	631
116	703
116	754
117	122
117	155
117	282
117	394
117	410
117	442
117	458
117	464
117	504
117	739
117	803
118	123
118	174
118	303
118	371
118	402
118	428
118	509
118	809
118	820
118	851
118	910
119	121
119	147
119	150
119	173
119	224
119	241
119	308
119	324
119	400
119	506
119	561
119	581
119	618
119	954
120	128
120	157
120	307
120	312
120	361
120	805
121	147
121	241
121	308
121	324
121	400
121	413
121	506
121	561
121	581
121	618
121	954
122	155
122	173
122	282
122	394
122	410
122	442
122	458
122	522
122	530
122	803
122	976
123	134
123	303
123	428
123	492
123	509
123	575
123	851
123	862
123	872
123	910
124	207
124	320
124	369
124	677
124	868
124	922
124	934
124	997
125	126
125	199
125	229
125	241
125	249
125	252
125	263
125	386
125	421
125	470
125	539
125	596
125	849
126	199
126	229
126	252
126	408
126	424
126	433
126	838
126	843
126	849
127	178
127	246
127	721
127	799
128	144
128	196
128	257
128	271
128	328
128	422
128	595
128	680
128	802
128	906
128	996
129	156
129	258
129	326
129	616
129	671
129	712
129	735
129	769
129	841
129	893
129	969
130	273
130	321
130	333
130	339
130	352
130	420
130	873
130	892
131	142
131	158
131	311
131	337
131	354
131	486
131	494
131	497
132	236
132	281
132	334
132	338
132	396
132	443
132	468
132	630
132	640
132	728
133	159
133	359
133	578
133	751
133	891
133	970
134	206
134	469
135	686
135	834
136	245
136	293
136	411
136	593
136	626
136	690
136	813
136	866
136	869
136	877
136	887
136	894
136	988
137	159
137	414
137	462
137	564
137	581
137	604
137	654
137	785
138	145
138	214
138	268
138	421
139	170
139	295
139	440
139	540
139	811
140	190
140	217
140	259
140	397
140	448
140	564
141	204
141	306
141	394
141	441
141	472
141	476
141	525
141	566
141	573
141	614
141	827
142	299
142	373
142	499
142	822
143	194
143	197
143	251
143	592
143	700
143	721
143	891
144	257
144	271
144	328
144	595
144	680
144	860
144	889
144	906
144	996
145	513
145	609
145	629
146	167
146	292
146	302
146	357
146	470
146	864
146	896
147	241
147	308
147	400
147	506
147	561
147	608
147	618
147	954
148	374
148	440
148	502
148	635
148	776
148	913
149	242
149	272
149	305
149	329
149	343
149	446
149	500
149	543
149	550
149	911
150	342
150	519
150	635
150	719
150	727
150	945
151	404
151	414
151	439
151	483
151	528
151	556
151	637
151	665
151	939
152	239
152	299
152	661
153	377
153	694
153	756
153	793
153	880
153	946
154	447
154	515
154	644
154	795
154	993
155	156
155	282
155	442
155	458
155	504
155	541
155	642
155	739
155	976
156	168
156	251
156	364
156	406
156	592
156	799
156	927
157	223
157	225
157	317
157	346
157	650
157	946
158	299
158	311
158	444
158	541
158	614
158	661
158	782
159	191
159	353
159	375
159	679
159	751
160	187
160	262
160	294
160	500
160	606
160	613
160	663
160	707
160	762
160	798
160	878
161	171
161	735
161	876
161	907
162	275
162	358
162	461
162	469
162	473
162	479
162	499
162	558
162	609
162	747
163	250
163	307
163	380
163	533
163	591
163	657
163	720
163	734
163	900
163	957
164	244
164	405
164	489
164	593
164	683
164	944
165	230
165	350
166	191
166	220
166	234
166	300
166	475
166	549
166	652
166	705
166	955
166	956
167	292
167	466
167	662
167	675
167	855
168	194
168	335
168	406
168	545
168	598
168	700
169	184
169	272
169	280
169	323
169	537
170	348
170	501
170	643
170	909
171	223
171	225
171	245
171	260
172	208
172	221
172	489
172	532
172	572
172	607
172	972
173	179
173	288
173	388
173	426
173	589
173	628
173	692
174	199
174	256
175	380
175	683
175	757
175	815
175	925
175	990
176	184
176	322
176	372
176	453
176	456
176	590
176	858
177	456
177	739
177	858
178	744
179	288
179	388
179	454
179	507
179	628
179	758
180	615
180	831
180	834
181	344
181	687
182	202
182	234
182	354
182	445
182	465
182	560
182	753
182	789
182	845
182	859
182	863
183	266
183	321
183	352
183	368
183	437
183	912
183	916
184	192
184	248
184	261
184	453
184	624
184	656
185	191
185	475
185	652
185	682
185	711
185	770
185	826
185	937
185	956
186	198
186	237
186	245
186	313
186	407
186	566
186	695
186	760
186	865
186	1000
187	262
187	294
187	388
187	606
187	613
187	707
187	762
187	798
187	878
188	217
188	272
188	537
189	192
189	341
189	480
189	495
189	511
189	612
189	627
189	813
189	885
190	217
190	291
190	363
190	788
191	224
191	300
191	549
191	652
191	819
191	956
192	312
192	341
192	471
192	495
192	885
192	908
192	913
193	505
193	564
193	576
193	641
194	401
194	445
194	521
195	298
195	332
195	351
195	371
195	481
195	588
195	639
195	894
197	383
198	237
198	245
198	266
198	527
198	566
198	695
198	760
198	865
198	1000
199	229
199	238
199	253
199	386
199	516
199	838
200	269
200	425
200	538
200	544
200	574
200	645
200	997
201	290
201	309
201	387
201	980
202	219
202	253
202	284
202	345
202	502
202	531
202	717
202	817
202	871
203	897
204	306
204	309
204	441
204	472
204	573
204	604
204	614
204	623
204	987
205	216
205	398
205	641
206	304
206	336
206	360
206	462
206	615
206	903
206	962
206	995
207	246
207	267
207	355
207	549
207	586
207	607
207	992
208	342
208	607
208	814
208	896
208	929
209	309
209	350
209	933
209	960
210	247
210	322
210	487
210	546
210	629
210	704
210	773
210	821
210	832
211	289
211	407
211	706
211	725
211	737
211	796
211	810
211	958
212	252
212	383
212	436
212	507
212	552
212	580
212	758
213	276
214	364
214	437
214	792
215	425
215	526
215	544
215	574
215	655
215	824
215	827
215	830
216	433
216	468
217	259
217	366
218	426
219	253
219	284
219	297
219	426
219	502
219	678
220	224
220	300
220	409
220	549
220	826
220	898
220	955
221	222
221	243
221	339
221	434
221	642
221	647
221	697
221	854
222	227
222	243
222	339
222	434
222	538
222	642
222	697
222	882
223	271
223	711
224	240
224	300
224	475
224	652
224	711
225	235
225	514
225	706
226	320
226	370
226	419
226	764
226	868
226	872
226	989
227	309
227	350
227	691
227	890
228	315
228	601
229	263
229	421
229	470
230	248
230	403
230	624
230	765
230	804
230	911
230	935
231	444
231	651
231	686
231	731
231	864
231	923
232	261
233	340
233	469
233	587
234	445
234	465
234	560
234	716
234	753
234	845
234	879
235	267
235	317
235	347
235	745
235	940
236	281
236	334
236	396
236	468
236	525
236	728
237	245
237	566
237	669
237	986
237	1000
238	242
238	305
238	343
238	446
238	500
238	911
239	688
239	714
239	978
240	736
241	308
241	506
241	561
241	618
242	305
242	452
242	496
242	543
243	339
243	434
243	481
243	697
243	770
243	882
243	970
244	315
244	506
244	788
244	846
245	428
245	695
245	865
245	986
246	355
246	369
246	557
246	870
246	934
247	322
247	365
247	479
247	487
247	613
247	629
247	773
247	842
248	372
248	703
248	804
249	265
249	356
249	373
250	307
250	487
250	591
250	734
250	844
251	556
251	592
251	927
252	386
252	470
252	488
252	610
252	784
253	297
253	412
253	502
253	527
253	817
253	871
254	288
254	325
254	542
254	708
254	979
256	523
257	271
257	328
257	595
257	688
257	793
257	802
257	906
258	290
258	326
258	658
258	671
258	712
258	769
258	841
259	272
259	280
259	414
259	511
259	726
260	341
260	634
261	300
261	453
261	658
262	431
262	606
262	613
262	762
262	798
262	947
263	488
263	516
263	524
263	539
263	660
264	269
264	277
264	282
264	512
264	526
264	830
265	359
265	576
265	887
266	377
266	834
267	317
267	347
267	745
267	767
268	381
268	577
268	596
268	637
268	665
269	474
269	526
269	655
269	698
270	298
270	332
270	460
270	588
270	670
270	783
270	784
271	289
271	680
271	889
271	996
273	280
273	333
273	420
273	621
273	912
275	335
275	358
275	461
275	479
275	742
276	953
277	526
277	538
277	574
277	830
278	309
278	648
278	723
279	347
279	399
279	551
279	902
279	928
279	940
280	283
281	409
281	630
281	696
281	941
282	522
282	749
283	452
283	807
283	876
284	527
284	531
284	717
284	985
285	682
285	705
285	709
285	826
285	898
285	937
286	969
287	374
287	522
288	454
288	507
288	589
289	338
289	647
289	761
289	863
289	949
290	407
291	371
291	438
291	635
292	856
292	926
293	725
294	606
294	663
294	707
294	840
294	878
294	993
295	391
295	649
295	835
295	943
296	345
296	378
296	385
296	412
296	418
296	690
296	729
297	535
297	669
297	678
297	717
297	862
298	460
298	524
298	670
299	683
300	819
301	423
301	427
301	548
301	587
301	759
301	899
301	994
302	317
302	444
302	895
303	509
303	820
304	338
304	360
304	462
304	672
304	995
305	329
305	381
306	472
306	476
306	573
306	614
307	867
307	880
308	324
310	443
310	630
310	668
310	671
310	724
310	900
311	392
311	623
312	341
312	511
312	518
313	509
314	580
315	450
316	336
316	360
316	419
316	458
316	462
316	971
316	995
317	857
317	928
320	449
320	457
320	989
320	997
321	333
321	713
321	945
322	365
322	704
322	773
323	363
323	775
324	400
324	405
324	581
325	478
325	843
326	431
326	616
326	964
326	973
327	364
328	482
328	595
328	889
329	343
329	496
329	500
331	534
332	351
332	467
332	639
333	959
334	396
334	468
334	626
335	461
335	469
335	499
335	742
336	462
336	672
336	962
337	429
337	494
337	924
338	555
338	737
338	796
338	958
339	642
339	770
339	854
340	694
341	611
341	627
342	440
342	744
343	432
343	452
343	811
345	385
345	418
345	504
345	729
345	791
346	477
347	551
347	902
348	559
348	659
348	668
348	741
348	755
348	930
349	982
350	691
351	481
351	601
351	823
352	368
353	356
353	377
353	611
354	430
354	445
354	800
354	845
354	879
355	961
355	992
356	364
356	724
357	515
357	782
357	932
358	469
358	479
358	609
358	753
358	824
360	462
360	981
361	851
362	370
362	449
362	520
362	559
362	659
362	698
362	821
363	591
363	921
364	578
365	384
365	487
365	629
365	704
365	842
366	400
366	448
366	773
368	420
369	370
369	764
369	938
370	677
371	542
371	853
372	679
372	765
373	924
374	424
374	501
375	393
375	413
375	416
375	503
376	662
378	385
378	412
378	690
378	729
380	591
380	657
380	720
380	965
381	439
381	914
382	650
383	436
383	580
385	418
385	791
385	806
386	699
387	691
387	871
388	426
390	434
391	570
391	736
392	428
392	515
393	430
393	565
393	598
394	636
395	444
395	723
395	795
396	900
397	917
398	493
401	427
401	497
402	575
402	809
403	581
404	483
404	637
405	432
405	638
406	680
406	700
406	936
407	725
407	761
407	949
408	622
410	511
410	963
411	501
411	556
411	626
411	869
411	988
412	418
412	690
412	806
413	787
415	818
415	892
416	598
416	603
418	690
419	672
419	962
419	981
420	605
421	433
421	534
423	570
423	786
423	994
424	579
424	699
425	474
425	645
426	779
428	492
429	915
431	656
431	735
431	893
431	905
432	998
433	470
434	770
434	854
435	460
435	467
435	524
435	666
437	605
438	450
438	519
439	528
439	812
440	541
441	525
441	573
441	623
442	636
443	696
443	900
445	465
445	599
446	496
446	867
447	608
447	780
449	668
449	698
449	710
450	757
451	675
451	855
452	983
453	480
454	513
456	703
457	861
457	874
458	749
459	634
460	585
460	823
461	479
461	558
463	477
463	673
465	753
465	800
467	606
467	784
468	618
469	742
470	610
472	476
472	827
473	479
473	609
473	824
474	512
474	538
474	692
475	705
476	525
476	827
476	973
477	796
480	518
480	901
480	953
481	601
481	639
481	877
483	625
483	914
484	723
484	771
485	658
485	944
487	546
487	629
488	579
488	596
488	766
488	839
489	542
490	493
490	658
492	575
492	862
493	656
494	670
495	762
495	885
495	953
496	543
498	695
499	747
499	824
502	535
502	669
503	556
503	927
504	522
504	636
505	567
507	580
508	555
509	916
510	559
510	668
510	710
510	930
513	589
514	765
515	797
516	677
516	776
517	608
517	675
517	782
517	895
518	616
518	873
519	716
519	822
521	564
521	984
524	585
525	623
527	849
527	985
528	554
529	801
530	964
531	542
531	678
531	985
532	974
533	634
534	660
534	699
534	843
535	871
537	662
539	559
539	660
539	838
540	990
543	679
543	983
544	645
546	832
547	669
548	570
548	587
548	794
548	986
549	682
551	767
554	825
555	647
555	890
558	609
558	747
560	789
560	853
560	859
562	720
566	760
568	952
570	587
570	899
573	852
577	825
579	699
583	767
584	742
585	823
586	597
586	677
586	934
587	627
588	670
590	875
593	894
593	988
594	625
594	848
594	939
595	885
600	898
601	639
602	694
605	984
610	992
613	663
614	623
615	793
616	735
616	983
621	756
625	904
626	813
626	877
627	727
630	869
632	734
632	964
632	994
633	759
634	882
637	639
637	934
640	696
640	941
643	650
645	655
646	748
647	706
647	863
651	657
652	832
653	767
653	857
656	888
657	844
659	741
659	930
662	780
665	752
667	881
668	821
669	817
671	905
671	973
672	903
672	946
673	740
680	802
682	898
685	892
689	713
689	836
692	779
693	751
695	986
697	882
698	821
705	878
706	890
709	819
709	955
710	741
711	937
712	968
712	969
716	744
724	941
725	761
727	873
728	950
731	991
733	935
737	796
738	966
738	991
739	963
740	930
743	879
749	803
759	786
759	794
764	938
768	808
769	806
769	973
777	836
777	990
781	790
781	936
786	994
789	859
791	806
791	810
794	899
795	937
800	879
807	876
809	891
810	863
810	890
813	887
820	850
826	998
832	842
836	855
841	969
843	849
866	869
866	877
867	965
870	961
873	901
880	957
887	894
893	905
903	981
908	913
920	935
933	966
948	955
949	958
