1	3
1	6
1	8
1	9
1	11
1	12
1	13
1	15
1	16
1	19
1	25
1	31
1	34
1	42
1	43
1	45
1	46
1	48
1	50
1	51
1	56
1	59
1	68
1	69
1	98
1	102
1	109
1	126
1	132
1	144
1	147
1	155
1	156
1	160
1	169
1	193
1	197
1	201
1	206
1	208
1	209
1	218
1	244
1	250
1	268
1	297
1	300
1	308
1	319
1	323
1	329
1	352
1	361
1	387
1	397
1	399
1	416
1	452
1	454
1	479
1	584
1	602
1	606
1	620
1	629
1	642
1	651
1	655
1	719
1	779
1	792
1	795
1	801
1	851
1	856
1	857
1	897
1	946
1	963
1	974
2	4
2	10
2	12
2	24
2	27
2	37
2	43
2	60
2	64
2	67
2	69
2	76
2	77
2	78
2	79
2	84
2	87
2	110
2	111
2	119
2	168
2	180
2	228
2	230
2	234
2	241
2	253
2	254
2	257
2	273
2	281
2	287
2	290
2	306
2	337
2	342
2	360
2	372
2	376
2	379
2	390
2	396
2	430
2	444
2	463
2	467
2	476
2	480
2	481
2	488
2	542
2	553
2	575
2	617
2	624
2	644
2	649
2	674
2	688
2	691
2	697
2	709
2	711
2	715
2	776
2	787
2	838
2	867
2	871
2	893
2	908
2	923
2	933
2	934
2	961
2	965
2	997
3	6
3	8
3	9
3	11
3	13
3	15
3	16
3	25
3	29
3	31
3	34
3	42
3	43
3	45
3	46
3	49
3	50
3	51
3	56
3	58
3	59
3	68
3	69
3	78
3	98
3	102
3	109
3	114
3	126
3	132
3	147
3	155
3	156
3	160
3	161
3	166
3	191
3	201
3	223
3	235
3	268
3	285
3	308
3	319
3	333
3	341
3	350
3	358
3	452
3	456
3	479
3	602
3	642
3	664
3	673
3	679
3	717
3	725
3	728
3	779
3	791
3	795
3	841
3	849
3	895
3	901
3	909
3	984
4	5
4	10
4	12
4	15
4	24
4	27
4	28
4	37
4	60
4	64
4	73
4	76
4	77
4	78
4	84
4	85
4	87
4	111
4	119
4	140
4	141
4	165
4	180
4	234
4	241
4	253
4	254
4	273
4	281
4	306
4	342
4	373
4	376
4	444
4	480
4	481
4	488
4	509
4	514
4	536
4	542
4	553
4	583
4	617
4	624
4	644
4	668
4	672
4	674
4	693
4	717
4	768
4	786
4	787
4	867
4	892
4	910
4	933
4	940
4	960
4	965
4	976
4	991
5	7
5	11
5	14
5	26
5	28
5	35
5	39
5	47
5	52
5	53
5	61
5	66
5	85
5	99
5	106
5	125
5	127
5	128
5	134
5	141
5	157
5	191
5	212
5	214
5	221
5	259
5	275
5	304
5	322
5	324
5	357
5	403
5	419
5	445
5	458
5	465
5	482
5	499
5	529
5	547
5	549
5	565
5	580
5	692
5	760
5	765
5	771
5	775
5	803
5	811
5	831
5	836
5	845
5	862
5	870
5	897
5	928
5	949
5	956
5	982
5	987
5	990
6	8
6	9
6	13
6	15
6	16
6	19
6	25
6	31
6	34
6	42
6	43
6	45
6	48
6	50
6	51
6	56
6	59
6	68
6	69
6	102
6	109
6	114
6	117
6	126
6	129
6	132
6	136
6	147
6	156
6	169
6	191
6	201
6	223
6	241
6	251
6	253
6	258
6	297
6	300
6	341
6	352
6	361
6	376
6	384
6	416
6	491
6	494
6	638
6	651
6	706
6	708
6	711
6	724
6	729
6	835
6	853
6	891
6	909
6	931
6	938
7	10
7	14
7	18
7	20
7	27
7	28
7	31
7	35
7	39
7	46
7	47
7	52
7	56
7	66
7	85
7	106
7	125
7	127
7	128
7	130
7	141
7	157
7	172
7	188
7	191
7	198
7	205
7	208
7	212
7	259
7	275
7	304
7	324
7	343
7	357
7	400
7	403
7	413
7	419
7	427
7	445
7	465
7	482
7	499
7	529
7	565
7	587
7	600
7	644
7	767
7	794
7	811
7	831
7	870
7	897
7	949
7	956
7	957
7	987
7	990
7	995
8	9
8	11
8	13
8	15
8	16
8	19
8	20
8	23
8	24
8	25
8	31
8	34
8	42
8	43
8	44
8	45
8	46
8	48
8	50
8	51
8	69
8	93
8	98
8	102
8	109
8	117
8	132
8	147
8	155
8	160
8	223
8	233
8	238
8	268
8	285
8	294
8	298
8	319
8	358
8	394
8	395
8	399
8	416
8	454
8	486
8	504
8	566
8	578
8	656
8	670
8	673
8	708
8	728
8	758
8	825
8	909
8	916
8	992
9	11
9	13
9	16
9	17
9	19
9	20
9	25
9	31
9	34
9	42
9	43
9	45
9	48
9	50
9	51
9	56
9	59
9	69
9	80
9	84
9	91
9	99
9	102
9	117
9	122
9	132
9	136
9	155
9	158
9	201
9	223
9	250
9	255
9	294
9	297
9	456
9	543
9	548
9	559
9	706
9	711
9	728
9	758
9	779
9	814
9	825
9	829
9	851
9	853
9	854
9	868
9	901
9	916
9	962
9	984
10	12
10	23
10	24
10	27
10	29
10	33
10	37
10	41
10	60
10	64
10	76
10	77
10	78
10	84
10	87
10	88
10	111
10	119
10	157
10	180
10	230
10	234
10	253
10	254
10	281
10	287
10	290
10	306
10	337
10	348
10	376
10	390
10	399
10	432
10	437
10	463
10	467
10	505
10	509
10	536
10	542
10	589
10	617
10	644
10	662
10	688
10	707
10	709
10	768
10	786
10	787
10	908
10	923
10	933
10	934
11	12
11	13
11	15
11	16
11	19
11	23
11	25
11	31
11	34
11	42
11	45
11	46
11	48
11	50
11	56
11	68
11	69
11	75
11	95
11	98
11	102
11	117
11	125
11	136
11	148
11	160
11	169
11	184
11	209
11	223
11	250
11	260
11	283
11	297
11	308
11	323
11	341
11	352
11	360
11	374
11	479
11	642
11	655
11	729
11	827
11	830
11	889
11	962
11	984
12	16
12	17
12	18
12	24
12	27
12	37
12	60
12	64
12	76
12	77
12	78
12	84
12	87
12	111
12	119
12	150
12	157
12	180
12	234
12	243
12	253
12	254
12	256
12	273
12	290
12	337
12	367
12	376
12	390
12	444
12	467
12	480
12	506
12	509
12	624
12	649
12	674
12	860
12	893
12	940
12	943
12	978
12	991
12	997
13	14
13	15
13	16
13	19
13	23
13	25
13	31
13	34
13	40
13	42
13	46
13	48
13	50
13	51
13	56
13	59
13	68
13	102
13	106
13	117
13	132
13	136
13	140
13	144
13	156
13	187
13	188
13	201
13	223
13	300
13	319
13	374
13	378
13	456
13	565
13	655
13	779
13	814
13	827
13	853
13	884
13	916
14	28
14	30
14	35
14	37
14	39
14	47
14	52
14	66
14	78
14	85
14	104
14	106
14	125
14	127
14	128
14	141
14	157
14	189
14	191
14	205
14	212
14	259
14	275
14	304
14	324
14	346
14	357
14	374
14	403
14	419
14	482
14	529
14	565
14	600
14	666
14	695
14	760
14	765
14	794
14	845
14	956
14	979
14	987
15	16
15	19
15	25
15	34
15	42
15	43
15	44
15	45
15	46
15	50
15	51
15	55
15	56
15	58
15	68
15	69
15	98
15	102
15	115
15	126
15	132
15	147
15	155
15	183
15	199
15	233
15	251
15	297
15	300
15	304
15	350
15	358
15	361
15	705
15	729
15	795
15	879
15	974
16	19
16	21
16	25
16	26
16	31
16	42
16	45
16	46
16	48
16	50
16	51
16	56
16	68
16	99
16	117
16	126
16	134
16	136
16	201
16	206
16	214
16	251
16	276
16	310
16	316
16	341
16	352
16	361
16	456
16	484
16	602
16	651
16	706
16	762
16	801
17	18
17	20
17	23
17	26
17	32
17	57
17	88
17	93
17	96
17	126
17	128
17	133
17	135
17	161
17	200
17	219
17	239
17	261
17	288
17	296
17	330
17	334
17	393
17	438
17	461
17	489
17	490
17	499
17	511
17	571
17	637
17	654
17	675
17	697
17	743
17	745
17	763
17	780
17	817
17	819
17	926
18	20
18	26
18	32
18	57
18	59
18	76
18	93
18	96
18	104
18	135
18	154
18	161
18	200
18	204
18	209
18	219
18	232
18	239
18	288
18	296
18	334
18	402
18	423
18	441
18	461
18	478
18	489
18	511
18	522
18	543
18	588
18	640
18	662
18	675
18	726
18	745
18	763
18	855
18	890
19	25
19	31
19	32
19	34
19	42
19	46
19	48
19	50
19	56
19	59
19	68
19	69
19	94
19	117
19	134
19	185
19	217
19	233
19	235
19	237
19	254
19	283
19	425
19	479
19	606
19	800
19	811
19	815
19	859
19	955
19	963
19	974
20	26
20	32
20	57
20	71
20	76
20	77
20	93
20	96
20	104
20	107
20	133
20	135
20	200
20	219
20	239
20	240
20	288
20	296
20	330
20	345
20	423
20	461
20	464
20	478
20	490
20	522
20	640
20	675
20	739
20	743
20	745
20	798
20	817
20	835
20	968
21	27
21	30
21	51
21	53
21	72
21	81
21	82
21	123
21	142
21	146
21	158
21	181
21	197
21	215
21	218
21	225
21	271
21	298
21	353
21	394
21	406
21	473
21	483
21	487
21	549
21	575
21	608
21	680
21	785
21	789
21	809
21	812
21	815
21	866
21	902
21	911
21	913
21	988
21	1000
22	23
22	30
22	49
22	74
22	79
22	80
22	83
22	89
22	119
22	163
22	179
22	227
22	270
22	291
22	292
22	295
22	316
22	322
22	343
22	344
22	355
22	370
22	383
22	389
22	412
22	429
22	468
22	497
22	503
22	514
22	537
22	571
22	572
22	599
22	659
22	666
22	793
22	903
22	922
22	943
23	24
23	30
23	74
23	79
23	80
23	89
23	160
23	163
23	227
23	237
23	292
23	295
23	322
23	355
23	370
23	381
23	383
23	412
23	429
23	434
23	449
23	510
23	519
23	537
23	666
23	847
23	903
23	943
23	973
23	993
24	27
24	29
24	60
24	64
24	76
24	77
24	84
24	111
24	119
24	142
24	232
24	234
24	281
24	287
24	306
24	337
24	430
24	463
24	481
24	488
24	542
24	607
24	634
24	674
24	871
24	910
24	960
24	962
24	965
24	978
25	29
25	31
25	34
25	42
25	46
25	47
25	48
25	51
25	98
25	118
25	123
25	132
25	136
25	169
25	179
25	201
25	241
25	283
25	294
25	350
25	432
25	651
25	822
25	880
25	984
26	27
26	32
26	41
26	57
26	93
26	96
26	104
26	111
26	133
26	135
26	147
26	161
26	200
26	219
26	232
26	234
26	295
26	305
26	438
26	461
26	464
26	489
26	490
26	522
26	535
26	543
26	654
26	739
26	763
26	983
27	37
27	57
27	60
27	76
27	77
27	78
27	84
27	87
27	93
27	111
27	119
27	248
27	254
27	273
27	281
27	290
27	306
27	390
27	463
27	476
27	895
27	910
27	923
27	940
27	974
27	991
28	35
28	39
28	47
28	48
28	52
28	66
28	84
28	85
28	106
28	125
28	127
28	128
28	141
28	150
28	175
28	205
28	212
28	259
28	275
28	296
28	357
28	427
28	468
28	482
28	587
28	614
28	790
28	797
28	990
29	36
29	44
29	54
29	74
29	82
29	83
29	89
29	92
29	103
29	151
29	164
29	175
29	205
29	208
29	246
29	272
29	338
29	411
29	469
29	494
29	514
29	616
29	648
29	656
29	736
29	868
29	953
29	970
29	985
30	39
30	74
30	79
30	80
30	89
30	163
30	227
30	237
30	239
30	292
30	295
30	316
30	322
30	343
30	344
30	355
30	383
30	389
30	418
30	468
30	572
30	605
30	629
30	793
30	804
30	812
30	887
30	929
30	943
31	34
31	42
31	43
31	45
31	46
31	56
31	59
31	68
31	84
31	147
31	160
31	166
31	249
31	275
31	466
31	559
31	560
31	606
31	655
31	661
31	876
32	42
32	57
32	83
32	93
32	96
32	101
32	104
32	133
32	200
32	219
32	232
32	239
32	294
32	305
32	306
32	330
32	334
32	393
32	402
32	489
32	535
32	577
32	640
32	697
32	731
32	810
32	999
33	40
33	41
33	90
33	97
33	120
33	168
33	180
33	187
33	221
33	314
33	321
33	326
33	352
33	362
33	409
33	415
33	460
33	487
33	502
33	545
33	560
33	580
33	686
33	770
33	781
33	800
33	828
33	833
33	880
33	917
33	930
34	43
34	50
34	57
34	59
34	96
34	112
34	126
34	207
34	209
34	235
34	394
34	416
34	452
34	466
34	470
34	578
34	607
34	720
34	789
34	859
35	39
35	47
35	50
35	52
35	66
35	85
35	102
35	106
35	125
35	127
35	128
35	141
35	157
35	205
35	357
35	396
35	419
35	427
35	458
35	465
35	510
35	552
35	566
35	600
35	658
35	679
35	982
36	40
36	44
36	48
36	54
36	59
36	81
36	82
36	83
36	92
36	103
36	135
36	145
36	175
36	208
36	246
36	338
36	469
36	493
36	494
36	521
36	616
36	648
36	656
36	736
36	747
36	807
36	925
36	937
36	953
36	992
37	54
37	60
37	64
37	65
37	76
37	78
37	87
37	180
37	230
37	241
37	272
37	287
37	306
37	430
37	438
37	444
37	467
37	476
37	536
37	553
37	649
37	804
37	871
37	958
38	49
38	71
38	101
38	167
38	245
38	282
38	320
38	332
38	365
38	375
38	379
38	447
38	496
38	546
38	583
38	603
38	609
38	613
38	622
38	657
38	748
38	799
38	808
38	865
38	888
38	919
38	939
38	948
38	954
38	957
39	47
39	52
39	66
39	84
39	85
39	106
39	125
39	127
39	141
39	143
39	157
39	191
39	201
39	205
39	259
39	304
39	347
39	427
39	445
39	558
39	613
39	775
39	897
39	995
40	48
40	120
40	149
40	168
40	187
40	221
40	249
40	314
40	321
40	326
40	337
40	340
40	362
40	372
40	415
40	460
40	502
40	545
40	594
40	690
40	770
40	781
40	824
40	833
40	891
40	969
40	983
41	55
41	58
41	86
41	109
41	116
41	146
41	151
41	227
41	253
41	261
41	276
41	318
41	392
41	396
41	426
41	459
41	568
41	586
41	598
41	604
41	620
41	698
41	757
41	852
41	876
41	921
42	45
42	46
42	51
42	59
42	69
42	73
42	148
42	156
42	160
42	169
42	317
42	584
42	714
42	759
42	788
42	966
43	68
43	69
43	98
43	109
43	117
43	134
43	155
43	194
43	210
43	235
43	327
43	439
43	451
43	566
43	602
43	673
43	786
43	879
43	895
43	962
44	48
44	50
44	54
44	82
44	83
44	92
44	94
44	103
44	175
44	208
44	246
44	259
44	338
44	392
44	430
44	469
44	521
44	585
44	648
44	656
44	747
44	868
44	878
44	937
44	992
45	51
45	59
45	68
45	69
45	78
45	89
45	109
45	147
45	156
45	204
45	251
45	297
45	300
45	350
45	374
45	391
45	447
45	679
46	48
46	50
46	53
46	56
46	68
46	69
46	103
46	126
46	181
46	201
46	243
46	294
46	361
46	775
46	879
47	66
47	85
47	125
47	127
47	128
47	133
47	148
47	157
47	177
47	191
47	203
47	259
47	275
47	318
47	324
47	403
47	499
47	587
47	872
47	982
48	50
48	59
48	98
48	126
48	132
48	134
48	233
48	283
48	297
48	324
48	399
48	762
48	923
49	67
49	71
49	98
49	167
49	267
49	282
49	332
49	365
49	370
49	379
49	447
49	496
49	546
49	583
49	613
49	622
49	632
49	657
49	808
49	939
49	948
49	957
49	988
50	59
50	85
50	123
50	134
50	223
50	255
50	358
50	584
50	771
50	879
50	955
51	56
51	68
51	147
51	169
51	193
51	209
51	268
51	294
51	299
51	341
51	504
51	699
51	881
51	924
52	66
52	79
52	85
52	106
52	125
52	127
52	128
52	141
52	183
52	205
52	209
52	304
52	465
52	477
52	538
52	760
52	794
52	831
52	845
52	863
53	72
53	81
53	123
53	142
53	146
53	158
53	185
53	197
53	215
53	298
53	353
53	406
53	608
53	674
53	772
53	785
53	815
53	866
53	924
53	936
53	988
53	1000
54	66
54	70
54	82
54	83
54	88
54	91
54	92
54	103
54	154
54	161
54	175
54	208
54	411
54	492
54	494
54	521
54	525
54	600
54	616
54	747
54	868
55	58
55	86
55	116
55	151
55	175
55	261
55	276
55	318
55	392
55	426
55	446
55	459
55	482
55	604
55	620
55	630
55	647
55	685
55	698
55	748
55	757
55	876
55	921
56	69
56	132
56	169
56	223
56	308
56	579
56	596
56	638
56	648
56	769
56	814
56	901
57	58
57	93
57	96
57	135
57	161
57	219
57	239
57	259
57	305
57	330
57	402
57	543
57	594
57	731
57	807
57	810
57	855
58	86
58	116
58	151
58	228
58	261
58	392
58	396
58	406
58	426
58	446
58	459
58	568
58	586
58	604
58	620
58	647
58	698
58	921
58	981
59	173
59	312
59	347
59	358
59	361
59	466
59	638
59	642
59	931
60	76
60	77
60	137
60	180
60	230
60	241
60	342
60	383
60	414
60	430
60	463
60	536
60	643
60	798
60	934
61	75
61	112
61	216
61	222
61	289
61	302
61	305
61	385
61	397
61	448
61	484
61	539
61	558
61	567
61	623
61	699
61	799
61	816
61	877
61	881
61	981
62	65
62	73
62	93
62	114
62	124
62	131
62	152
62	188
62	224
62	260
62	284
62	331
62	414
62	443
62	520
62	615
62	630
62	684
62	716
62	776
62	907
62	971
63	99
63	108
63	112
63	145
63	190
63	198
63	199
63	230
63	236
63	378
63	380
63	460
63	496
63	519
63	573
63	580
63	590
63	593
63	614
63	627
63	754
63	863
64	75
64	76
64	77
64	78
64	84
64	86
64	87
64	111
64	275
64	342
64	376
64	476
64	495
64	593
64	768
64	978
65	73
65	114
65	131
65	152
65	172
65	211
65	219
65	260
65	312
65	367
65	414
65	491
65	501
65	595
65	664
65	694
65	716
65	766
65	950
65	1000
66	78
66	106
66	141
66	251
66	354
66	357
66	443
66	445
66	515
66	600
66	811
66	995
67	95
67	113
67	137
67	143
67	144
67	171
67	183
67	258
67	303
67	348
67	354
67	422
67	444
67	512
67	591
67	726
67	762
67	932
67	966
68	98
68	116
68	134
68	278
68	341
68	762
68	878
68	916
69	83
69	93
69	160
69	235
69	359
69	394
69	733
70	81
70	89
70	108
70	301
70	325
70	347
70	377
70	436
70	470
70	550
70	569
70	570
70	660
70	663
70	764
70	797
70	925
70	945
70	968
71	167
71	230
71	267
71	282
71	332
71	365
71	438
71	496
71	603
71	613
71	622
71	657
71	677
71	701
71	748
71	954
71	957
72	81
72	111
72	123
72	142
72	143
72	181
72	271
72	353
72	365
72	449
72	473
72	483
72	528
72	575
72	809
72	815
72	866
72	911
73	105
73	114
73	131
73	172
73	188
73	250
73	312
73	325
73	369
73	414
73	595
73	615
73	630
73	796
73	907
73	950
74	77
74	79
74	80
74	89
74	227
74	251
74	317
74	322
74	418
74	449
74	493
74	503
74	629
74	666
74	804
74	993
75	216
75	222
75	385
75	397
75	435
75	481
75	484
75	567
75	616
75	699
75	752
75	824
75	877
75	881
75	900
75	912
75	981
76	78
76	248
76	254
76	273
76	452
76	480
76	704
76	709
76	997
77	180
77	241
77	253
77	337
77	341
77	381
77	390
77	474
77	717
78	84
78	111
78	230
78	253
78	290
78	359
78	481
79	89
79	246
79	292
79	316
79	343
79	355
79	387
79	510
79	514
79	541
79	572
79	934
79	973
80	89
80	101
80	159
80	213
80	237
80	316
80	389
80	468
80	510
80	546
80	629
80	804
80	862
80	922
81	123
81	142
81	146
81	158
81	181
81	197
81	549
81	575
81	596
81	608
81	812
81	902
81	909
81	924
82	83
82	92
82	103
82	126
82	175
82	246
82	338
82	458
82	494
82	525
82	656
82	807
82	859
82	871
83	92
83	103
83	175
83	338
83	411
83	444
83	469
83	494
83	525
83	807
83	818
84	119
84	230
84	265
84	273
84	488
84	553
84	717
85	106
85	128
85	133
85	275
85	304
85	441
85	765
85	771
85	949
86	116
86	136
86	151
86	261
86	276
86	280
86	318
86	392
86	396
86	406
86	446
86	598
86	647
86	760
86	852
87	127
87	276
87	290
87	488
87	538
87	688
87	738
87	786
87	867
87	951
87	960
88	152
88	173
88	229
88	339
88	391
88	421
88	472
88	524
88	578
88	611
88	635
88	670
88	682
88	696
88	846
89	163
89	237
89	295
89	316
89	381
89	410
89	512
89	659
89	903
90	177
90	286
90	327
90	353
90	381
90	408
90	455
90	486
90	533
90	603
90	634
90	671
90	691
90	904
90	918
90	929
90	947
91	95
91	115
91	176
91	184
91	374
91	398
91	500
91	513
91	554
91	577
91	633
91	772
91	872
91	906
91	915
91	920
92	113
92	132
92	175
92	208
92	246
92	411
92	452
92	570
92	878
92	937
92	977
92	992
93	161
93	223
93	461
93	464
93	511
93	571
93	675
93	780
94	112
94	124
94	137
94	173
94	238
94	279
94	299
94	333
94	440
94	518
94	585
94	596
94	707
94	733
94	738
94	761
95	143
95	144
95	258
95	288
95	303
95	354
95	363
95	512
95	523
95	591
95	726
95	829
95	932
95	966
96	133
96	142
96	200
96	286
96	296
96	330
96	423
96	441
96	697
96	894
97	105
97	192
97	211
97	243
97	270
97	426
97	433
97	450
97	564
97	612
97	715
97	723
97	792
97	806
97	936
97	971
98	111
98	117
98	147
98	163
98	250
98	931
98	939
99	145
99	198
99	231
99	236
99	310
99	380
99	506
99	627
99	701
99	737
99	773
99	832
99	863
100	101
100	104
100	193
100	217
100	360
100	366
100	431
100	594
100	601
100	622
100	625
100	633
100	636
100	695
100	759
100	931
100	996
101	193
101	217
101	360
101	410
101	431
101	594
101	601
101	625
101	636
101	694
101	695
101	759
101	937
102	109
102	267
102	282
102	350
102	412
102	466
102	784
102	895
103	135
103	156
103	208
103	270
103	525
103	616
103	736
103	878
103	953
104	135
104	161
104	200
104	288
104	456
104	518
104	543
104	739
104	780
104	835
105	114
105	120
105	172
105	188
105	260
105	312
105	377
105	491
105	517
105	615
105	654
105	716
105	776
105	950
106	127
106	299
106	445
106	499
106	565
106	805
107	121
107	186
107	220
107	254
107	262
107	263
107	327
107	351
107	434
107	645
107	732
107	755
107	788
107	885
108	264
108	301
108	325
108	364
108	377
108	477
108	492
108	538
108	569
108	570
108	628
108	850
108	907
109	110
109	156
109	278
109	279
109	319
109	374
109	479
110	138
110	165
110	174
110	202
110	215
110	368
110	371
110	384
110	548
110	637
110	718
110	724
110	938
111	119
111	230
111	446
111	893
112	190
112	199
112	231
112	236
112	310
112	428
112	519
112	580
112	639
112	842
112	864
113	143
113	144
113	168
113	258
113	303
113	336
113	342
113	512
113	523
113	661
113	726
113	932
113	935
114	131
114	188
114	224
114	331
114	380
114	501
114	595
114	694
114	719
115	176
115	184
115	283
115	398
115	500
115	513
115	577
115	633
115	712
115	772
115	872
115	920
115	954
116	151
116	276
116	308
116	318
116	356
116	392
116	446
116	586
116	845
116	876
117	169
117	256
117	287
117	549
117	758
118	139
118	171
118	265
118	266
118	277
118	284
118	378
118	386
118	431
118	474
118	528
118	631
118	819
119	227
119	254
119	281
119	430
119	848
120	168
120	250
120	314
120	326
120	362
120	405
120	487
120	545
120	560
120	610
120	969
121	186
121	220
121	229
121	242
121	262
121	327
121	344
121	434
121	495
121	649
121	732
121	778
121	942
122	148
122	150
122	263
122	363
122	404
122	453
122	520
122	597
122	700
122	761
122	823
122	834
122	927
123	142
123	146
123	198
123	271
123	353
123	416
123	473
123	913
124	153
124	173
124	182
124	238
124	299
124	333
124	596
124	609
124	713
124	727
124	761
124	787
125	157
125	177
125	191
125	236
125	587
126	127
126	209
126	251
126	416
127	128
127	301
127	681
128	144
128	212
128	219
128	870
129	162
129	166
129	178
129	189
129	249
129	272
129	342
129	387
129	485
129	574
129	626
129	703
129	822
130	240
130	284
130	285
130	291
130	369
130	417
130	532
130	556
130	581
130	827
130	873
130	894
130	975
131	188
131	224
131	260
131	290
131	312
131	331
131	501
131	524
131	617
131	783
132	250
132	350
132	664
133	135
133	161
133	182
133	219
133	478
133	511
133	756
134	136
134	212
134	233
134	300
134	454
134	758
135	305
135	315
135	441
135	952
136	540
136	591
136	827
136	884
136	955
137	153
137	169
137	173
137	238
137	279
137	299
137	333
137	609
137	707
137	733
138	165
138	174
138	202
138	328
138	368
138	371
138	384
138	404
138	548
138	718
138	724
138	875
139	162
139	171
139	265
139	277
139	278
139	284
139	386
139	474
139	483
139	735
139	805
139	874
140	159
140	373
140	451
140	534
140	586
140	605
140	665
140	721
140	898
140	930
140	952
141	222
141	403
141	485
141	529
142	158
142	215
142	298
142	462
142	608
142	911
143	144
143	169
143	258
143	523
143	561
143	591
143	661
143	829
144	168
144	303
144	354
144	512
144	523
144	661
145	188
145	190
145	198
145	199
145	231
145	310
145	367
145	662
145	737
145	944
146	158
146	181
146	242
146	271
146	353
146	388
146	483
146	913
147	244
147	517
147	825
148	263
148	363
148	404
148	453
148	520
148	599
148	700
148	823
148	844
149	161
149	171
149	277
149	326
149	340
149	409
149	671
149	686
149	828
149	880
149	958
149	983
150	196
150	274
150	346
150	349
150	401
150	551
150	653
150	704
150	841
150	917
151	152
151	276
151	446
151	459
151	559
151	598
152	172
152	188
152	260
152	491
152	595
152	719
152	739
152	796
153	173
153	229
153	238
153	266
153	279
153	299
153	492
153	713
153	738
153	761
154	175
154	206
154	213
154	356
154	497
154	508
154	588
154	643
154	749
154	970
155	156
155	268
155	323
155	397
155	403
155	621
156	167
156	224
156	323
157	212
157	326
157	419
158	165
158	197
158	271
158	406
158	789
158	812
159	304
159	425
159	451
159	503
159	534
159	856
159	860
159	898
159	952
159	967
160	251
160	559
160	611
160	635
161	296
161	438
162	171
162	264
162	265
162	266
162	277
162	278
162	474
162	566
162	621
162	889
163	181
163	230
163	237
163	412
163	503
163	541
163	922
164	183
164	218
164	244
164	269
164	289
164	339
164	439
164	562
164	750
164	941
164	994
165	174
165	202
165	303
165	368
165	371
165	384
165	548
165	724
166	178
166	189
166	249
166	272
166	387
166	485
166	626
166	737
166	822
167	181
167	257
167	267
167	379
167	447
167	583
167	808
167	888
168	187
168	340
168	545
168	690
168	930
168	983
169	472
169	638
170	251
170	405
170	422
170	424
170	582
170	592
170	676
170	684
170	730
170	826
170	830
170	861
171	266
171	284
171	509
171	621
171	689
171	896
171	976
172	331
172	367
172	491
172	839
172	884
172	971
173	238
173	246
173	279
173	299
173	733
174	202
174	368
174	371
174	384
174	548
174	702
174	750
174	949
175	208
176	184
176	338
176	398
176	501
176	554
176	577
176	693
176	712
176	854
177	343
177	455
177	533
177	646
177	671
177	918
177	947
177	989
178	189
178	200
178	252
178	272
178	485
178	574
178	626
178	822
178	987
179	182
179	505
179	610
179	687
179	818
179	834
179	836
179	848
179	887
180	214
180	241
180	394
181	197
181	298
181	483
181	789
182	610
182	683
182	687
182	818
182	834
182	836
182	848
182	887
183	218
183	244
183	269
183	289
183	540
183	562
183	821
184	224
184	369
184	554
184	633
184	772
184	906
184	920
185	225
185	255
185	375
185	407
185	440
185	539
185	677
185	874
185	980
186	220
186	262
186	604
186	645
186	731
186	732
186	755
186	918
186	942
187	221
187	415
187	480
187	487
187	502
187	794
187	891
188	224
188	367
189	249
189	303
189	384
189	387
189	574
189	626
189	703
190	198
190	231
190	236
190	237
190	484
190	618
190	662
190	944
191	458
191	627
191	771
192	211
192	243
192	433
192	458
192	612
192	723
192	746
192	791
192	792
192	936
193	217
193	360
193	410
193	625
193	695
193	759
193	973
194	203
194	307
194	365
194	432
194	462
194	498
194	735
194	950
194	951
194	998
195	248
195	293
195	320
195	440
195	555
195	559
195	632
195	650
195	686
195	802
195	959
196	274
196	346
196	349
196	502
196	708
196	784
196	875
196	917
196	972
197	216
197	234
197	298
197	575
198	310
198	329
198	745
198	842
199	205
199	310
199	378
199	395
199	534
199	754
200	450
200	489
201	354
202	368
202	384
202	402
202	718
202	853
202	938
203	462
203	498
203	508
203	735
203	756
203	837
203	951
203	998
204	226
204	400
204	576
204	720
204	766
204	839
204	890
204	912
205	259
205	399
206	213
206	314
206	356
206	497
206	588
206	749
206	864
207	252
207	281
207	317
207	550
207	563
207	667
207	668
207	730
207	850
208	449
209	454
209	584
209	884
210	313
210	364
210	413
210	442
210	530
210	579
210	883
210	905
210	941
211	243
211	270
211	433
211	450
211	612
211	715
211	734
212	469
212	598
212	775
213	356
213	497
213	508
213	642
213	643
213	749
213	864
214	245
214	256
214	335
214	348
214	527
214	531
214	919
215	271
215	320
215	549
215	634
215	785
215	902
216	222
216	302
216	435
216	448
216	558
216	816
216	843
217	356
217	360
217	431
217	601
217	802
217	996
218	244
218	289
218	540
218	562
218	821
218	885
219	232
220	261
220	262
220	327
220	465
220	495
220	778
220	993
221	340
221	415
221	513
221	690
221	721
221	800
222	302
222	623
222	647
222	752
222	912
222	990
223	533
224	260
224	577
224	664
224	783
225	255
225	375
225	407
225	440
225	539
225	677
225	980
225	994
226	351
226	371
226	388
226	576
226	714
226	720
226	766
226	890
226	921
227	292
227	370
227	393
227	449
228	386
228	475
228	515
228	722
228	725
228	840
228	882
228	928
229	339
229	421
229	472
229	524
229	611
229	846
229	977
231	236
231	268
231	277
231	329
231	380
232	288
232	380
232	393
232	654
233	352
233	584
233	708
233	899
234	287
234	481
235	335
235	504
235	578
235	849
236	329
236	627
236	770
237	429
237	837
238	295
238	299
238	727
239	571
239	828
239	902
240	280
240	285
240	369
240	417
240	517
240	581
240	894
241	342
242	257
242	359
242	382
242	467
242	618
242	680
242	869
243	270
243	433
243	687
243	715
244	315
244	439
244	681
244	885
245	256
245	471
245	527
245	669
245	765
245	767
245	915
246	301
246	411
247	252
247	269
247	557
247	598
247	658
247	667
247	668
247	702
247	730
248	293
248	320
248	555
248	632
248	685
248	959
249	272
249	387
249	485
249	574
250	282
250	323
252	317
252	323
252	557
252	563
252	658
252	744
253	340
255	375
255	407
255	429
255	440
255	874
256	335
256	527
256	530
256	544
256	892
257	359
257	382
257	541
257	564
257	618
257	803
258	354
258	661
258	683
258	966
260	331
260	742
261	620
261	757
261	778
262	327
262	351
262	522
262	723
262	955
263	453
263	520
263	536
263	597
263	599
264	347
264	408
264	477
264	492
264	641
264	764
265	284
265	386
265	689
265	795
266	278
266	474
266	637
266	805
267	332
267	554
267	583
267	865
268	294
268	682
269	289
269	315
269	322
269	681
269	994
270	450
270	806
270	936
271	809
271	866
272	485
272	703
273	293
273	527
274	310
274	311
274	346
274	349
274	858
274	975
276	604
277	278
277	386
277	976
278	284
278	528
279	358
279	518
279	596
280	309
280	366
280	705
280	790
280	899
280	986
281	465
282	657
282	748
282	888
283	313
283	854
283	859
284	528
285	291
285	369
285	417
285	926
286	382
286	408
286	486
286	904
286	929
286	947
287	728
287	768
288	296
288	810
289	315
289	750
289	858
290	751
291	340
291	532
291	556
291	857
291	926
292	337
292	504
292	541
293	320
293	632
293	650
293	747
293	802
294	504
295	343
295	370
296	883
297	689
298	473
298	532
300	374
300	660
301	570
301	628
301	777
301	925
302	417
302	448
302	475
302	816
302	900
303	829
303	935
305	326
305	490
305	535
306	901
307	432
307	454
307	462
307	592
307	735
307	756
307	837
308	849
308	851
308	946
309	366
309	372
309	437
309	729
309	790
309	832
309	843
310	395
311	349
311	471
311	551
311	652
311	712
311	841
311	858
312	544
312	590
312	971
313	364
313	413
313	457
313	579
313	589
313	846
314	409
314	521
314	560
314	891
315	439
315	540
315	572
315	994
316	514
316	935
317	557
317	563
317	658
317	850
318	426
318	459
318	555
319	578
319	636
320	555
320	685
321	362
321	471
321	487
321	686
321	698
322	389
323	623
324	334
324	458
325	347
325	475
325	492
325	538
326	880
327	351
328	454
328	493
328	506
328	607
328	740
328	820
329	385
329	516
329	580
330	523
330	798
331	421
331	783
332	622
332	740
332	948
333	713
333	738
333	972
334	393
334	423
334	835
335	336
335	401
335	526
335	530
336	348
336	526
336	669
336	767
336	774
338	625
339	469
339	524
339	678
339	682
340	460
343	383
344	429
344	436
344	541
344	666
345	443
345	547
345	617
345	734
345	751
345	985
346	349
346	473
346	917
347	663
347	968
348	774
348	915
348	964
349	391
349	784
350	911
351	495
351	615
351	788
352	595
353	663
354	935
355	401
355	793
355	886
356	508
356	643
357	783
358	501
359	382
359	680
359	692
360	601
361	644
362	482
362	782
362	958
363	389
363	404
363	453
363	599
364	561
364	844
364	883
364	905
365	379
365	546
366	573
366	753
366	842
366	899
367	414
367	630
368	371
368	785
369	926
369	975
370	690
370	886
371	637
372	573
372	705
372	753
372	899
373	382
373	451
373	721
373	856
373	967
375	539
375	713
375	874
376	624
377	470
377	797
377	925
377	945
378	380
378	395
378	519
379	496
379	626
380	590
381	418
381	468
381	503
382	618
382	803
383	525
383	659
385	484
385	752
385	799
386	689
388	400
388	442
388	720
388	890
389	773
390	468
391	421
391	678
391	696
393	640
394	963
395	428
395	614
396	852
397	567
397	799
398	500
398	513
398	825
399	466
400	442
400	582
400	766
401	652
401	704
401	972
402	464
402	665
404	833
404	844
405	509
405	582
405	684
405	826
406	924
407	440
407	535
407	677
408	455
408	459
408	533
409	502
409	531
409	877
410	625
410	636
410	995
411	563
412	537
412	591
413	457
413	561
413	883
414	776
415	528
415	824
417	581
417	857
418	463
418	542
418	572
419	893
420	493
420	506
420	562
420	672
420	740
420	741
421	635
421	977
422	424
422	582
422	592
422	676
423	464
423	675
424	676
424	782
424	861
424	940
425	665
425	860
425	898
425	952
426	989
427	757
427	826
428	516
428	701
428	773
428	774
429	862
431	636
431	813
432	837
432	979
433	791
433	792
434	495
434	788
434	942
435	699
435	865
435	877
435	912
436	470
436	628
436	710
436	797
437	573
437	753
437	790
437	851
438	441
439	562
439	750
441	529
442	467
442	576
442	839
443	507
443	619
443	985
445	466
447	920
447	939
448	484
448	793
448	978
449	659
450	612
450	791
451	534
451	860
452	711
453	922
453	927
455	533
455	547
455	671
456	821
457	579
457	589
457	980
457	991
460	652
460	824
461	752
462	635
462	979
464	982
470	641
470	663
471	526
471	669
471	919
472	611
472	635
472	682
473	988
474	896
475	631
475	722
475	928
476	628
476	908
477	569
477	660
477	777
478	585
478	639
478	743
479	612
480	753
483	1000
486	671
486	691
486	989
487	800
488	946
489	986
490	522
490	933
491	801
492	641
493	607
493	710
495	896
496	865
497	588
498	601
498	756
498	951
500	608
500	693
505	535
505	818
505	836
506	741
507	650
507	742
507	751
507	769
508	588
510	942
511	781
513	521
515	552
515	914
515	999
516	639
516	651
516	813
517	544
517	694
518	585
518	609
519	903
520	823
524	670
526	581
526	964
527	838
530	531
530	669
531	754
531	838
532	716
532	873
534	605
537	592
537	886
538	945
539	980
540	681
544	615
544	664
545	817
546	603
547	734
547	746
550	557
550	658
550	730
551	653
551	704
551	886
552	631
552	928
552	999
553	852
554	906
555	685
556	861
556	873
556	960
557	873
558	673
558	900
560	833
561	589
561	941
563	668
564	680
564	803
564	869
566	606
567	623
567	763
568	574
568	586
568	647
569	663
569	749
570	641
571	816
573	986
576	714
576	814
579	589
581	857
582	809
585	727
587	703
590	662
590	737
592	861
593	842
593	863
593	944
594	996
597	606
597	844
597	927
599	700
602	646
603	670
605	665
605	967
607	672
609	707
610	683
610	834
611	678
613	954
614	650
614	754
618	692
619	742
619	746
619	751
619	963
621	819
621	961
623	657
624	669
627	813
628	660
629	973
630	796
631	882
631	999
632	650
633	712
634	646
634	904
637	938
638	956
639	831
639	832
640	777
641	967
643	970
645	755
645	778
645	914
646	918
646	929
648	855
649	910
652	784
652	875
653	743
653	858
653	972
654	998
655	676
659	882
660	777
665	744
667	702
667	744
667	823
668	850
670	977
672	710
672	820
673	679
678	736
683	687
684	782
688	870
691	989
692	869
693	872
696	741
696	846
700	796
701	773
702	744
705	843
706	948
709	847
710	741
714	839
718	932
719	907
721	856
722	725
722	906
723	806
725	914
727	959
731	798
732	947
734	746
740	820
742	769
755	888
764	927
764	968
767	964
769	985
770	958
774	919
780	820
781	828
782	830
801	946
802	959
805	889
806	905
808	953
810	904
813	832
817	855
819	961
821	885
826	830
838	892
840	882
840	914
840	997
841	875
843	986
847	862
847	993
848	887
849	854
864	970
867	944
869	913
881	981
889	961
892	915
894	975
896	976
898	965
900	969
905	941
908	996
930	969
945	964
979	998
