1	2
1	3
1	5
1	6
1	8
1	10
1	14
1	17
1	19
1	25
1	30
1	32
1	34
1	37
1	38
1	41
1	42
1	49
1	55
1	57
1	65
1	69
1	81
1	83
1	92
1	95
1	98
1	99
1	101
1	106
1	114
1	127
1	128
1	143
1	147
1	149
1	155
1	158
1	167
1	175
1	188
1	192
1	197
1	209
1	232
1	236
1	241
1	257
1	259
1	266
1	274
1	303
1	305
1	309
1	318
1	324
1	328
1	335
1	342
1	368
1	383
1	390
1	393
1	395
1	405
1	407
1	409
1	478
1	489
1	552
1	558
1	570
1	592
1	602
1	616
1	621
1	643
1	648
1	667
1	669
1	676
1	681
1	710
1	753
1	778
1	794
1	845
1	855
1	857
1	902
1	921
1	944
2	3
2	6
2	8
2	10
2	11
2	14
2	19
2	25
2	27
2	30
2	31
2	32
2	34
2	37
2	38
2	41
2	42
2	43
2	49
2	50
2	53
2	55
2	60
2	69
2	81
2	83
2	95
2	96
2	99
2	106
2	107
2	109
2	114
2	127
2	128
2	155
2	167
2	175
2	176
2	192
2	197
2	209
2	229
2	232
2	236
2	241
2	257
2	259
2	266
2	269
2	272
2	274
2	298
2	305
2	309
2	324
2	328
2	335
2	361
2	368
2	371
2	377
2	383
2	405
2	406
2	407
2	409
2	427
2	435
2	470
2	482
2	497
2	554
2	558
2	561
2	570
2	587
2	592
2	612
2	616
2	642
2	669
2	681
2	685
2	710
2	725
2	744
2	855
2	921
2	964
2	965
3	4
3	5
3	6
3	8
3	10
3	13
3	14
3	16
3	19
3	25
3	30
3	32
3	34
3	37
3	38
3	41
3	42
3	49
3	50
3	55
3	69
3	81
3	83
3	86
3	95
3	99
3	101
3	106
3	114
3	124
3	126
3	127
3	128
3	136
3	137
3	142
3	155
3	159
3	167
3	175
3	192
3	197
3	209
3	219
3	232
3	236
3	241
3	257
3	259
3	266
3	277
3	298
3	305
3	324
3	328
3	335
3	361
3	363
3	368
3	377
3	384
3	393
3	405
3	407
3	482
3	489
3	538
3	552
3	561
3	570
3	602
3	612
3	618
3	642
3	643
3	645
3	648
3	669
3	676
3	685
3	722
3	741
3	764
3	776
3	826
3	896
3	932
3	964
3	968
4	5
4	7
4	9
4	16
4	18
4	20
4	21
4	22
4	24
4	26
4	37
4	46
4	47
4	50
4	52
4	58
4	60
4	63
4	67
4	68
4	72
4	80
4	82
4	89
4	90
4	104
4	111
4	119
4	121
4	124
4	143
4	157
4	159
4	169
4	185
4	188
4	189
4	196
4	210
4	213
4	222
4	236
4	244
4	246
4	256
4	258
4	294
4	302
4	321
4	322
4	329
4	335
4	352
4	353
4	355
4	384
4	422
4	427
4	430
4	434
4	439
4	452
4	475
4	514
4	563
4	586
4	626
4	658
4	663
4	679
4	682
4	696
4	706
4	718
4	726
4	748
4	772
4	797
4	805
4	816
4	831
4	862
4	923
4	936
4	981
5	7
5	9
5	16
5	18
5	19
5	21
5	24
5	26
5	28
5	30
5	31
5	36
5	42
5	46
5	49
5	50
5	53
5	58
5	60
5	63
5	67
5	68
5	72
5	77
5	82
5	83
5	89
5	92
5	124
5	131
5	143
5	157
5	159
5	167
5	169
5	185
5	188
5	189
5	192
5	196
5	210
5	213
5	222
5	244
5	246
5	256
5	258
5	287
5	314
5	321
5	352
5	353
5	355
5	369
5	370
5	384
5	409
5	414
5	430
5	460
5	485
5	514
5	524
5	563
5	576
5	580
5	582
5	658
5	682
5	694
5	696
5	706
5	718
5	726
5	751
5	805
5	809
5	816
5	882
5	883
5	890
5	988
6	8
6	10
6	12
6	13
6	14
6	19
6	25
6	30
6	32
6	34
6	37
6	38
6	41
6	42
6	45
6	49
6	55
6	66
6	69
6	71
6	81
6	83
6	86
6	89
6	95
6	99
6	127
6	128
6	154
6	155
6	167
6	175
6	180
6	197
6	202
6	209
6	227
6	232
6	236
6	241
6	257
6	266
6	298
6	299
6	305
6	309
6	324
6	328
6	340
6	377
6	383
6	393
6	396
6	405
6	406
6	407
6	445
6	467
6	482
6	489
6	541
6	558
6	576
6	582
6	587
6	598
6	602
6	643
6	710
6	741
6	754
6	762
6	764
6	774
6	777
6	826
6	855
6	922
7	11
7	16
7	18
7	20
7	21
7	22
7	24
7	26
7	40
7	46
7	47
7	50
7	54
7	58
7	59
7	60
7	63
7	64
7	67
7	68
7	72
7	73
7	82
7	89
7	100
7	124
7	132
7	133
7	143
7	157
7	159
7	169
7	185
7	188
7	196
7	200
7	210
7	213
7	222
7	244
7	246
7	256
7	258
7	294
7	302
7	321
7	337
7	339
7	352
7	353
7	355
7	369
7	384
7	387
7	430
7	449
7	514
7	524
7	576
7	658
7	663
7	679
7	682
7	686
7	706
7	742
7	786
7	790
7	816
7	853
7	856
7	874
7	877
7	923
7	936
8	10
8	14
8	19
8	25
8	30
8	32
8	34
8	37
8	38
8	41
8	42
8	43
8	47
8	49
8	55
8	58
8	69
8	81
8	83
8	95
8	99
8	106
8	113
8	114
8	127
8	128
8	155
8	167
8	175
8	192
8	197
8	208
8	209
8	236
8	238
8	241
8	257
8	259
8	274
8	298
8	305
8	324
8	335
8	336
8	349
8	393
8	407
8	487
8	502
8	508
8	546
8	552
8	584
8	592
8	612
8	648
8	676
8	685
8	698
8	713
8	738
8	753
8	762
8	776
8	794
8	826
8	896
8	898
8	940
8	964
9	11
9	12
9	13
9	14
9	15
9	17
9	20
9	22
9	23
9	27
9	31
9	33
9	38
9	39
9	51
9	52
9	54
9	59
9	88
9	97
9	103
9	110
9	117
9	120
9	123
9	128
9	140
9	145
9	147
9	162
9	190
9	202
9	216
9	223
9	287
9	290
9	317
9	323
9	325
9	338
9	376
9	380
9	381
9	389
9	394
9	398
9	400
9	415
9	454
9	473
9	481
9	539
9	547
9	594
9	623
9	624
9	629
9	638
9	653
9	659
9	696
9	729
9	740
9	772
9	777
9	833
9	863
9	890
9	909
9	920
9	958
10	12
10	13
10	14
10	15
10	19
10	25
10	27
10	28
10	30
10	31
10	32
10	34
10	37
10	38
10	40
10	41
10	42
10	49
10	55
10	69
10	81
10	83
10	95
10	99
10	106
10	109
10	114
10	127
10	128
10	133
10	140
10	149
10	155
10	167
10	192
10	209
10	227
10	236
10	241
10	257
10	259
10	298
10	305
10	309
10	324
10	335
10	357
10	406
10	489
10	500
10	515
10	541
10	554
10	570
10	578
10	587
10	598
10	616
10	618
10	642
10	643
10	736
10	754
10	794
10	902
10	905
10	921
11	12
11	13
11	15
11	17
11	20
11	22
11	23
11	27
11	29
11	30
11	31
11	36
11	49
11	51
11	52
11	54
11	65
11	85
11	103
11	110
11	115
11	117
11	138
11	140
11	145
11	147
11	162
11	174
11	179
11	190
11	194
11	197
11	203
11	216
11	223
11	245
11	249
11	281
11	282
11	287
11	296
11	300
11	305
11	311
11	316
11	347
11	380
11	381
11	384
11	388
11	389
11	400
11	415
11	472
11	486
11	547
11	596
11	653
11	680
11	728
11	777
11	791
11	817
11	820
11	827
11	928
11	956
12	13
12	15
12	17
12	18
12	20
12	22
12	23
12	27
12	31
12	51
12	52
12	53
12	54
12	56
12	57
12	63
12	78
12	94
12	103
12	110
12	117
12	140
12	145
12	147
12	162
12	184
12	190
12	203
12	205
12	216
12	217
12	223
12	225
12	249
12	252
12	325
12	337
12	375
12	380
12	388
12	389
12	394
12	400
12	410
12	412
12	425
12	458
12	518
12	547
12	549
12	594
12	638
12	653
12	655
12	686
12	693
12	719
12	743
12	799
12	839
12	888
12	930
12	971
13	15
13	17
13	18
13	20
13	21
13	22
13	23
13	27
13	31
13	32
13	36
13	38
13	48
13	51
13	52
13	54
13	103
13	110
13	117
13	125
13	140
13	145
13	147
13	150
13	162
13	176
13	190
13	203
13	209
13	216
13	219
13	223
13	236
13	249
13	287
13	344
13	346
13	348
13	359
13	388
13	389
13	400
13	407
13	415
13	418
13	422
13	457
13	486
13	506
13	593
13	655
13	659
13	680
13	719
13	737
13	858
13	890
13	909
13	922
13	953
13	958
14	17
14	19
14	25
14	26
14	30
14	32
14	34
14	37
14	38
14	41
14	42
14	49
14	55
14	58
14	65
14	69
14	81
14	83
14	95
14	99
14	106
14	114
14	127
14	128
14	146
14	155
14	197
14	209
14	232
14	236
14	241
14	266
14	274
14	328
14	368
14	377
14	388
14	399
14	482
14	501
14	519
14	541
14	554
14	561
14	587
14	592
14	612
14	616
14	642
14	660
14	709
14	754
14	774
14	845
14	855
14	902
14	910
14	944
14	967
15	17
15	20
15	22
15	23
15	24
15	27
15	31
15	38
15	39
15	51
15	52
15	54
15	59
15	62
15	71
15	103
15	110
15	117
15	140
15	145
15	147
15	190
15	216
15	249
15	273
15	296
15	300
15	317
15	328
15	333
15	364
15	368
15	381
15	400
15	418
15	446
15	462
15	538
15	547
15	643
15	680
15	681
15	684
15	728
15	729
15	791
15	799
15	803
15	811
15	840
15	866
15	930
15	958
15	960
15	971
16	18
16	19
16	21
16	24
16	26
16	36
16	46
16	50
16	58
16	59
16	60
16	63
16	67
16	68
16	72
16	82
16	84
16	89
16	124
16	143
16	157
16	159
16	169
16	185
16	189
16	196
16	210
16	213
16	241
16	244
16	258
16	294
16	321
16	324
16	352
16	468
16	476
16	518
16	524
16	542
16	576
16	594
16	662
16	663
16	679
16	686
16	772
16	797
16	830
16	914
16	924
16	955
17	20
17	22
17	23
17	27
17	31
17	34
17	44
17	51
17	52
17	53
17	54
17	87
17	97
17	103
17	110
17	117
17	138
17	145
17	147
17	162
17	190
17	203
17	218
17	229
17	233
17	240
17	249
17	275
17	287
17	296
17	300
17	325
17	332
17	388
17	394
17	415
17	417
17	418
17	486
17	517
17	594
17	603
17	789
17	847
17	866
17	900
17	905
17	922
17	930
18	21
18	24
18	26
18	41
18	46
18	50
18	51
18	58
18	60
18	63
18	67
18	68
18	72
18	82
18	89
18	111
18	124
18	143
18	148
18	157
18	159
18	185
18	188
18	189
18	210
18	213
18	246
18	256
18	258
18	302
18	321
18	352
18	384
18	395
18	402
18	450
18	524
18	551
18	576
18	620
18	629
18	703
18	726
18	809
18	856
18	990
19	25
19	30
19	32
19	34
19	37
19	38
19	41
19	42
19	49
19	55
19	69
19	81
19	83
19	95
19	99
19	106
19	108
19	114
19	127
19	128
19	137
19	145
19	167
19	175
19	192
19	194
19	197
19	204
19	259
19	262
19	270
19	322
19	335
19	409
19	648
19	681
19	685
19	733
19	822
19	842
19	898
20	22
20	23
20	27
20	31
20	51
20	52
20	54
20	58
20	103
20	110
20	117
20	131
20	140
20	149
20	157
20	162
20	178
20	190
20	203
20	210
20	217
20	223
20	247
20	249
20	283
20	287
20	296
20	307
20	325
20	354
20	380
20	381
20	400
20	426
20	644
20	654
20	701
20	777
20	791
20	838
20	858
20	922
21	24
21	25
21	26
21	42
21	46
21	50
21	58
21	60
21	63
21	67
21	68
21	72
21	82
21	86
21	103
21	120
21	157
21	159
21	169
21	172
21	182
21	185
21	196
21	210
21	222
21	258
21	294
21	353
21	369
21	430
21	530
21	563
21	582
21	636
21	648
21	658
21	679
21	696
21	719
21	790
21	809
22	23
22	27
22	31
22	51
22	52
22	54
22	63
22	67
22	76
22	103
22	110
22	117
22	123
22	140
22	145
22	147
22	162
22	164
22	190
22	203
22	223
22	253
22	257
22	296
22	300
22	318
22	374
22	380
22	389
22	415
22	502
22	594
22	680
22	728
22	729
22	755
22	890
22	971
23	27
23	31
23	35
23	41
23	46
23	51
23	52
23	54
23	73
23	82
23	103
23	110
23	117
23	145
23	147
23	162
23	185
23	195
23	203
23	223
23	243
23	249
23	281
23	300
23	313
23	315
23	325
23	380
23	394
23	418
23	642
23	655
23	672
23	719
23	840
23	858
23	866
23	885
24	26
24	46
24	50
24	53
24	58
24	63
24	67
24	68
24	72
24	82
24	89
24	115
24	118
24	121
24	124
24	143
24	157
24	159
24	169
24	189
24	190
24	196
24	210
24	220
24	222
24	246
24	256
24	266
24	294
24	369
24	391
24	514
24	563
24	582
24	626
24	686
24	718
24	739
24	930
25	30
25	32
25	34
25	37
25	38
25	41
25	42
25	45
25	47
25	49
25	55
25	60
25	69
25	81
25	83
25	95
25	99
25	103
25	114
25	127
25	135
25	141
25	155
25	211
25	221
25	232
25	259
25	274
25	298
25	361
25	677
25	681
25	710
25	857
25	897
25	905
26	46
26	50
26	58
26	60
26	63
26	67
26	68
26	70
26	72
26	82
26	89
26	108
26	143
26	169
26	185
26	187
26	189
26	196
26	239
26	244
26	261
26	302
26	312
26	350
26	352
26	353
26	369
26	391
26	466
26	487
26	582
26	586
26	626
26	655
26	797
26	877
26	936
27	31
27	43
27	51
27	52
27	54
27	56
27	103
27	110
27	117
27	142
27	145
27	147
27	162
27	164
27	192
27	203
27	216
27	228
27	264
27	296
27	298
27	300
27	303
27	325
27	345
27	455
27	542
27	561
27	602
27	607
27	638
27	671
27	710
27	856
28	29
28	42
28	45
28	48
28	78
28	79
28	82
28	85
28	86
28	87
28	91
28	129
28	131
28	136
28	139
28	146
28	153
28	263
28	327
28	333
28	336
28	341
28	351
28	362
28	371
28	401
28	423
28	427
28	453
28	454
28	471
28	532
28	545
28	591
28	608
28	635
28	748
28	927
28	987
29	36
29	45
29	48
29	54
29	74
29	78
29	79
29	85
29	86
29	87
29	91
29	131
29	136
29	139
29	146
29	153
29	196
29	323
29	330
29	333
29	336
29	362
29	371
29	427
29	453
29	545
29	649
29	667
29	700
29	807
29	817
29	861
29	893
29	904
29	974
29	983
29	987
29	996
30	32
30	33
30	34
30	37
30	38
30	41
30	42
30	45
30	49
30	55
30	61
30	69
30	81
30	83
30	106
30	108
30	114
30	128
30	192
30	193
30	383
30	490
30	552
30	826
30	845
30	851
30	896
30	905
31	51
31	52
31	54
31	83
31	103
31	110
31	117
31	124
31	126
31	136
31	140
31	145
31	147
31	155
31	372
31	381
31	418
31	528
31	530
31	653
31	699
31	799
31	824
31	840
31	909
32	34
32	36
32	37
32	38
32	41
32	42
32	49
32	55
32	72
32	95
32	99
32	106
32	111
32	127
32	175
32	195
32	241
32	287
32	404
32	406
32	487
32	496
32	558
32	753
32	879
33	36
33	51
33	76
33	88
33	109
33	116
33	138
33	168
33	198
33	237
33	253
33	284
33	290
33	318
33	319
33	379
33	395
33	413
33	428
33	449
33	455
33	456
33	537
33	542
33	567
33	581
33	631
33	652
33	674
33	765
33	868
33	899
33	907
33	988
34	37
34	38
34	42
34	43
34	44
34	49
34	55
34	88
34	95
34	99
34	114
34	232
34	274
34	279
34	336
34	361
34	507
34	554
34	609
34	612
34	706
34	764
34	845
34	857
35	40
35	43
35	50
35	57
35	87
35	94
35	111
35	120
35	141
35	151
35	165
35	187
35	231
35	249
35	308
35	376
35	460
35	488
35	498
35	528
35	533
35	556
35	611
35	638
35	660
35	703
35	751
35	761
35	810
35	820
35	863
35	909
35	914
35	954
35	976
36	61
36	73
36	80
36	101
36	108
36	175
36	179
36	211
36	215
36	224
36	243
36	280
36	331
36	347
36	392
36	465
36	475
36	503
36	508
36	553
36	603
36	604
36	606
36	695
36	871
36	895
36	931
36	952
36	972
37	38
37	41
37	42
37	49
37	55
37	69
37	81
37	92
37	99
37	175
37	197
37	302
37	377
37	388
37	487
37	631
37	716
37	804
37	898
37	944
37	971
38	41
38	42
38	49
38	55
38	69
38	95
38	130
38	155
38	193
38	197
38	360
38	368
38	383
38	406
38	552
38	598
38	618
38	799
39	41
39	51
39	56
39	64
39	72
39	84
39	90
39	110
39	134
39	156
39	166
39	181
39	194
39	251
39	270
39	374
39	419
39	429
39	467
39	502
39	509
39	535
39	670
39	694
39	740
39	744
39	756
39	775
39	823
39	824
39	878
39	934
40	43
40	52
40	57
40	94
40	111
40	120
40	141
40	151
40	165
40	173
40	183
40	187
40	231
40	308
40	325
40	452
40	472
40	488
40	498
40	611
40	660
40	667
40	703
40	751
40	761
40	810
40	818
40	834
40	863
40	864
41	55
41	62
41	81
41	83
41	106
41	114
41	127
41	192
41	205
41	257
41	266
41	309
41	315
41	534
41	762
41	776
41	959
42	49
42	55
42	83
42	95
42	106
42	114
42	200
42	231
42	266
42	361
42	368
42	382
42	487
42	503
42	614
42	618
43	55
43	57
43	83
43	94
43	120
43	141
43	151
43	165
43	215
43	231
43	308
43	376
43	452
43	472
43	498
43	528
43	556
43	611
43	660
43	761
43	818
43	820
43	864
43	914
43	954
43	961
44	56
44	59
44	74
44	91
44	102
44	119
44	145
44	164
44	176
44	245
44	266
44	338
44	346
44	349
44	365
44	417
44	462
44	468
44	477
44	585
44	624
44	644
44	673
44	720
44	924
44	929
44	942
44	950
44	962
44	981
45	48
45	69
45	78
45	79
45	85
45	86
45	87
45	104
45	121
45	131
45	136
45	139
45	146
45	153
45	162
45	330
45	362
45	471
45	480
45	537
45	635
45	700
45	714
45	807
45	815
45	861
45	927
46	50
46	58
46	60
46	63
46	64
46	68
46	72
46	81
46	82
46	89
46	134
46	135
46	169
46	185
46	188
46	213
46	244
46	302
46	327
46	384
46	524
46	790
46	874
47	53
47	71
47	121
47	126
47	154
47	191
47	214
47	301
47	343
47	356
47	397
47	412
47	414
47	491
47	525
47	549
47	593
47	651
47	722
47	733
47	780
47	792
47	836
47	838
47	841
47	915
47	926
47	963
48	78
48	79
48	85
48	86
48	87
48	131
48	136
48	139
48	146
48	147
48	268
48	341
48	351
48	371
48	386
48	401
48	427
48	480
48	497
48	655
48	669
48	684
48	700
48	714
48	828
48	873
48	974
49	52
49	55
49	69
49	81
49	95
49	97
49	114
49	155
49	175
49	309
49	328
49	410
49	489
49	887
50	89
50	124
50	125
50	143
50	169
50	188
50	189
50	210
50	213
50	246
50	258
50	355
50	627
50	680
50	772
50	805
50	829
50	874
50	877
51	52
51	54
51	62
51	103
51	110
51	131
51	140
51	162
51	163
51	216
51	273
51	287
51	289
51	388
51	389
51	402
52	54
52	103
52	139
52	155
52	209
52	223
52	288
52	311
52	424
52	436
52	631
52	659
52	730
52	997
53	71
53	121
53	126
53	191
53	214
53	285
53	301
53	306
53	343
53	345
53	356
53	397
53	412
53	414
53	481
53	525
53	593
53	615
53	722
53	733
53	836
53	915
53	926
54	110
54	117
54	140
54	168
54	216
54	254
54	282
54	319
54	394
54	486
54	659
54	712
54	753
54	906
55	56
55	69
55	81
55	161
55	405
55	409
55	425
55	494
55	637
55	761
56	64
56	84
56	90
56	134
56	156
56	181
56	194
56	242
56	251
56	270
56	294
56	374
56	413
56	429
56	467
56	482
56	509
56	535
56	670
56	694
56	824
56	837
57	67
57	94
57	111
57	120
57	141
57	151
57	165
57	231
57	308
57	376
57	452
57	460
57	472
57	482
57	498
57	505
57	667
57	703
57	721
57	854
57	954
57	976
58	63
58	67
58	68
58	72
58	82
58	89
58	124
58	188
58	235
58	258
58	293
58	302
58	543
58	663
58	843
59	91
59	102
59	119
59	164
59	176
59	183
59	243
59	338
59	346
59	417
59	462
59	468
59	477
59	570
59	571
59	585
59	661
59	720
59	731
59	735
59	929
59	962
60	63
60	67
60	68
60	72
60	75
60	124
60	129
60	132
60	143
60	157
60	189
60	190
60	246
60	355
60	706
60	898
60	923
61	73
61	80
61	101
61	108
61	150
61	179
61	211
61	224
61	243
61	392
61	451
61	465
61	475
61	508
61	553
61	571
61	581
61	597
61	606
61	639
61	695
61	829
61	830
61	921
61	931
62	70
62	74
62	75
62	135
62	178
62	228
62	261
62	310
62	339
62	386
62	420
62	428
62	439
62	444
62	483
62	532
62	584
62	601
62	614
62	617
62	639
62	738
62	767
63	67
63	82
63	89
63	120
63	124
63	188
63	251
63	279
63	294
63	512
63	514
63	590
63	626
64	79
64	84
64	90
64	134
64	156
64	171
64	181
64	251
64	270
64	374
64	378
64	429
64	467
64	527
64	535
64	673
64	740
64	775
64	823
64	824
64	837
64	878
65	77
65	92
65	98
65	118
65	123
65	186
65	221
65	233
65	276
65	283
65	456
65	505
65	517
65	534
65	557
65	613
65	622
65	656
65	709
65	768
65	781
65	953
65	975
66	78
66	82
66	94
66	96
66	170
66	173
66	289
66	292
66	359
66	402
66	440
66	458
66	478
66	575
66	577
66	657
66	664
66	690
66	812
66	814
66	832
66	892
66	908
66	957
67	68
67	82
67	89
67	157
67	185
67	188
67	213
67	244
67	321
67	535
67	562
67	867
68	82
68	143
68	159
68	189
68	212
68	300
68	355
68	366
68	405
68	430
68	586
68	877
68	992
69	83
69	140
69	171
69	274
69	308
69	351
69	563
69	741
69	774
70	74
70	95
70	126
70	135
70	178
70	180
70	248
70	310
70	339
70	386
70	420
70	483
70	532
70	584
70	617
70	639
70	738
70	767
70	806
70	913
70	951
70	980
71	121
71	126
71	191
71	204
71	214
71	237
71	285
71	301
71	343
71	356
71	358
71	383
71	397
71	412
71	414
71	481
71	593
71	651
71	733
71	886
72	82
72	89
72	105
72	213
72	235
72	244
72	256
72	369
72	545
72	586
72	696
73	80
73	101
73	108
73	110
73	179
73	210
73	211
73	224
73	280
73	285
73	347
73	465
73	475
73	503
73	553
73	597
73	604
73	750
73	895
74	135
74	147
74	152
74	162
74	178
74	180
74	261
74	310
74	316
74	339
74	420
74	483
74	584
74	601
74	614
74	639
74	767
74	980
74	986
75	100
75	104
75	107
75	161
75	181
75	183
75	206
75	231
75	237
75	262
75	271
75	309
75	410
75	543
75	630
75	736
75	831
75	876
75	943
75	966
75	969
76	88
76	109
76	168
76	198
76	200
76	237
76	253
76	318
76	379
76	403
76	405
76	413
76	449
76	455
76	537
76	600
76	899
76	907
76	916
76	988
77	86
77	92
77	98
77	118
77	122
77	123
77	233
77	283
77	438
77	443
77	517
77	548
77	668
77	889
77	918
77	935
77	946
77	953
77	982
77	994
78	79
78	85
78	86
78	136
78	146
78	153
78	362
78	371
78	386
78	453
78	574
78	611
78	647
78	684
78	714
78	860
79	86
79	87
79	116
79	118
79	146
79	239
79	327
79	333
79	341
79	427
79	471
79	545
79	591
79	748
79	828
80	101
80	179
80	224
80	243
80	254
80	280
80	347
80	486
80	503
80	532
80	547
80	553
80	603
80	695
80	829
80	830
80	952
81	155
81	167
81	185
81	393
81	794
81	944
82	99
82	116
82	143
82	222
83	98
83	128
83	175
83	469
83	598
84	90
84	93
84	134
84	156
84	181
84	194
84	307
84	429
84	467
84	502
84	509
84	526
84	586
84	744
84	823
84	837
85	86
85	102
85	107
85	131
85	139
85	152
85	153
85	336
85	341
85	351
85	401
85	454
85	768
85	860
86	87
86	136
86	146
86	153
86	336
86	367
86	828
86	861
86	873
87	131
87	133
87	136
87	157
87	242
87	336
87	362
87	401
87	817
87	860
87	974
87	987
88	109
88	138
88	180
88	237
88	253
88	284
88	319
88	330
88	413
88	449
88	456
88	537
88	652
88	674
88	899
88	970
89	157
89	159
89	166
89	169
89	531
89	695
90	134
90	156
90	181
90	194
90	251
90	270
90	394
90	430
90	461
90	509
90	514
90	670
90	694
90	740
90	775
91	102
91	119
91	161
91	164
91	176
91	190
91	218
91	462
91	571
91	644
91	673
91	720
91	731
91	924
91	981
92	98
92	118
92	123
92	168
92	283
92	361
92	438
92	505
92	546
92	557
92	781
92	935
92	975
92	994
93	97
93	102
93	103
93	220
93	242
93	496
93	510
93	523
93	540
93	637
93	641
93	734
93	766
93	808
93	882
93	949
93	979
93	993
94	120
94	141
94	151
94	165
94	205
94	308
94	380
94	460
94	488
94	494
94	528
94	810
94	863
95	261
95	361
95	598
96	173
96	214
96	220
96	289
96	292
96	359
96	393
96	402
96	440
96	458
96	507
96	577
96	657
96	664
96	832
96	908
97	150
97	225
97	408
97	411
97	464
97	504
97	519
97	579
97	755
97	933
97	941
97	967
97	977
97	997
98	118
98	123
98	128
98	221
98	291
98	438
98	505
98	517
98	548
98	557
98	622
98	656
98	768
99	106
99	185
99	191
99	409
99	943
100	104
100	107
100	161
100	170
100	262
100	271
100	543
100	718
100	736
100	743
100	747
100	798
100	802
100	831
100	879
100	943
101	108
101	224
101	232
101	243
101	280
101	392
101	475
101	508
101	603
101	606
101	705
101	775
102	119
102	176
102	179
102	203
102	417
102	468
102	477
102	571
102	644
102	731
102	735
102	942
102	962
103	104
103	309
104	107
104	161
104	262
104	271
104	410
104	736
104	743
104	879
104	951
104	959
104	969
104	989
105	116
105	142
105	144
105	177
105	184
105	202
105	245
105	254
105	299
105	354
105	378
105	433
105	518
105	626
105	645
105	897
106	167
106	177
106	191
106	241
106	488
107	161
107	271
107	410
107	453
107	630
107	711
107	879
107	943
107	951
107	959
107	966
107	969
108	179
108	211
108	243
108	253
108	392
108	503
108	508
108	604
108	871
108	972
109	138
109	203
109	225
109	284
109	319
109	379
109	395
109	538
109	631
109	868
109	907
109	988
110	167
110	485
111	120
111	139
111	141
111	151
111	165
111	231
111	556
111	676
111	854
111	864
111	976
112	279
112	320
112	390
112	420
112	437
112	447
112	484
112	501
112	569
112	634
112	640
112	678
112	725
112	758
112	872
112	989
113	200
113	205
113	215
113	228
113	263
113	311
113	313
113	425
113	446
113	577
113	721
113	727
113	852
113	891
113	948
114	246
114	358
114	644
115	133
115	240
115	267
115	275
115	331
115	492
115	507
115	632
115	691
115	697
115	749
115	910
115	947
115	956
116	144
116	177
116	184
116	202
116	299
116	378
116	433
116	518
116	569
116	724
116	827
116	903
117	136
117	379
117	381
117	978
118	123
118	209
118	221
118	283
118	342
118	517
118	613
118	918
118	953
118	975
119	163
119	164
119	246
119	338
119	417
119	477
119	571
119	673
119	787
119	924
119	950
120	141
120	231
120	308
120	751
120	820
120	854
120	938
121	214
121	271
121	343
121	481
121	525
121	549
121	615
121	780
121	838
121	926
122	132
122	142
122	149
122	170
122	269
122	277
122	296
122	424
122	440
122	448
122	474
122	607
122	629
122	798
122	804
123	146
123	221
123	233
123	557
123	622
123	768
123	889
123	935
123	995
124	127
124	145
124	856
125	163
125	203
125	317
125	359
125	366
125	493
125	495
125	530
125	531
125	533
125	707
125	802
125	937
126	164
126	191
126	214
126	301
126	414
126	525
126	615
126	651
126	963
127	209
127	527
127	732
128	139
128	167
128	192
129	183
129	187
129	198
129	201
129	226
129	288
129	360
129	506
129	522
129	705
129	806
129	870
129	939
130	158
130	218
130	247
130	270
130	416
130	445
130	497
130	590
130	596
130	737
130	846
130	851
130	886
130	998
131	252
131	330
131	333
131	480
131	893
131	974
132	142
132	170
132	269
132	277
132	306
132	396
132	485
132	580
132	672
132	717
132	798
132	889
133	267
133	275
133	331
133	398
133	492
133	513
133	632
133	884
133	910
133	956
134	181
134	194
134	270
134	374
134	429
134	585
134	704
134	934
135	174
135	180
135	261
135	386
135	420
135	439
135	601
135	639
135	986
136	333
136	480
136	815
136	873
137	152
137	201
137	239
137	254
137	338
137	382
137	450
137	588
137	595
137	627
137	839
137	984
138	168
138	198
138	253
138	290
138	318
138	395
138	433
138	542
138	652
139	327
139	333
139	471
139	591
139	691
139	700
140	546
140	773
141	151
141	165
141	324
141	376
141	556
141	793
142	170
142	269
142	277
142	306
142	332
142	424
142	463
142	727
142	792
143	376
143	975
144	177
144	184
144	199
144	202
144	245
144	258
144	299
144	378
144	433
144	510
144	645
144	897
145	216
146	239
146	371
146	401
146	684
146	983
147	601
148	255
148	294
148	304
148	323
148	325
148	330
148	501
148	609
148	646
148	666
148	711
148	783
149	170
149	306
149	424
149	463
149	474
149	485
149	672
149	792
149	847
150	225
150	411
150	504
150	519
150	573
150	688
150	933
150	941
150	977
150	997
151	231
151	351
151	472
151	528
151	565
151	703
152	239
152	254
152	382
152	450
152	566
152	588
152	595
152	622
152	627
152	839
153	330
153	447
153	454
153	471
153	548
153	815
153	896
154	156
154	227
154	281
154	334
154	459
154	581
154	589
154	687
154	821
154	843
154	875
156	181
156	194
156	251
156	473
156	502
156	720
156	744
157	583
158	189
158	218
158	247
158	416
158	497
158	590
158	596
158	663
158	737
158	846
158	880
159	189
159	196
159	222
160	322
160	340
160	342
160	466
160	515
160	558
160	739
160	760
160	825
160	867
160	932
160	961
160	999
161	184
161	262
161	410
161	616
161	743
161	831
161	951
162	840
163	317
163	366
163	495
163	530
163	531
163	533
163	674
163	707
163	802
163	901
164	176
164	346
164	417
164	929
164	942
164	950
165	206
165	231
165	460
165	666
165	818
165	984
166	171
166	204
166	240
166	265
166	350
166	419
166	473
166	474
166	527
166	539
166	793
167	420
168	253
168	284
168	290
168	395
168	561
168	631
168	674
168	868
169	313
169	871
169	933
170	269
170	277
170	306
170	377
170	448
170	580
170	607
171	186
171	204
171	217
171	240
171	265
171	314
171	419
171	436
171	527
171	750
172	234
172	272
172	278
172	312
172	316
172	404
172	516
172	550
172	676
172	773
172	978
173	267
173	292
173	402
173	440
173	478
173	575
173	577
173	763
173	814
174	291
174	303
174	396
174	521
174	608
174	779
174	828
174	865
174	883
174	965
175	331
176	499
176	585
176	624
176	673
176	981
177	178
177	184
177	202
177	207
177	245
177	299
177	518
177	827
178	180
178	339
178	341
178	439
178	483
178	584
178	913
179	211
179	392
179	465
179	931
179	982
180	261
180	310
180	339
180	523
180	704
180	913
181	251
181	270
181	326
181	699
182	207
182	252
182	273
182	364
182	394
182	441
182	457
182	759
182	786
182	800
182	834
183	187
183	201
183	226
183	360
183	470
183	506
183	522
183	806
184	202
184	245
184	653
184	827
184	897
184	903
186	385
186	435
186	529
186	574
186	610
186	636
186	650
186	731
186	992
186	995
187	201
187	226
187	288
187	506
187	522
187	705
187	939
188	225
188	360
189	715
191	285
191	414
191	484
191	780
191	841
193	208
193	421
193	494
193	671
193	677
193	724
193	732
193	764
193	862
194	242
194	251
194	878
195	250
195	358
195	461
195	534
195	623
195	625
195	819
195	825
195	870
196	356
196	791
197	692
198	237
198	290
198	318
198	319
198	413
198	456
198	941
199	235
199	444
199	564
199	580
199	763
199	771
199	801
199	844
199	960
199	990
200	205
200	263
200	313
200	446
200	784
200	803
200	891
201	204
201	226
201	288
201	360
201	470
201	506
201	705
202	299
202	378
202	518
202	652
204	217
204	265
204	314
204	350
204	419
204	491
205	228
205	263
205	313
205	425
205	446
205	734
206	326
206	432
206	536
206	715
206	747
206	925
206	937
206	938
206	968
207	237
207	252
207	364
207	441
207	567
207	638
207	759
207	786
207	957
208	415
208	421
208	494
208	671
208	677
208	723
208	724
208	904
208	912
210	486
211	224
211	340
211	347
211	555
211	695
212	260
212	297
212	403
212	422
212	431
212	465
212	649
212	693
212	887
212	945
213	277
213	521
214	247
214	285
214	356
214	525
214	913
215	264
215	349
215	367
215	476
215	619
215	620
215	787
215	955
216	223
217	240
217	314
217	392
217	436
217	842
217	906
218	247
218	354
218	445
218	846
218	858
218	998
219	337
219	357
219	520
219	565
219	782
219	788
219	811
219	880
220	242
220	496
220	540
220	637
220	808
220	979
220	993
221	233
221	248
221	268
221	505
221	709
222	235
222	463
222	610
223	480
224	280
224	347
224	606
224	788
225	408
225	411
225	573
225	579
225	977
226	470
226	599
226	602
226	617
226	705
226	939
227	281
227	459
227	589
227	621
227	843
227	894
227	999
228	311
228	313
228	425
228	752
228	891
228	903
229	315
229	370
229	372
229	560
229	683
229	885
229	900
229	928
230	348
230	364
230	366
230	493
230	526
230	572
230	716
230	795
230	946
230	1000
232	868
232	929
233	438
233	505
233	889
233	918
233	996
234	267
234	403
234	434
234	600
234	688
234	785
234	850
234	859
234	888
235	444
235	564
235	771
235	844
235	960
235	990
236	421
237	318
237	449
237	455
238	248
238	399
238	478
238	500
238	512
238	559
238	628
238	662
238	730
239	382
239	450
239	588
239	627
239	984
240	346
240	473
240	491
240	527
240	842
242	496
242	766
242	808
242	919
242	949
243	757
243	830
243	952
244	846
245	299
245	378
245	645
247	354
247	416
247	880
247	998
248	282
248	500
248	512
248	559
248	628
248	730
249	515
250	358
250	461
250	625
250	789
250	852
250	870
250	874
250	940
251	859
252	273
252	457
252	786
252	800
252	957
253	413
253	538
254	382
254	450
254	566
254	595
255	304
255	323
255	429
255	646
255	711
255	783
255	849
255	895
256	262
256	892
256	954
257	619
259	466
259	650
260	297
260	422
260	423
260	649
260	693
260	887
260	942
260	991
261	420
261	483
261	614
262	271
262	959
262	966
263	313
263	383
263	446
263	852
263	948
264	367
264	512
264	619
264	647
264	661
264	911
264	955
265	314
265	419
265	473
265	491
265	573
265	640
267	492
267	562
267	697
267	910
267	956
268	272
268	278
268	312
268	316
268	355
268	516
268	550
269	437
269	463
269	485
269	717
270	374
271	630
271	876
272	278
272	328
272	404
272	516
272	978
273	364
273	441
273	567
273	759
274	591
275	331
275	398
275	656
275	691
275	749
276	337
276	357
276	520
276	585
276	745
276	782
276	788
277	474
277	792
278	312
278	316
278	459
278	550
278	998
279	320
279	390
279	437
279	447
279	989
280	327
280	597
280	949
281	581
281	687
281	875
281	881
282	500
282	512
282	628
282	730
282	920
283	432
283	668
283	709
284	449
284	460
284	537
284	540
285	448
285	549
285	886
286	391
286	429
286	442
286	513
286	568
286	654
286	699
286	702
288	470
288	522
288	613
288	806
289	458
289	657
289	832
289	899
289	908
290	319
290	320
290	455
291	303
291	396
291	461
291	608
291	665
291	883
292	440
292	577
292	814
292	912
292	972
293	301
293	399
293	451
293	578
293	583
293	692
293	916
295	307
295	344
295	469
295	479
295	712
295	865
295	918
295	991
296	689
297	418
297	422
297	423
297	431
297	649
297	664
298	841
299	765
300	618
301	343
301	722
301	835
302	356
303	608
303	665
303	757
303	779
304	323
304	501
304	599
304	669
304	711
304	849
305	511
306	332
306	379
306	424
307	344
307	387
307	469
307	479
307	746
308	876
310	419
310	532
310	926
310	980
311	727
311	734
311	752
311	784
312	404
312	579
312	773
312	978
313	803
314	350
314	539
314	560
315	370
315	428
315	713
315	885
315	973
316	404
316	516
316	550
317	493
317	530
317	533
317	802
318	674
319	765
319	781
320	390
320	569
320	725
320	872
320	893
321	464
321	945
322	466
322	515
322	739
322	853
322	867
323	501
323	609
323	666
326	432
326	536
326	715
326	729
326	747
326	821
327	371
327	427
327	635
329	363
329	373
329	493
329	605
329	701
329	822
329	985
330	480
330	748
331	492
331	884
331	947
332	408
332	485
332	607
332	672
332	804
333	749
334	459
334	581
334	687
334	760
334	814
334	894
334	917
335	433
336	983
337	357
337	464
337	565
337	788
338	346
338	468
338	624
339	386
339	513
340	342
340	466
340	515
340	760
340	932
341	351
341	635
341	973
342	466
342	515
342	932
342	961
343	352
343	549
343	783
344	453
344	469
344	746
344	865
345	365
345	426
345	511
345	689
345	833
346	735
347	465
348	526
348	795
348	869
348	946
348	1000
349	476
349	647
349	675
349	787
350	436
350	793
350	805
351	453
353	454
353	633
354	445
354	497
354	851
356	593
357	520
357	565
357	745
358	461
358	534
358	623
359	402
359	458
359	507
360	506
360	522
362	454
362	628
363	373
363	490
363	605
363	633
363	985
364	457
364	567
365	426
365	511
365	544
365	784
365	848
366	495
366	835
366	937
367	458
367	620
367	647
367	756
369	504
370	372
370	428
370	713
370	973
372	713
372	900
372	915
372	928
373	490
373	614
373	701
373	754
373	778
374	869
375	451
375	578
375	583
375	692
375	723
375	901
376	452
377	401
378	690
379	455
379	765
381	682
382	839
382	984
385	435
385	479
385	498
385	574
385	770
385	992
386	439
387	479
387	712
387	865
387	991
387	1000
389	808
390	437
390	569
390	989
391	442
391	513
391	568
391	702
392	917
393	714
395	538
396	521
396	757
396	883
397	411
397	836
397	886
397	931
398	543
398	562
398	691
398	749
399	692
399	901
399	916
399	970
400	590
401	409
402	657
403	434
403	555
403	785
403	859
404	516
404	773
406	520
406	939
407	528
408	504
408	519
408	573
408	997
410	630
411	519
411	941
411	967
412	414
412	658
412	963
413	927
415	963
416	442
416	445
416	590
416	849
417	462
418	894
419	539
421	494
421	592
421	732
421	862
422	423
422	431
423	649
423	693
423	945
424	580
424	800
425	721
425	727
426	511
426	742
426	769
426	833
428	621
428	683
428	713
430	717
431	483
431	693
431	887
431	945
432	715
432	925
432	938
432	968
433	645
433	903
434	600
434	850
434	859
434	907
435	574
435	610
435	636
435	770
436	473
436	491
437	484
437	758
438	780
438	982
439	986
440	690
441	457
441	477
441	575
442	568
442	654
442	950
443	490
443	605
443	633
443	778
443	985
444	564
444	801
444	864
445	919
446	803
447	484
447	678
447	925
448	629
448	798
448	847
450	627
451	578
451	583
451	970
452	914
456	542
456	652
457	834
459	589
459	917
461	819
462	468
463	474
463	804
464	520
464	745
464	811
467	694
469	712
469	746
470	752
471	687
472	488
474	672
475	881
476	619
476	661
476	955
477	624
478	507
478	892
479	712
479	991
481	651
481	697
484	640
484	758
487	823
488	801
489	861
490	701
490	822
491	641
492	884
492	891
493	495
493	531
494	732
495	746
495	937
496	510
496	641
497	596
498	660
499	526
499	551
499	572
499	708
499	795
500	572
500	662
501	711
502	535
503	994
504	573
504	967
507	690
508	606
509	707
509	813
510	637
510	641
510	919
511	544
511	634
512	559
513	654
513	796
516	948
517	548
519	579
520	811
521	608
521	757
521	965
522	952
523	637
523	641
523	657
523	993
524	741
525	836
526	708
526	716
527	906
529	575
529	636
529	770
529	992
529	995
530	531
531	835
532	704
533	707
533	860
534	789
534	825
536	878
536	925
536	938
539	750
540	766
540	882
541	587
541	664
543	876
544	634
544	769
544	911
545	996
546	668
546	709
548	668
550	605
551	708
551	758
551	813
553	844
554	785
555	600
555	688
555	850
556	818
557	569
559	630
559	920
560	698
560	900
560	928
562	697
562	947
564	589
564	801
565	782
566	588
566	595
566	698
567	800
568	599
568	686
572	716
572	813
574	610
575	690
578	901
579	755
583	970
588	635
589	881
591	609
595	964
596	737
597	632
597	972
599	699
599	702
600	688
601	617
603	682
604	656
604	829
605	633
607	629
609	783
610	650
611	667
613	796
613	994
615	774
615	915
617	704
619	661
620	675
620	911
621	683
621	698
622	781
623	870
623	940
625	789
625	819
625	935
628	662
632	691
632	697
633	701
634	689
634	769
636	650
640	678
640	872
646	666
646	849
646	884
647	675
650	995
651	666
654	796
656	982
659	866
661	787
662	920
664	812
665	779
665	965
665	987
668	923
670	934
670	962
671	862
671	904
675	756
675	810
677	723
677	904
678	725
678	848
679	797
683	708
683	973
684	996
685	766
687	999
688	888
689	769
689	848
692	916
698	885
699	796
700	809
702	795
702	873
704	738
707	835
708	946
714	837
717	847
721	734
723	912
724	912
726	776
728	812
735	816
739	961
742	833
742	848
745	759
747	821
750	842
752	784
755	933
756	911
760	853
762	969
763	771
763	960
767	902
770	966
771	977
778	822
779	854
782	832
785	888
790	980
793	906
807	817
807	857
812	892
813	869
815	850
819	985
821	968
825	940
834	957
838	841
843	999
844	990
851	880
852	948
853	867
869	1000
871	895
872	958
875	894
875	934
881	917
882	979
893	927
908	983
919	949
936	947
976	979
986	993
