1	2
1	4
1	6
1	7
1	8
1	9
1	11
1	13
1	17
1	19
1	20
1	22
1	25
1	26
1	27
1	31
1	32
1	33
1	35
1	36
1	37
1	38
1	46
1	50
1	54
1	57
1	58
1	64
1	66
1	73
1	86
1	87
1	89
1	90
1	91
1	93
1	97
1	100
1	102
1	115
1	120
1	129
1	130
1	137
1	138
1	142
1	145
1	163
1	171
1	173
1	174
1	177
1	200
1	219
1	251
1	255
1	256
1	274
1	292
1	295
1	299
1	315
1	319
1	330
1	344
1	351
1	359
1	361
1	363
1	376
1	378
1	384
1	406
1	456
1	490
1	512
1	547
1	550
1	563
1	594
1	622
1	624
1	640
1	686
1	690
1	706
1	710
1	766
1	775
1	789
1	799
1	841
1	876
1	884
1	911
1	938
1	942
1	946
1	993
2	4
2	7
2	9
2	10
2	11
2	20
2	22
2	25
2	26
2	27
2	31
2	32
2	36
2	37
2	38
2	43
2	46
2	50
2	51
2	54
2	58
2	64
2	66
2	82
2	84
2	85
2	86
2	87
2	89
2	90
2	91
2	93
2	95
2	97
2	99
2	100
2	102
2	106
2	110
2	115
2	120
2	128
2	129
2	136
2	137
2	138
2	142
2	145
2	147
2	154
2	163
2	173
2	174
2	177
2	200
2	203
2	214
2	243
2	244
2	251
2	255
2	256
2	274
2	292
2	311
2	315
2	319
2	359
2	363
2	384
2	419
2	456
2	472
2	480
2	500
2	509
2	609
2	617
2	622
2	640
2	664
2	789
2	814
2	863
2	945
2	972
2	981
3	5
3	6
3	8
3	10
3	14
3	15
3	16
3	19
3	22
3	23
3	27
3	32
3	35
3	42
3	43
3	51
3	56
3	59
3	66
3	75
3	79
3	84
3	97
3	106
3	108
3	114
3	115
3	118
3	124
3	131
3	134
3	135
3	144
3	147
3	149
3	152
3	179
3	186
3	187
3	190
3	193
3	203
3	219
3	224
3	254
3	258
3	280
3	284
3	348
3	349
3	356
3	393
3	395
3	415
3	417
3	437
3	460
3	471
3	506
3	524
3	534
3	543
3	551
3	553
3	555
3	570
3	575
3	585
3	616
3	618
3	627
3	635
3	644
3	649
3	662
3	674
3	758
3	761
3	772
3	795
3	859
3	879
3	891
3	908
3	922
3	928
3	958
3	963
4	5
4	7
4	9
4	11
4	20
4	22
4	25
4	26
4	27
4	31
4	32
4	36
4	37
4	38
4	39
4	41
4	46
4	50
4	54
4	58
4	64
4	66
4	72
4	86
4	87
4	90
4	91
4	92
4	93
4	97
4	102
4	104
4	110
4	115
4	120
4	125
4	128
4	129
4	137
4	138
4	142
4	145
4	154
4	159
4	163
4	171
4	173
4	177
4	194
4	214
4	256
4	284
4	302
4	319
4	320
4	359
4	363
4	398
4	420
4	422
4	480
4	500
4	508
4	509
4	547
4	550
4	554
4	561
4	585
4	595
4	624
4	640
4	690
4	766
4	770
4	837
4	841
4	884
4	938
4	962
4	968
4	979
4	985
4	993
5	6
5	8
5	10
5	14
5	15
5	16
5	18
5	19
5	23
5	25
5	35
5	38
5	43
5	59
5	65
5	75
5	79
5	84
5	96
5	98
5	106
5	107
5	108
5	114
5	124
5	125
5	135
5	144
5	147
5	149
5	152
5	159
5	186
5	187
5	191
5	193
5	202
5	219
5	224
5	254
5	258
5	259
5	280
5	284
5	296
5	335
5	339
5	349
5	354
5	356
5	395
5	415
5	432
5	471
5	482
5	543
5	551
5	573
5	602
5	618
5	631
5	635
5	643
5	644
5	672
5	713
5	739
5	758
5	761
5	784
5	795
5	813
5	837
5	859
5	908
5	918
5	940
5	960
6	8
6	10
6	14
6	15
6	16
6	19
6	23
6	43
6	58
6	59
6	75
6	79
6	84
6	91
6	101
6	106
6	108
6	114
6	124
6	135
6	144
6	147
6	149
6	152
6	162
6	186
6	187
6	193
6	195
6	224
6	254
6	258
6	267
6	280
6	284
6	304
6	355
6	356
6	393
6	412
6	417
6	418
6	460
6	471
6	551
6	553
6	570
6	608
6	611
6	627
6	631
6	635
6	643
6	644
6	653
6	661
6	673
6	710
6	750
6	776
6	803
6	813
6	859
6	879
6	891
6	921
6	922
6	925
6	948
6	976
7	9
7	11
7	13
7	20
7	22
7	24
7	25
7	26
7	27
7	31
7	32
7	36
7	37
7	38
7	42
7	46
7	50
7	54
7	58
7	64
7	66
7	76
7	86
7	90
7	91
7	93
7	97
7	100
7	102
7	115
7	118
7	120
7	128
7	130
7	137
7	142
7	145
7	163
7	171
7	174
7	177
7	214
7	241
7	255
7	256
7	257
7	270
7	292
7	324
7	357
7	359
7	361
7	383
7	384
7	453
7	474
7	496
7	498
7	500
7	548
7	624
7	789
7	837
7	863
7	908
7	972
7	979
7	987
7	997
8	10
8	14
8	15
8	16
8	18
8	19
8	23
8	29
8	30
8	43
8	45
8	53
8	59
8	75
8	79
8	83
8	84
8	106
8	108
8	114
8	123
8	135
8	144
8	147
8	149
8	150
8	152
8	187
8	193
8	219
8	224
8	238
8	254
8	280
8	290
8	349
8	393
8	395
8	417
8	543
8	551
8	557
8	570
8	582
8	602
8	618
8	627
8	635
8	649
8	653
8	710
8	761
8	777
8	922
8	976
9	11
9	12
9	20
9	22
9	25
9	26
9	27
9	31
9	32
9	36
9	38
9	48
9	50
9	58
9	62
9	66
9	67
9	82
9	86
9	87
9	88
9	90
9	91
9	93
9	100
9	102
9	107
9	110
9	120
9	128
9	129
9	138
9	142
9	163
9	166
9	173
9	200
9	218
9	254
9	256
9	306
9	351
9	407
9	408
9	451
9	456
9	548
9	622
9	682
9	799
9	915
9	946
10	14
10	15
10	16
10	19
10	20
10	21
10	23
10	43
10	59
10	75
10	79
10	83
10	84
10	106
10	108
10	114
10	119
10	124
10	131
10	132
10	135
10	144
10	149
10	152
10	159
10	181
10	184
10	186
10	187
10	219
10	254
10	258
10	276
10	307
10	395
10	417
10	447
10	471
10	543
10	553
10	585
10	586
10	601
10	611
10	618
10	778
10	801
10	813
10	928
10	963
11	15
11	20
11	22
11	26
11	27
11	32
11	36
11	37
11	38
11	46
11	50
11	54
11	58
11	64
11	73
11	86
11	87
11	91
11	92
11	93
11	97
11	102
11	103
11	115
11	138
11	142
11	163
11	171
11	173
11	222
11	238
11	251
11	256
11	407
11	408
11	480
11	498
11	508
11	509
11	525
11	548
11	599
11	650
11	686
11	690
11	724
11	814
11	823
12	17
12	30
12	35
12	39
12	40
12	61
12	63
12	68
12	73
12	74
12	75
12	79
12	80
12	85
12	109
12	153
12	164
12	192
12	198
12	205
12	217
12	221
12	230
12	237
12	238
12	242
12	265
12	271
12	281
12	334
12	407
12	478
12	503
12	522
12	595
12	671
12	672
12	698
12	721
12	757
12	765
12	790
12	802
12	806
12	811
12	864
12	873
12	886
12	923
12	950
12	994
13	18
13	24
13	25
13	28
13	34
13	47
13	53
13	55
13	86
13	89
13	104
13	107
13	131
13	140
13	161
13	170
13	183
13	204
13	212
13	278
13	307
13	309
13	311
13	383
13	394
13	405
13	438
13	453
13	488
13	520
13	536
13	539
13	655
13	674
13	681
13	695
13	697
13	730
13	733
13	749
13	753
13	764
13	777
13	848
13	902
13	925
13	975
13	980
14	15
14	16
14	19
14	23
14	26
14	43
14	59
14	75
14	79
14	81
14	84
14	108
14	114
14	124
14	135
14	147
14	149
14	167
14	175
14	187
14	193
14	198
14	219
14	224
14	227
14	258
14	349
14	368
14	395
14	437
14	534
14	553
14	570
14	585
14	602
14	608
14	641
14	644
14	733
14	784
14	852
14	910
14	944
14	963
15	16
15	19
15	23
15	34
15	43
15	59
15	62
15	63
15	64
15	75
15	79
15	84
15	105
15	106
15	108
15	114
15	122
15	135
15	136
15	144
15	147
15	149
15	186
15	208
15	219
15	249
15	254
15	294
15	393
15	415
15	439
15	460
15	585
15	601
15	611
15	631
15	649
15	664
15	908
16	19
16	23
16	32
16	43
16	58
16	59
16	75
16	79
16	82
16	84
16	106
16	108
16	135
16	144
16	147
16	187
16	219
16	224
16	239
16	280
16	295
16	302
16	349
16	356
16	404
16	417
16	432
16	460
16	517
16	534
16	578
16	601
16	664
16	687
16	729
16	879
16	891
16	928
17	30
17	35
17	40
17	61
17	63
17	73
17	74
17	85
17	109
17	153
17	164
17	192
17	198
17	221
17	225
17	230
17	238
17	242
17	252
17	265
17	271
17	279
17	281
17	301
17	326
17	366
17	367
17	374
17	407
17	503
17	522
17	588
17	595
17	672
17	698
17	737
17	738
17	860
17	873
17	886
17	950
18	24
18	26
18	28
18	34
18	53
18	55
18	79
18	89
18	96
18	104
18	131
18	140
18	161
18	170
18	183
18	195
18	220
18	230
18	240
18	275
18	310
18	311
18	357
18	391
18	428
18	453
18	488
18	520
18	539
18	648
18	655
18	695
18	697
18	753
18	774
18	866
18	966
18	975
18	980
19	23
19	38
19	43
19	51
19	59
19	63
19	65
19	75
19	106
19	108
19	114
19	124
19	135
19	147
19	152
19	174
19	187
19	224
19	258
19	280
19	282
19	284
19	320
19	341
19	349
19	393
19	415
19	432
19	608
19	631
19	649
19	849
20	22
20	25
20	26
20	27
20	38
20	46
20	54
20	58
20	66
20	86
20	93
20	96
20	97
20	110
20	128
20	129
20	135
20	137
20	140
20	142
20	171
20	174
20	211
20	219
20	270
20	458
20	520
20	609
20	745
20	766
20	896
20	945
20	985
21	29
21	41
21	44
21	45
21	60
21	69
21	71
21	110
21	125
21	135
21	151
21	301
21	326
21	337
21	416
21	425
21	460
21	481
21	504
21	511
21	559
21	577
21	580
21	596
21	673
21	702
21	703
21	714
21	755
21	760
21	767
21	785
21	824
21	838
21	862
21	863
21	888
21	919
21	956
22	25
22	29
22	31
22	32
22	36
22	37
22	38
22	53
22	56
22	58
22	64
22	90
22	100
22	102
22	120
22	128
22	137
22	145
22	231
22	274
22	315
22	318
22	359
22	378
22	408
22	409
22	470
22	497
22	500
22	933
23	30
23	39
23	43
23	54
23	59
23	75
23	79
23	84
23	106
23	108
23	124
23	135
23	144
23	149
23	152
23	171
23	193
23	247
23	534
23	627
23	653
23	693
23	722
23	784
23	795
23	826
23	836
23	955
24	26
24	28
24	29
24	34
24	48
24	53
24	55
24	89
24	104
24	121
24	170
24	183
24	272
24	327
24	383
24	438
24	453
24	468
24	488
24	491
24	529
24	536
24	620
24	665
24	674
24	691
24	695
24	704
24	749
24	777
24	904
24	922
24	966
25	26
25	27
25	31
25	36
25	37
25	38
25	54
25	87
25	90
25	100
25	103
25	115
25	145
25	173
25	214
25	240
25	251
25	279
25	400
25	454
25	485
25	498
25	508
25	705
25	884
25	915
25	968
26	32
26	36
26	37
26	38
26	46
26	50
26	54
26	87
26	93
26	115
26	129
26	145
26	186
26	214
26	274
26	331
26	363
26	413
26	434
26	509
26	540
26	550
26	706
26	904
27	32
27	36
27	37
27	38
27	41
27	46
27	58
27	60
27	64
27	66
27	67
27	91
27	100
27	129
27	138
27	173
27	210
27	270
27	292
27	338
27	500
27	535
27	541
27	547
27	976
28	34
28	53
28	55
28	65
28	82
28	95
28	104
28	131
28	140
28	141
28	161
28	170
28	222
28	240
28	275
28	309
28	311
28	351
28	383
28	391
28	428
28	438
28	453
28	529
28	620
28	689
28	691
28	695
28	749
28	866
28	964
29	39
29	41
29	44
29	60
29	69
29	71
29	107
29	115
29	125
29	151
29	169
29	207
29	209
29	301
29	326
29	412
29	416
29	481
29	504
29	550
29	559
29	577
29	580
29	702
29	714
29	755
29	760
29	767
29	862
29	986
30	35
30	40
30	61
30	63
30	73
30	74
30	85
30	109
30	122
30	152
30	153
30	164
30	192
30	198
30	221
30	238
30	242
30	271
30	300
30	407
30	467
30	503
30	515
30	626
30	671
30	737
30	864
30	923
30	950
31	37
31	58
31	66
31	90
31	91
31	95
31	110
31	137
31	138
31	145
31	155
31	171
31	177
31	214
31	292
31	322
31	340
31	361
31	522
31	588
31	609
31	640
31	690
31	814
31	892
31	985
32	37
32	50
32	66
32	87
32	90
32	91
32	93
32	97
32	100
32	110
32	129
32	163
32	351
32	475
32	634
32	775
32	821
32	834
32	841
32	885
32	982
33	48
33	49
33	60
33	67
33	93
33	98
33	117
33	126
33	127
33	148
33	156
33	167
33	232
33	262
33	264
33	274
33	276
33	296
33	299
33	328
33	381
33	392
33	440
33	461
33	507
33	571
33	668
33	694
33	794
33	960
33	994
34	51
34	52
34	53
34	55
34	89
34	111
34	131
34	140
34	151
34	161
34	170
34	183
34	275
34	307
34	383
34	389
34	398
34	405
34	428
34	468
34	530
34	655
34	665
34	730
34	733
34	777
34	866
35	40
35	47
35	61
35	63
35	73
35	74
35	85
35	92
35	103
35	109
35	117
35	153
35	164
35	192
35	221
35	230
35	238
35	242
35	265
35	271
35	281
35	461
35	503
35	579
35	595
35	757
36	40
36	47
36	64
36	68
36	90
36	91
36	93
36	100
36	102
36	110
36	117
36	177
36	214
36	223
36	251
36	319
36	351
36	378
36	395
36	721
36	946
36	949
37	64
37	79
37	87
37	90
37	98
37	128
37	129
37	138
37	200
37	207
37	245
37	255
37	270
37	315
37	330
37	351
37	359
37	550
37	569
37	698
37	723
38	50
38	54
38	58
38	68
38	91
38	102
38	110
38	120
38	135
38	171
38	174
38	251
38	274
38	311
38	361
38	429
38	575
38	583
38	609
39	42
39	45
39	47
39	57
39	95
39	117
39	148
39	158
39	203
39	222
39	236
39	245
39	247
39	335
39	390
39	403
39	429
39	439
39	443
39	457
39	481
39	529
39	575
39	684
39	732
39	752
39	909
40	61
40	63
40	73
40	74
40	75
40	85
40	86
40	109
40	164
40	192
40	198
40	242
40	265
40	269
40	271
40	281
40	452
40	595
40	671
40	682
40	757
40	765
40	802
40	805
40	923
41	44
41	60
41	69
41	71
41	125
41	141
41	151
41	170
41	301
41	317
41	343
41	416
41	504
41	577
41	589
41	603
41	646
41	714
41	720
41	726
41	755
41	775
41	862
41	901
41	903
41	986
42	45
42	47
42	57
42	95
42	117
42	148
42	197
42	203
42	236
42	247
42	335
42	355
42	390
42	403
42	429
42	439
42	443
42	503
42	684
42	724
42	732
42	782
42	804
42	845
42	909
42	951
42	978
43	49
43	51
43	59
43	75
43	79
43	101
43	106
43	114
43	144
43	152
43	214
43	415
43	432
43	635
43	649
43	653
43	664
43	990
43	996
44	60
44	65
44	69
44	71
44	125
44	132
44	151
44	153
44	242
44	301
44	314
44	326
44	373
44	481
44	527
44	559
44	568
44	573
44	577
44	646
44	673
44	798
44	901
44	919
44	928
44	986
45	47
45	55
45	57
45	60
45	95
45	112
45	117
45	127
45	148
45	203
45	245
45	247
45	335
45	378
45	390
45	392
45	403
45	443
45	575
45	684
45	782
45	832
45	871
45	872
45	974
46	49
46	54
46	58
46	66
46	74
46	86
46	87
46	93
46	97
46	102
46	126
46	129
46	137
46	236
46	241
46	256
46	397
46	563
46	837
46	968
47	57
47	95
47	102
47	117
47	148
47	203
47	228
47	236
47	245
47	247
47	335
47	390
47	403
47	429
47	439
47	561
47	684
47	724
47	782
47	872
47	909
47	913
48	49
48	67
48	98
48	126
48	127
48	167
48	232
48	264
48	265
48	276
48	282
48	296
48	350
48	375
48	381
48	440
48	452
48	461
48	479
48	571
48	594
48	668
48	734
48	759
48	952
49	67
49	98
49	117
49	126
49	127
49	154
49	167
49	262
49	264
49	273
49	296
49	315
49	375
49	392
49	457
49	461
49	480
49	507
49	571
49	594
49	597
49	867
49	994
50	54
50	64
50	77
50	86
50	97
50	128
50	165
50	174
50	177
50	212
50	319
50	333
50	408
50	439
50	547
50	548
50	799
51	52
51	76
51	83
51	99
51	100
51	159
51	206
51	291
51	321
51	340
51	343
51	352
51	389
51	679
51	709
51	718
51	781
51	783
51	916
51	929
51	981
52	76
52	83
52	99
52	159
52	206
52	291
52	321
52	340
52	343
52	352
52	389
52	463
52	466
52	587
52	679
52	694
52	702
52	739
52	781
52	793
52	892
52	916
52	957
52	981
53	55
53	89
53	131
53	170
53	186
53	240
53	275
53	281
53	307
53	309
53	387
53	468
53	515
53	529
53	648
53	665
53	764
53	902
53	970
54	64
54	86
54	87
54	97
54	113
54	200
54	334
54	408
54	456
54	498
54	645
54	738
54	936
55	89
55	104
55	112
55	121
55	140
55	213
55	307
55	309
55	356
55	409
55	468
55	488
55	520
55	536
55	636
55	648
55	691
55	764
56	62
56	65
56	72
56	88
56	100
56	146
56	205
56	210
56	239
56	328
56	345
56	396
56	455
56	502
56	518
56	527
56	565
56	591
56	699
56	701
56	830
56	846
56	875
57	95
57	117
57	128
57	144
57	148
57	155
57	165
57	203
57	236
57	245
57	247
57	255
57	267
57	335
57	429
57	439
57	443
57	575
57	724
57	813
58	64
58	102
58	126
58	128
58	142
58	145
58	234
58	378
58	520
58	619
58	773
59	74
59	75
59	105
59	106
59	144
59	149
59	186
59	193
59	284
59	660
59	679
59	710
59	789
59	847
60	69
60	71
60	125
60	151
60	301
60	425
60	504
60	603
60	646
60	673
60	689
60	699
60	730
60	760
60	767
60	792
60	903
60	954
61	63
61	64
61	67
61	73
61	74
61	85
61	109
61	153
61	198
61	221
61	230
61	238
61	242
61	265
61	277
61	379
61	721
61	802
61	873
61	899
62	65
62	72
62	88
62	112
62	121
62	146
62	168
62	205
62	210
62	228
62	239
62	328
62	345
62	396
62	455
62	518
62	699
62	833
62	846
62	852
62	859
62	950
63	73
63	74
63	85
63	92
63	109
63	153
63	164
63	198
63	221
63	265
63	271
63	281
63	286
63	407
63	418
63	672
63	677
64	83
64	90
64	95
64	174
64	292
64	498
64	686
64	773
64	775
64	894
65	72
65	88
65	146
65	180
65	205
65	210
65	226
65	239
65	254
65	328
65	345
65	396
65	455
65	502
65	518
65	533
65	699
65	887
66	73
66	86
66	87
66	102
66	115
66	292
66	310
66	363
66	581
66	693
66	863
66	887
66	889
67	98
67	126
67	127
67	167
67	262
67	273
67	276
67	285
67	296
67	299
67	323
67	381
67	440
67	452
67	479
67	571
67	608
67	848
68	92
68	96
68	101
68	113
68	116
68	160
68	164
68	190
68	244
68	266
68	267
68	270
68	409
68	430
68	473
68	664
68	685
68	914
68	924
68	988
69	71
69	88
69	125
69	144
69	151
69	252
69	326
69	416
69	425
69	481
69	603
69	614
69	642
69	646
69	720
69	864
69	901
69	967
70	81
70	105
70	111
70	122
70	130
70	132
70	133
70	136
70	178
70	216
70	227
70	281
70	322
70	338
70	376
70	427
70	433
70	499
70	566
70	750
70	803
70	916
70	952
71	79
71	125
71	151
71	193
71	261
71	326
71	425
71	481
71	504
71	558
71	559
71	580
71	602
71	673
71	702
71	903
71	991
72	77
72	88
72	146
72	193
72	205
72	209
72	210
72	239
72	328
72	396
72	455
72	565
72	657
72	689
72	749
72	833
72	846
72	852
72	875
73	85
73	109
73	153
73	164
73	192
73	198
73	309
73	579
73	621
73	646
73	698
73	738
74	85
74	109
74	129
74	192
74	201
74	220
74	230
74	265
74	522
74	579
74	737
74	765
74	886
75	79
75	91
75	138
75	147
75	149
75	393
75	758
75	856
76	83
76	99
76	159
76	206
76	267
76	321
76	340
76	343
76	352
76	389
76	416
76	655
76	739
76	781
76	783
76	811
76	875
76	892
76	916
77	82
77	112
77	114
77	156
77	200
77	249
77	401
77	421
77	464
77	583
77	584
77	586
77	592
77	680
77	704
77	778
77	801
77	809
77	822
77	858
78	121
78	128
78	198
78	259
78	330
78	394
78	413
78	518
78	530
78	533
78	567
78	640
78	667
78	804
78	812
78	896
78	898
78	901
78	930
78	935
78	940
78	961
79	109
79	114
79	147
79	152
79	186
79	766
80	84
80	195
80	277
80	308
80	316
80	353
80	402
80	432
80	552
80	557
80	625
80	707
80	729
80	735
80	790
80	805
80	806
80	861
80	888
80	991
81	105
81	122
81	130
81	132
81	133
81	153
81	178
81	216
81	322
81	338
81	423
81	427
81	499
81	502
81	744
81	780
81	803
81	936
81	952
82	112
82	156
82	249
82	401
82	464
82	583
82	584
82	680
82	704
82	743
82	751
82	778
82	801
82	809
82	822
82	858
83	99
83	155
83	159
83	206
83	291
83	297
83	340
83	352
83	389
83	463
83	574
83	679
83	739
83	811
83	981
84	98
84	104
84	108
84	114
84	122
84	152
84	193
84	254
84	356
84	912
85	176
85	192
85	230
85	238
85	305
85	404
85	522
85	552
85	671
85	672
85	873
86	87
86	93
86	129
86	200
86	255
86	706
86	746
86	969
87	97
87	100
87	102
87	137
87	463
87	732
87	992
88	106
88	144
88	146
88	205
88	210
88	256
88	328
88	345
88	396
88	455
88	565
88	689
88	839
88	852
89	140
89	145
89	161
89	183
89	287
89	307
89	311
89	383
89	391
89	529
89	880
89	902
90	177
90	242
90	274
90	292
90	489
90	643
90	668
90	874
91	102
91	110
91	171
91	172
91	375
91	638
91	945
92	96
92	101
92	110
92	113
92	116
92	160
92	190
92	244
92	266
92	267
92	409
92	430
92	473
92	540
92	914
93	171
93	182
93	295
93	315
93	319
93	547
93	788
94	146
94	182
94	185
94	237
94	248
94	268
94	426
94	446
94	514
94	555
94	581
94	654
94	657
94	661
94	735
94	849
94	853
94	905
94	932
94	957
95	117
95	148
95	188
95	203
95	245
95	390
95	403
95	429
95	871
95	872
96	101
96	116
96	160
96	190
96	244
96	266
96	267
96	339
96	392
96	409
96	540
96	632
96	845
96	988
97	120
97	124
97	137
97	163
97	170
97	386
97	565
98	126
98	167
98	232
98	264
98	287
98	392
98	452
98	479
98	597
98	659
98	694
98	880
99	159
99	206
99	291
99	317
99	321
99	340
99	343
99	391
99	532
99	574
99	611
99	718
99	811
99	929
100	140
100	142
100	214
100	384
100	480
100	487
100	979
101	113
101	116
101	148
101	160
101	190
101	244
101	266
101	267
101	339
101	428
101	473
101	508
101	663
101	685
102	177
102	268
102	497
102	871
103	166
103	168
103	178
103	184
103	233
103	250
103	263
103	302
103	410
103	496
103	576
103	616
103	638
103	736
103	818
103	949
104	131
104	157
104	173
104	240
104	246
104	275
104	307
104	438
104	539
104	904
104	925
105	116
105	122
105	130
105	132
105	133
105	178
105	288
105	338
105	455
105	499
105	566
105	744
105	936
105	997
106	124
106	135
106	262
106	372
106	600
107	141
107	199
107	285
107	324
107	348
107	385
107	511
107	617
107	642
107	779
107	816
107	822
107	842
107	893
108	149
108	187
108	250
108	258
108	284
108	337
108	846
109	148
109	242
109	450
109	531
109	579
109	692
109	698
109	721
110	120
110	129
110	137
110	138
110	140
110	181
110	622
111	128
111	157
111	188
111	197
111	228
111	257
111	290
111	399
111	490
111	493
111	497
111	515
111	600
111	605
111	820
112	156
112	232
112	249
112	401
112	421
112	464
112	583
112	584
112	680
112	751
112	778
112	801
113	116
113	160
113	180
113	190
113	234
113	244
113	339
113	342
113	430
113	540
113	663
113	845
113	924
114	280
114	566
114	637
114	768
114	937
115	120
115	134
115	144
115	145
115	171
115	773
115	887
116	160
116	189
116	266
116	267
116	294
116	348
116	409
116	430
116	540
116	663
116	685
117	148
117	203
117	235
117	236
117	335
117	390
117	871
118	139
118	220
118	231
118	357
118	376
118	420
118	467
118	619
118	633
118	743
118	817
118	865
118	911
118	944
118	958
119	181
119	246
119	289
119	305
119	341
119	360
119	367
119	403
119	476
119	590
119	645
119	697
119	860
119	869
119	913
119	982
120	166
120	173
120	200
120	413
120	531
120	603
121	142
121	259
121	330
121	394
121	413
121	526
121	567
121	804
121	838
121	935
121	940
121	961
122	130
122	133
122	146
122	216
122	322
122	338
122	427
122	499
122	711
122	744
123	209
123	240
123	288
123	290
123	544
123	569
123	572
123	656
123	692
123	701
123	720
123	791
123	900
123	953
123	992
124	147
124	186
124	224
124	643
124	663
124	712
124	920
125	151
125	160
125	215
125	326
125	335
125	580
125	883
126	127
126	199
126	232
126	251
126	262
126	273
126	381
126	452
126	848
127	145
127	167
127	257
127	264
127	273
127	381
127	461
127	598
127	668
127	694
128	129
128	221
128	251
128	384
129	253
129	764
130	132
130	133
130	216
130	322
130	338
130	427
130	459
130	867
130	936
130	997
131	161
131	191
131	206
131	240
131	309
131	655
131	674
132	133
132	178
132	183
132	216
132	322
132	338
132	433
132	566
132	750
133	141
133	178
133	425
133	427
133	433
133	683
133	711
133	851
133	952
134	137
134	153
134	227
134	253
134	325
134	364
134	510
134	512
134	696
134	815
134	956
134	971
134	998
135	656
136	143
136	201
136	215
136	260
136	304
136	336
136	469
136	731
136	742
136	890
136	910
136	943
137	255
137	445
137	915
138	142
138	462
138	688
138	889
139	172
139	176
139	194
139	202
139	263
139	297
139	319
139	433
139	537
139	769
139	770
139	866
139	970
140	143
140	183
140	438
140	691
140	697
141	199
141	348
141	359
141	385
141	511
141	617
141	642
141	747
141	842
141	921
142	151
142	361
142	877
143	154
143	261
143	285
143	430
143	458
143	577
143	641
143	666
143	682
143	700
143	808
143	899
145	313
145	465
146	210
146	239
146	345
146	364
146	396
146	502
146	875
147	152
147	629
148	245
148	381
148	443
148	732
149	196
149	293
149	584
150	175
150	250
150	279
150	313
150	354
150	397
150	414
150	416
150	562
150	630
150	695
150	716
150	800
151	301
151	473
151	720
151	919
152	155
152	783
153	198
153	242
153	407
153	559
154	261
154	285
154	332
154	458
154	513
154	641
154	666
154	700
154	883
154	894
155	404
155	457
155	526
155	573
155	582
155	614
155	670
155	823
155	829
156	249
156	363
156	401
156	421
156	465
156	586
156	684
156	751
156	822
157	188
157	197
157	228
157	257
157	290
157	326
157	399
157	477
157	515
157	600
157	820
158	179
158	189
158	206
158	282
158	303
158	318
158	355
158	434
158	472
158	564
158	578
158	941
159	206
159	340
159	389
159	817
159	957
160	190
160	284
160	339
160	663
160	774
160	845
161	405
161	491
161	513
161	560
161	715
161	730
161	966
162	241
162	444
162	448
162	465
162	565
162	632
162	659
162	719
162	741
162	771
162	951
162	964
163	229
163	270
163	442
163	844
163	972
164	230
164	249
164	271
164	281
164	728
165	305
165	310
165	312
165	370
165	486
165	489
165	542
165	560
165	613
165	870
165	999
166	168
166	184
166	250
166	302
166	410
166	496
166	576
166	616
166	906
166	953
167	271
167	273
167	276
167	694
167	756
167	880
168	184
168	233
168	250
168	496
168	499
168	576
168	616
168	781
168	906
168	949
169	226
169	358
169	366
169	448
169	484
169	505
169	521
169	524
169	532
169	623
169	826
169	854
170	275
170	311
170	417
170	536
170	774
171	214
171	667
172	176
172	202
172	263
172	297
172	450
172	471
172	537
172	538
172	770
172	834
172	842
173	290
173	299
173	508
174	256
174	271
174	459
174	554
175	279
175	313
175	354
175	397
175	414
175	716
175	742
175	757
175	800
175	830
176	202
176	263
176	278
176	297
176	431
176	450
176	653
176	770
176	834
177	196
177	200
177	296
178	216
178	248
178	322
178	433
178	678
178	997
179	282
179	303
179	318
179	355
179	434
179	472
179	564
179	578
179	631
179	759
180	272
180	346
180	362
180	494
180	676
180	762
180	772
180	895
180	917
180	939
181	246
181	274
181	289
181	360
181	367
181	476
181	645
181	913
181	982
182	185
182	237
182	248
182	268
182	446
182	471
182	654
182	661
182	741
182	825
183	309
183	345
183	464
183	733
183	980
184	190
184	233
184	250
184	263
184	302
184	616
184	818
184	906
185	237
185	248
185	446
185	514
185	625
185	711
185	849
185	853
185	895
185	905
186	434
186	976
187	410
187	825
187	827
188	197
188	257
188	290
188	399
188	493
188	497
188	605
188	807
188	919
189	234
189	331
189	333
189	334
189	422
189	447
189	454
189	531
189	588
189	650
190	244
190	339
190	988
190	989
191	269
191	323
191	400
191	406
191	527
191	647
191	675
191	708
191	793
191	973
192	260
192	584
192	717
193	975
194	211
194	312
194	356
194	426
194	485
194	610
194	835
194	878
194	1000
195	308
195	402
195	552
195	557
195	625
195	805
195	897
195	991
196	218
196	320
196	372
196	477
196	487
196	658
196	807
196	824
196	829
197	228
197	257
197	290
197	319
197	399
197	675
197	820
198	272
199	324
199	348
199	385
199	511
199	519
199	530
199	816
199	893
200	264
200	512
201	215
201	260
201	336
201	393
201	469
201	660
201	731
201	923
201	943
202	263
202	297
202	431
202	537
202	538
202	870
202	970
203	247
203	915
204	243
204	347
204	387
204	419
204	589
204	722
204	761
204	955
204	974
204	996
205	210
205	239
205	328
205	681
205	763
206	463
206	469
206	574
207	398
207	466
207	482
207	525
207	712
207	798
207	942
207	947
207	988
208	377
208	411
208	451
208	475
208	501
208	521
208	563
208	787
208	792
208	827
209	288
209	656
209	692
209	701
209	791
209	918
209	953
209	992
210	421
210	502
210	689
211	312
211	426
211	441
211	485
211	513
211	610
211	786
211	878
211	882
212	215
212	317
212	329
212	418
212	435
212	478
212	688
212	843
212	995
213	278
213	436
213	545
213	558
213	592
213	596
213	678
213	693
213	706
213	977
214	508
215	260
215	304
215	336
215	469
215	518
215	660
215	754
216	372
216	433
216	707
216	747
216	750
217	295
217	306
217	332
217	369
217	456
217	492
217	651
217	687
217	821
217	983
218	243
218	320
218	372
218	477
218	487
218	658
218	715
218	807
218	824
219	858
220	231
220	445
220	619
220	669
220	851
220	944
220	958
221	281
221	484
221	864
222	287
222	365
222	386
222	517
222	683
222	900
222	920
223	235
223	246
223	252
223	314
223	350
223	459
223	606
223	855
223	893
224	315
224	594
225	327
225	442
225	604
225	621
225	634
225	654
225	780
225	907
225	931
226	358
226	505
226	532
226	623
226	755
226	768
226	826
226	854
227	253
227	325
227	364
227	510
227	512
227	839
227	998
228	290
228	495
228	497
228	515
228	600
229	241
229	283
229	300
229	353
229	506
229	524
229	840
229	876
229	965
230	532
230	738
231	376
231	411
231	445
231	467
231	556
231	743
231	851
232	262
232	299
232	321
232	333
232	375
233	250
233	302
233	339
233	410
233	423
233	736
233	902
234	282
234	331
234	334
234	437
234	454
234	531
234	836
235	252
235	314
235	350
235	411
235	459
235	599
235	855
235	1000
236	245
236	247
236	284
236	402
237	248
237	268
237	493
237	657
237	825
237	905
238	522
238	796
239	502
239	551
239	861
240	303
240	391
240	405
241	300
241	353
241	506
241	524
241	840
241	876
243	377
243	387
243	419
243	589
243	598
243	955
243	974
244	450
244	787
244	914
245	276
245	505
246	289
246	462
246	476
246	590
246	856
246	913
247	536
247	727
248	268
248	446
248	514
248	581
248	611
249	464
249	586
249	840
249	858
250	576
250	638
250	818
251	378
251	546
252	314
252	350
252	412
252	599
252	606
253	325
253	364
253	500
253	510
253	523
253	839
255	620
255	889
257	290
257	497
257	600
258	383
258	387
259	264
259	533
259	652
259	804
259	896
259	898
260	304
260	477
260	660
260	685
260	754
261	285
261	332
261	362
261	366
261	808
261	899
262	296
262	440
262	552
263	431
263	538
263	970
264	440
264	507
265	286
266	473
266	615
266	924
266	963
267	339
268	414
268	654
268	657
268	735
269	323
269	406
269	427
269	527
269	647
269	652
269	675
270	308
270	388
270	938
272	346
272	362
272	676
272	713
272	895
272	917
273	442
273	507
273	810
273	867
274	927
275	342
275	488
275	857
276	375
276	594
276	880
277	316
277	324
277	552
277	707
277	729
277	790
277	888
278	388
278	403
278	436
278	535
278	545
278	592
279	354
279	414
279	423
279	562
279	630
280	331
280	669
282	303
282	318
282	564
282	847
283	294
283	337
283	371
283	516
283	731
283	740
283	745
283	796
285	666
285	682
285	874
285	899
286	342
286	373
286	528
286	608
286	612
286	844
286	934
287	365
287	379
287	386
287	517
287	900
287	959
288	402
288	494
288	569
288	656
288	701
288	918
289	341
289	360
289	367
289	521
289	818
289	860
291	316
291	463
291	557
291	718
291	957
292	890
293	374
293	380
293	475
293	545
293	763
293	785
293	927
293	932
294	371
294	615
294	740
294	745
294	831
294	987
295	306
295	369
295	492
295	546
295	687
296	960
297	450
297	623
297	834
298	490
298	558
298	587
298	628
298	637
298	776
298	810
298	984
299	375
299	507
299	597
300	350
300	353
300	506
300	876
300	937
301	926
302	496
302	638
303	472
303	626
303	847
303	889
304	367
304	469
304	731
304	742
305	310
305	489
305	613
305	870
305	877
306	368
306	369
306	546
306	959
306	983
307	554
308	316
308	624
308	625
308	806
308	888
309	971
310	370
310	486
310	560
310	912
311	520
312	485
312	618
312	752
312	882
312	1000
313	397
313	414
313	423
313	541
313	648
314	412
314	511
314	599
314	606
315	993
316	557
316	625
316	680
316	707
317	418
317	435
317	478
317	593
317	688
318	355
318	358
318	472
318	626
320	372
320	477
320	487
320	658
321	352
321	574
321	612
322	835
323	406
323	527
323	683
323	708
323	793
324	348
324	511
324	747
324	921
325	364
325	523
325	666
325	814
325	815
327	352
327	604
327	634
327	780
327	907
327	931
328	719
329	340
329	418
329	435
329	478
329	802
329	843
329	995
330	533
330	812
330	838
330	898
331	333
331	447
331	746
331	788
332	458
332	513
332	641
332	874
332	886
333	437
333	447
333	454
333	788
334	422
334	447
334	531
334	836
336	754
336	769
336	890
336	910
336	999
337	371
337	615
337	745
337	796
337	831
338	449
341	367
341	396
341	590
341	856
341	982
342	373
342	424
342	528
342	612
342	725
343	431
343	783
343	892
344	449
344	483
344	568
344	728
344	832
344	850
344	989
345	748
346	362
346	610
346	713
346	762
346	819
347	387
347	408
347	419
347	598
347	626
347	996
348	921
349	665
350	412
350	606
351	647
352	929
353	524
353	574
353	937
354	423
354	541
354	630
355	472
355	578
357	633
357	669
357	817
357	851
358	366
358	447
358	505
358	623
360	509
360	642
360	856
360	869
361	380
361	862
362	639
362	676
362	917
363	903
364	473
364	510
365	379
365	386
365	517
365	676
365	959
366	484
366	768
366	854
367	869
368	546
368	651
368	754
368	821
368	857
369	483
369	492
369	709
369	821
370	401
370	542
370	560
370	613
370	941
371	519
371	796
371	905
371	987
372	715
372	807
373	725
373	758
373	828
373	934
374	380
374	432
374	475
374	748
374	927
375	408
376	420
376	467
376	944
377	451
377	667
377	703
377	827
377	943
378	690
379	517
379	683
379	920
379	938
380	475
380	763
380	932
380	962
381	759
382	444
382	448
382	571
382	659
382	708
382	741
382	771
384	444
384	579
385	642
385	651
385	816
385	977
386	683
386	854
386	900
387	589
387	722
388	534
388	535
388	592
388	678
388	693
389	525
390	643
391	494
391	697
392	794
392	994
394	460
394	567
394	838
394	930
395	767
397	541
397	736
397	800
398	441
398	466
398	482
398	798
399	493
399	543
399	786
400	406
400	527
400	601
400	652
400	973
401	503
401	704
402	729
402	790
402	861
404	457
404	582
404	670
404	823
405	491
405	523
405	648
406	647
406	906
409	685
410	736
410	833
410	949
411	501
411	521
411	636
411	703
412	459
412	599
413	530
413	567
413	930
414	541
414	830
415	898
418	478
419	696
419	955
420	467
420	556
420	819
421	464
421	680
422	454
422	746
422	836
423	716
424	504
424	612
424	828
424	868
424	934
425	979
426	537
426	786
426	882
428	491
428	774
430	808
431	769
431	980
434	564
434	941
435	593
435	606
435	995
436	491
436	535
436	596
436	977
437	531
437	650
438	939
440	544
441	482
441	525
441	572
441	942
442	621
442	780
442	907
443	507
444	465
444	632
444	964
445	662
445	911
445	958
446	825
446	882
448	659
448	771
448	951
449	483
449	728
449	969
449	989
450	769
451	501
451	703
451	705
452	668
453	665
454	746
456	799
457	582
457	670
458	513
458	894
459	855
461	983
462	483
462	629
462	832
462	850
463	679
465	719
465	951
466	525
466	712
466	756
467	556
468	718
468	993
469	660
470	593
470	639
470	727
470	797
470	990
474	561
474	591
474	681
474	723
474	868
475	932
476	645
476	860
476	965
477	824
478	593
479	514
479	759
479	867
480	517
482	756
482	947
483	878
483	967
484	532
484	556
484	623
485	610
485	752
486	489
486	714
486	865
486	912
487	658
487	715
488	603
489	542
489	999
490	519
490	717
490	984
491	624
492	651
492	687
492	855
493	605
493	985
494	544
494	572
494	992
495	549
495	591
495	681
495	723
495	868
496	638
498	554
499	803
501	564
501	705
501	978
505	597
505	826
506	891
506	965
509	563
510	512
510	658
512	956
513	883
514	657
514	661
515	605
516	601
516	615
516	740
516	831
516	907
518	833
519	637
519	776
519	984
521	667
521	881
523	696
523	956
523	971
524	965
525	942
526	614
526	628
526	829
526	948
528	725
528	815
528	828
528	844
529	563
530	533
530	812
532	768
535	977
537	538
538	744
539	904
539	968
542	762
542	877
544	569
544	791
545	558
545	966
546	857
548	887
549	607
549	726
549	868
549	933
553	645
554	765
555	581
555	654
555	849
556	669
558	678
560	912
561	723
561	726
562	630
562	830
562	869
566	711
567	644
568	728
568	850
568	967
569	692
570	630
572	656
572	692
573	582
573	823
576	627
578	626
580	617
581	735
583	809
586	914
587	628
587	677
587	717
588	650
588	788
589	598
590	816
590	872
591	726
591	933
592	604
593	688
596	678
596	693
597	794
598	996
602	995
604	634
604	954
605	972
607	637
607	677
607	717
607	771
609	725
610	779
612	844
613	716
613	870
614	670
614	948
615	987
617	747
619	633
619	819
620	753
620	946
621	931
621	954
622	930
628	776
628	810
629	832
629	969
629	989
632	719
632	964
633	669
633	686
634	954
636	705
636	787
636	792
637	677
639	662
639	885
639	926
641	894
647	793
650	947
651	687
652	675
652	708
659	741
661	853
662	734
662	926
666	682
667	787
670	945
671	961
674	917
675	973
676	762
677	810
681	933
686	973
688	843
691	934
696	839
696	998
700	782
700	874
709	857
709	983
712	756
713	772
722	974
727	897
727	926
734	885
734	990
737	795
740	828
742	890
743	911
748	785
748	962
751	841
752	835
753	820
760	931
763	785
772	939
773	784
779	842
779	893
786	835
791	809
792	978
794	797
797	897
797	990
798	947
800	812
805	806
808	883
815	971
817	819
827	881
829	948
831	879
840	937
843	884
847	941
848	960
850	986
853	935
861	991
865	877
865	999
878	1000
881	909
881	978
885	897
895	939
896	940
910	943
918	953
920	959
924	929
925	975
927	962
935	961
967	969
984	998
