1	3
1	4
1	5
1	13
1	19
1	20
1	22
1	23
1	27
1	33
1	36
1	43
1	53
1	55
1	61
1	67
1	69
1	70
1	75
1	81
1	83
1	85
1	92
1	111
1	122
1	131
1	142
1	146
1	159
1	161
1	172
1	173
1	179
1	180
1	181
1	193
1	205
1	228
1	238
1	244
1	245
1	250
1	255
1	258
1	263
1	333
1	361
1	380
1	389
1	414
1	423
1	443
1	445
1	468
1	469
1	483
1	505
1	515
1	517
1	519
1	539
1	545
1	546
1	568
1	578
1	609
1	620
1	639
1	660
1	690
1	735
1	740
1	748
1	751
1	753
1	769
1	778
1	795
1	798
1	871
1	909
1	914
1	925
1	961
1	965
1	973
1	975
1	987
1	992
1	993
2	3
2	4
2	6
2	8
2	12
2	13
2	14
2	15
2	30
2	37
2	38
2	42
2	69
2	72
2	74
2	76
2	78
2	81
2	94
2	95
2	100
2	108
2	110
2	118
2	123
2	133
2	170
2	175
2	199
2	206
2	214
2	237
2	248
2	256
2	276
2	298
2	305
2	308
2	314
2	315
2	322
2	326
2	338
2	360
2	365
2	389
2	412
2	425
2	435
2	441
2	459
2	460
2	482
2	503
2	545
2	559
2	560
2	563
2	565
2	571
2	630
2	633
2	640
2	657
2	663
2	667
2	690
2	697
2	716
2	721
2	751
2	766
2	780
2	781
2	785
2	823
2	833
2	861
2	918
2	920
2	983
3	4
3	8
3	12
3	13
3	14
3	15
3	19
3	30
3	31
3	33
3	37
3	38
3	69
3	70
3	74
3	78
3	81
3	95
3	108
3	110
3	118
3	119
3	120
3	136
3	170
3	175
3	189
3	199
3	206
3	209
3	214
3	233
3	235
3	237
3	242
3	255
3	256
3	268
3	308
3	326
3	338
3	357
3	360
3	365
3	430
3	433
3	459
3	460
3	486
3	503
3	512
3	560
3	566
3	571
3	588
3	598
3	633
3	640
3	647
3	652
3	679
3	680
3	697
3	712
3	716
3	721
3	733
3	782
3	808
3	830
3	848
3	850
3	885
3	910
3	959
3	973
4	5
4	9
4	14
4	19
4	20
4	22
4	23
4	27
4	32
4	33
4	36
4	42
4	53
4	55
4	61
4	67
4	70
4	75
4	85
4	92
4	111
4	122
4	134
4	146
4	158
4	159
4	161
4	170
4	172
4	175
4	181
4	186
4	193
4	205
4	254
4	333
4	334
4	360
4	361
4	375
4	380
4	389
4	395
4	424
4	443
4	464
4	469
4	470
4	483
4	498
4	515
4	521
4	532
4	546
4	595
4	607
4	627
4	649
4	688
4	690
4	740
4	748
4	833
4	877
4	900
4	909
4	924
4	944
4	953
4	957
4	973
4	991
4	992
5	12
5	19
5	20
5	22
5	23
5	27
5	31
5	33
5	36
5	42
5	53
5	55
5	61
5	67
5	70
5	75
5	83
5	85
5	92
5	111
5	122
5	124
5	130
5	131
5	139
5	146
5	162
5	179
5	181
5	183
5	232
5	251
5	254
5	334
5	362
5	367
5	397
5	408
5	421
5	423
5	424
5	429
5	464
5	519
5	546
5	598
5	605
5	607
5	609
5	627
5	637
5	649
5	688
5	700
5	705
5	778
5	790
5	839
5	843
5	878
5	888
5	905
5	916
5	938
5	960
5	961
5	991
6	7
6	11
6	16
6	17
6	21
6	26
6	27
6	31
6	32
6	40
6	73
6	90
6	100
6	117
6	136
6	171
6	187
6	195
6	200
6	218
6	236
6	247
6	249
6	251
6	262
6	269
6	289
6	293
6	297
6	304
6	319
6	328
6	343
6	345
6	358
6	381
6	409
6	417
6	469
6	505
6	511
6	513
6	604
6	629
6	648
6	653
6	658
6	671
6	686
6	706
6	729
6	732
6	762
6	773
6	813
6	852
6	856
6	874
6	949
7	11
7	13
7	17
7	26
7	31
7	32
7	40
7	50
7	53
7	73
7	90
7	100
7	117
7	130
7	135
7	136
7	154
7	168
7	195
7	200
7	220
7	227
7	236
7	238
7	247
7	256
7	261
7	262
7	269
7	293
7	297
7	304
7	309
7	343
7	345
7	348
7	368
7	417
7	447
7	455
7	464
7	480
7	561
7	602
7	653
7	654
7	658
7	737
7	744
7	787
7	837
7	892
7	933
7	949
7	997
7	999
8	12
8	13
8	14
8	15
8	28
8	30
8	37
8	38
8	69
8	72
8	74
8	78
8	81
8	96
8	108
8	110
8	118
8	126
8	145
8	156
8	170
8	175
8	206
8	209
8	214
8	231
8	233
8	236
8	237
8	240
8	248
8	288
8	338
8	397
8	404
8	412
8	414
8	423
8	430
8	435
8	588
8	642
8	643
8	685
8	697
8	721
8	726
8	765
8	766
8	848
8	885
8	918
8	927
8	959
9	11
9	14
9	17
9	35
9	41
9	50
9	54
9	58
9	59
9	77
9	89
9	94
9	126
9	137
9	189
9	192
9	202
9	208
9	211
9	216
9	217
9	221
9	223
9	267
9	281
9	300
9	310
9	315
9	336
9	344
9	348
9	349
9	356
9	392
9	399
9	442
9	446
9	461
9	549
9	601
9	638
9	639
9	664
9	736
9	761
9	886
9	889
9	908
9	915
9	962
9	990
10	16
10	18
10	21
10	23
10	27
10	28
10	29
10	44
10	47
10	93
10	96
10	105
10	115
10	174
10	176
10	178
10	187
10	201
10	250
10	257
10	284
10	316
10	329
10	365
10	375
10	404
10	430
10	438
10	472
10	477
10	487
10	520
10	563
10	567
10	590
10	592
10	602
10	610
10	633
10	644
10	677
10	713
10	738
10	757
10	790
10	797
10	855
10	913
10	919
10	926
10	940
10	999
11	17
11	18
11	26
11	31
11	32
11	37
11	40
11	50
11	54
11	58
11	73
11	82
11	90
11	100
11	117
11	134
11	135
11	136
11	159
11	171
11	195
11	200
11	220
11	251
11	304
11	309
11	312
11	319
11	328
11	358
11	362
11	408
11	417
11	447
11	454
11	480
11	629
11	654
11	670
11	671
11	706
11	723
11	732
11	756
11	762
11	787
11	892
11	899
11	933
12	13
12	14
12	15
12	22
12	24
12	37
12	38
12	52
12	69
12	74
12	78
12	83
12	87
12	108
12	118
12	142
12	170
12	184
12	226
12	256
12	303
12	308
12	322
12	326
12	350
12	364
12	412
12	435
12	486
12	554
12	555
12	571
12	588
12	630
12	633
12	667
12	685
12	726
12	727
12	765
12	874
12	910
12	912
12	966
12	983
13	14
13	15
13	29
13	30
13	37
13	56
13	69
13	72
13	78
13	95
13	106
13	108
13	110
13	118
13	119
13	126
13	130
13	133
13	209
13	233
13	237
13	248
13	274
13	276
13	303
13	322
13	346
13	397
13	536
13	545
13	559
13	598
13	652
13	662
13	689
13	721
13	727
13	785
13	825
13	902
13	957
14	15
14	30
14	37
14	38
14	47
14	72
14	74
14	86
14	95
14	108
14	110
14	119
14	156
14	199
14	237
14	242
14	308
14	321
14	322
14	346
14	360
14	408
14	412
14	414
14	425
14	433
14	503
14	555
14	637
14	704
14	712
14	765
14	850
14	852
14	910
14	968
14	984
14	991
15	30
15	50
15	69
15	72
15	74
15	78
15	81
15	95
15	108
15	114
15	116
15	119
15	170
15	184
15	200
15	222
15	254
15	256
15	348
15	357
15	365
15	459
15	460
15	536
15	543
15	555
15	566
15	637
15	685
15	765
15	779
15	792
15	848
15	854
15	983
15	986
16	18
16	21
16	25
16	29
16	42
16	44
16	47
16	96
16	105
16	115
16	176
16	178
16	187
16	201
16	250
16	280
16	283
16	316
16	320
16	335
16	337
16	375
16	404
16	407
16	438
16	520
16	592
16	610
16	665
16	677
16	738
16	763
16	770
16	790
16	797
16	851
16	873
16	929
16	999
17	23
17	26
17	31
17	32
17	40
17	41
17	52
17	73
17	80
17	82
17	90
17	100
17	135
17	195
17	221
17	227
17	236
17	247
17	251
17	267
17	293
17	297
17	309
17	358
17	409
17	438
17	494
17	513
17	561
17	629
17	648
17	737
17	800
17	803
17	822
17	829
17	980
18	21
18	29
18	44
18	47
18	88
18	96
18	105
18	174
18	176
18	178
18	187
18	201
18	202
18	210
18	250
18	337
18	375
18	407
18	418
18	440
18	462
18	477
18	490
18	518
18	541
18	567
18	625
18	644
18	660
18	665
18	677
18	757
18	771
18	910
18	985
18	999
19	20
19	22
19	23
19	42
19	55
19	65
19	70
19	75
19	80
19	92
19	118
19	122
19	131
19	142
19	159
19	179
19	186
19	193
19	367
19	380
19	436
19	469
19	539
19	570
19	576
19	591
19	626
19	659
19	795
19	798
19	829
19	954
19	961
19	975
19	991
20	22
20	23
20	27
20	29
20	33
20	42
20	43
20	55
20	61
20	70
20	85
20	92
20	140
20	142
20	179
20	181
20	238
20	258
20	333
20	334
20	361
20	367
20	389
20	421
20	445
20	558
20	649
20	737
20	772
20	856
20	881
20	915
20	938
20	975
21	28
21	29
21	44
21	47
21	53
21	96
21	105
21	115
21	145
21	174
21	176
21	178
21	187
21	233
21	250
21	316
21	337
21	407
21	459
21	476
21	518
21	529
21	550
21	564
21	592
21	634
21	660
21	819
21	850
21	851
21	926
21	971
22	27
22	33
22	36
22	42
22	53
22	61
22	67
22	70
22	89
22	130
22	142
22	186
22	198
22	205
22	334
22	359
22	406
22	408
22	445
22	498
22	609
22	639
22	710
22	772
22	799
22	846
22	877
22	909
22	919
22	993
23	24
23	27
23	30
23	36
23	42
23	53
23	67
23	70
23	75
23	130
23	131
23	181
23	193
23	208
23	263
23	333
23	386
23	408
23	421
23	468
23	562
23	678
23	753
23	778
23	781
23	833
23	844
23	954
24	28
24	50
24	51
24	78
24	80
24	86
24	88
24	96
24	98
24	104
24	120
24	121
24	153
24	167
24	182
24	233
24	278
24	291
24	302
24	353
24	366
24	376
24	391
24	579
24	585
24	694
24	773
24	839
24	857
24	897
24	930
24	958
24	987
25	27
25	46
25	56
25	63
25	82
25	87
25	127
25	129
25	137
25	138
25	162
25	183
25	222
25	239
25	260
25	302
25	320
25	355
25	385
25	390
25	437
25	440
25	484
25	485
25	507
25	600
25	608
25	668
25	676
25	728
25	784
25	854
25	876
25	970
26	31
26	32
26	40
26	41
26	90
26	113
26	117
26	135
26	136
26	195
26	236
26	238
26	249
26	251
26	254
26	276
26	293
26	304
26	309
26	328
26	340
26	369
26	455
26	467
26	480
26	653
26	737
26	777
26	829
26	899
27	33
27	42
27	55
27	57
27	61
27	69
27	70
27	75
27	92
27	105
27	111
27	159
27	161
27	254
27	313
27	443
27	469
27	576
27	710
27	833
27	870
27	888
27	914
27	916
28	37
28	80
28	86
28	88
28	98
28	104
28	120
28	167
28	182
28	230
28	278
28	288
28	302
28	356
28	360
28	378
28	449
28	579
28	585
28	775
28	818
28	839
28	897
28	930
28	948
28	958
28	981
28	987
29	44
29	47
29	78
29	115
29	174
29	176
29	187
29	250
29	273
29	276
29	311
29	316
29	438
29	471
29	472
29	487
29	564
29	590
29	610
29	625
29	634
29	644
29	660
29	691
29	717
29	771
30	62
30	72
30	81
30	95
30	108
30	111
30	153
30	170
30	175
30	203
30	214
30	312
30	346
30	357
30	360
30	430
30	459
30	559
30	761
30	779
30	785
30	824
30	959
30	964
30	986
31	32
31	43
31	73
31	82
31	90
31	100
31	107
31	136
31	200
31	227
31	238
31	269
31	304
31	328
31	447
31	454
31	458
31	480
31	629
31	649
31	670
31	744
31	777
31	890
31	985
32	46
32	58
32	73
32	100
32	171
32	211
32	220
32	227
32	247
32	251
32	262
32	269
32	293
32	309
32	343
32	353
32	468
32	628
32	654
32	671
32	686
32	709
32	723
32	851
33	42
33	55
33	61
33	83
33	85
33	97
33	131
33	159
33	161
33	183
33	214
33	254
33	263
33	361
33	369
33	372
33	443
33	607
33	627
33	715
33	772
33	802
33	878
33	975
34	39
34	43
34	45
34	48
34	49
34	66
34	76
34	97
34	144
34	166
34	229
34	243
34	279
34	306
34	318
34	339
34	354
34	377
34	402
34	415
34	431
34	493
34	513
34	549
34	565
34	583
34	673
34	693
34	816
34	877
34	912
35	50
35	54
35	56
35	58
35	59
35	94
35	117
35	126
35	137
35	189
35	192
35	202
35	211
35	216
35	221
35	223
35	281
35	293
35	310
35	315
35	348
35	422
35	490
35	508
35	636
35	719
35	761
35	787
35	799
35	908
36	40
36	42
36	53
36	55
36	67
36	70
36	75
36	78
36	83
36	92
36	122
36	142
36	146
36	154
36	224
36	304
36	406
36	422
36	464
36	555
36	627
36	705
36	740
36	905
36	925
37	38
37	66
37	69
37	72
37	78
37	118
37	175
37	206
37	209
37	214
37	237
37	248
37	262
37	274
37	346
37	553
37	608
37	613
37	630
37	640
37	685
37	786
38	42
38	43
38	69
38	74
38	78
38	83
38	95
38	118
38	119
38	150
38	175
38	206
38	274
38	276
38	338
38	347
38	425
38	430
38	640
38	667
38	696
38	743
38	824
38	867
39	43
39	45
39	48
39	49
39	58
39	66
39	76
39	93
39	97
39	116
39	130
39	243
39	279
39	285
39	306
39	318
39	339
39	371
39	374
39	396
39	402
39	415
39	474
39	493
39	673
39	693
39	786
39	788
39	978
40	44
40	51
40	73
40	81
40	90
40	117
40	147
40	171
40	187
40	195
40	238
40	249
40	297
40	304
40	344
40	409
40	454
40	495
40	513
40	658
40	800
40	803
40	899
41	50
41	54
41	58
41	59
41	77
41	91
41	94
41	126
41	142
41	157
41	189
41	202
41	211
41	216
41	219
41	221
41	300
41	336
41	388
41	392
41	632
41	799
41	866
41	895
41	937
42	53
42	55
42	75
42	181
42	228
42	295
42	367
42	390
42	517
42	650
42	705
42	715
42	772
42	802
42	843
42	877
43	45
43	48
43	49
43	66
43	76
43	97
43	161
43	165
43	166
43	243
43	279
43	339
43	374
43	402
43	474
43	493
43	565
43	673
43	816
43	882
43	912
43	926
44	47
44	96
44	99
44	105
44	113
44	164
44	174
44	176
44	201
44	407
44	436
44	472
44	484
44	487
44	518
44	541
44	564
44	590
44	625
44	770
44	771
44	922
45	48
45	49
45	52
45	66
45	76
45	90
45	97
45	123
45	166
45	318
45	354
45	374
45	474
45	549
45	565
45	656
45	668
45	693
45	703
45	749
45	828
45	845
45	882
45	978
46	56
46	63
46	82
46	87
46	138
46	162
46	222
46	239
46	387
46	389
46	390
46	440
46	447
46	501
46	600
46	608
46	631
46	641
46	653
46	774
46	854
46	868
46	902
46	907
46	970
47	51
47	96
47	102
47	105
47	115
47	131
47	176
47	178
47	201
47	404
47	476
47	479
47	498
47	520
47	562
47	590
47	610
47	757
47	887
47	919
48	49
48	66
48	74
48	76
48	97
48	166
48	180
48	243
48	318
48	339
48	354
48	415
48	417
48	474
48	499
48	549
48	767
48	786
48	788
48	845
48	912
48	960
49	66
49	77
49	97
49	126
49	166
49	213
49	243
49	279
49	306
49	374
49	401
49	493
49	589
49	607
49	673
49	719
49	786
49	788
49	795
49	845
49	978
50	54
50	58
50	59
50	62
50	94
50	126
50	137
50	189
50	192
50	216
50	221
50	310
50	336
50	348
50	387
50	392
50	446
50	601
50	849
51	52
51	79
51	84
51	137
51	141
51	152
51	195
51	210
51	218
51	280
51	342
51	369
51	381
51	405
51	460
51	471
51	569
51	724
51	767
51	884
51	939
51	988
52	79
52	84
52	121
52	141
52	150
52	152
52	226
52	307
52	342
52	381
52	405
52	428
52	529
52	569
52	713
52	724
52	736
52	746
52	767
52	872
52	884
53	55
53	61
53	70
53	96
53	146
53	192
53	310
53	422
53	539
53	546
53	720
53	769
53	795
53	856
53	992
54	58
54	59
54	61
54	94
54	107
54	137
54	189
54	202
54	216
54	300
54	327
54	336
54	442
54	605
54	655
54	758
54	895
54	990
55	67
55	71
55	75
55	83
55	85
55	93
55	111
55	131
55	172
55	290
55	299
55	816
56	63
56	82
56	87
56	138
56	222
56	239
56	260
56	278
56	292
56	385
56	437
56	440
56	600
56	608
56	676
56	809
56	820
56	907
57	106
57	128
57	133
57	139
57	156
57	245
57	281
57	313
57	317
57	318
57	382
57	388
57	481
57	508
57	521
57	547
57	679
57	804
57	828
57	904
58	59
58	77
58	91
58	137
58	211
58	221
58	223
58	267
58	300
58	490
58	609
58	612
58	632
59	76
59	77
59	94
59	109
59	126
59	198
59	219
59	223
59	267
59	324
59	344
59	356
59	399
59	599
59	866
60	64
60	71
60	113
60	144
60	164
60	213
60	246
60	258
60	312
60	323
60	347
60	381
60	394
60	584
60	619
60	670
60	678
60	731
60	868
60	947
61	67
61	98
61	158
61	179
61	184
61	193
61	205
61	263
61	423
61	578
61	631
62	93
62	127
62	145
62	157
62	158
62	185
62	245
62	266
62	270
62	299
62	317
62	377
62	617
62	619
62	656
62	675
62	792
62	853
63	87
63	89
63	100
63	138
63	161
63	162
63	222
63	260
63	344
63	437
63	485
63	668
63	676
63	724
63	774
63	809
63	902
64	65
64	144
64	213
64	224
64	244
64	261
64	330
64	371
64	394
64	401
64	427
64	479
64	540
64	548
64	603
64	687
64	752
64	890
64	921
65	84
65	125
65	186
65	248
65	314
65	321
65	396
65	410
65	426
65	452
65	456
65	479
65	698
65	703
65	806
65	864
65	964
66	76
66	97
66	128
66	143
66	166
66	243
66	279
66	374
66	402
66	403
66	749
66	783
67	92
67	142
67	216
67	263
67	505
67	509
67	554
67	591
67	609
67	939
67	973
68	107
68	129
68	149
68	165
68	200
68	240
68	253
68	283
68	295
68	448
68	482
68	543
68	739
68	755
68	766
68	859
68	898
68	917
68	972
69	81
69	209
69	213
69	242
69	352
69	486
69	663
69	712
69	744
70	115
70	131
70	172
70	179
70	193
70	483
70	688
70	697
71	224
71	236
71	258
71	265
71	312
71	347
71	358
71	371
71	394
71	581
71	584
71	593
71	711
71	714
71	936
71	945
71	996
72	81
72	90
72	95
72	110
72	121
72	129
72	184
72	242
72	276
72	536
72	545
72	880
73	100
73	103
73	117
73	156
73	247
73	262
73	409
73	437
73	727
73	852
73	855
73	892
74	81
74	108
74	248
74	276
74	357
74	566
74	709
74	766
74	788
74	794
74	844
75	85
75	111
75	199
75	541
75	629
75	715
75	810
75	821
75	915
76	97
76	114
76	243
76	291
76	318
76	354
76	719
76	749
76	762
76	882
77	94
77	96
77	189
77	192
77	219
77	229
77	281
77	348
77	442
77	446
77	518
77	655
77	736
78	81
78	92
78	110
78	206
78	338
78	554
78	647
79	84
79	123
79	150
79	165
79	210
79	280
79	342
79	381
79	542
79	672
79	746
79	767
79	776
79	884
79	941
79	950
80	88
80	98
80	104
80	121
80	212
80	230
80	272
80	278
80	291
80	302
80	773
80	818
80	948
80	995
81	113
81	199
81	308
81	647
81	781
81	958
82	87
82	138
82	162
82	320
82	385
82	440
82	507
82	668
82	876
82	970
82	993
83	92
83	142
83	159
83	172
83	242
83	461
83	477
83	498
83	532
83	562
84	141
84	145
84	342
84	393
84	528
84	529
84	713
84	741
84	862
84	929
84	950
84	955
84	979
85	131
85	179
85	311
85	380
85	422
85	428
85	493
85	738
85	861
85	965
86	88
86	98
86	104
86	106
86	121
86	192
86	230
86	288
86	366
86	376
86	801
86	883
86	930
86	998
87	222
87	232
87	239
87	437
87	473
87	507
87	608
87	651
87	847
87	848
87	854
88	98
88	185
88	212
88	230
88	278
88	302
88	353
88	379
88	391
88	433
88	694
88	732
89	102
89	103
89	169
89	252
89	273
89	329
89	352
89	551
89	674
89	739
89	789
89	849
89	937
89	956
90	95
90	247
90	262
90	297
90	309
90	343
90	371
90	417
91	101
91	180
91	439
91	530
91	533
91	616
91	645
91	666
91	686
91	702
91	718
91	722
91	760
91	860
91	879
92	130
92	132
92	160
92	361
92	389
92	468
92	807
93	127
93	145
93	157
93	158
93	177
93	245
93	266
93	270
93	299
93	420
93	656
93	853
93	931
94	140
94	192
94	208
94	219
94	221
94	336
94	450
94	842
95	170
95	279
95	308
95	496
95	569
95	733
95	874
96	115
96	438
96	665
96	717
96	940
96	971
97	166
97	322
97	354
97	415
97	486
97	520
97	783
98	120
98	182
98	212
98	278
98	291
98	353
98	455
98	461
98	734
98	839
99	109
99	153
99	168
99	173
99	229
99	301
99	370
99	420
99	523
99	535
99	542
99	589
99	707
99	903
99	942
100	236
100	238
100	262
100	286
100	729
100	744
100	834
101	180
101	253
101	439
101	530
101	533
101	574
101	616
101	645
101	666
101	702
101	718
101	722
101	860
101	897
102	140
102	225
102	261
102	296
102	311
102	363
102	393
102	475
102	680
102	684
102	814
102	836
102	901
103	174
103	201
103	252
103	273
103	292
103	329
103	551
103	621
103	674
103	739
103	789
103	849
103	956
104	120
104	167
104	182
104	191
104	260
104	376
104	489
104	590
104	775
104	818
104	883
105	115
105	201
105	337
105	625
105	699
105	733
105	738
105	790
106	128
106	317
106	349
106	388
106	481
106	508
106	521
106	536
106	580
106	597
106	679
106	904
107	129
107	149
107	152
107	253
107	332
107	482
107	543
107	575
107	698
107	832
107	898
107	917
108	224
108	357
108	559
108	560
108	664
108	857
109	111
109	117
109	168
109	173
109	229
109	301
109	420
109	512
109	535
109	611
109	693
109	707
109	942
110	119
110	296
110	325
110	563
110	663
110	726
110	779
110	927
111	205
111	406
111	424
111	562
111	570
111	614
111	888
112	152
112	171
112	197
112	500
112	525
112	534
112	538
112	583
112	599
112	664
112	742
112	756
112	760
112	841
112	858
113	164
113	246
113	258
113	268
113	347
113	427
113	462
113	613
113	815
113	945
113	947
114	272
114	277
114	359
114	372
114	467
114	502
114	572
114	586
114	759
114	764
114	880
114	953
115	178
115	201
115	357
115	632
115	851
115	855
116	194
116	275
116	458
116	488
116	502
116	568
116	615
116	631
116	700
116	834
116	871
116	906
117	135
117	345
117	709
117	723
117	804
117	971
118	119
118	173
118	197
118	237
118	536
118	844
119	175
119	322
119	341
119	545
119	648
119	805
119	807
120	182
120	208
120	291
120	302
120	391
120	485
120	514
120	579
120	857
121	212
121	230
121	288
121	291
121	391
121	585
121	663
121	773
121	801
122	161
122	396
122	550
122	576
122	578
122	769
122	900
122	905
122	931
123	219
123	403
123	411
123	494
123	522
123	587
123	662
123	840
123	863
123	891
123	893
124	132
124	147
124	257
124	271
124	298
124	307
124	448
124	449
124	495
124	573
124	622
124	628
124	831
125	186
125	264
125	313
125	314
125	321
125	331
125	436
125	456
125	479
125	701
125	796
125	863
125	963
126	137
126	202
126	315
126	344
126	655
126	886
127	157
127	158
127	185
127	245
127	266
127	270
127	379
127	617
127	656
127	774
127	982
128	133
128	139
128	156
128	400
128	481
128	547
128	804
128	892
128	904
128	922
129	165
129	240
129	253
129	295
129	332
129	482
129	789
129	832
129	972
130	205
130	255
130	468
130	515
130	659
130	730
131	146
131	252
131	747
131	916
132	147
132	257
132	288
132	298
132	449
132	495
132	506
132	628
132	635
132	646
132	701
133	139
133	156
133	204
133	317
133	481
133	597
133	804
133	828
133	922
134	287
134	317
134	350
134	373
134	416
134	509
134	531
134	577
134	743
134	745
134	810
135	195
135	260
135	328
135	343
135	351
135	671
135	702
135	822
136	200
136	227
136	236
136	249
136	417
136	492
136	732
137	356
137	399
137	592
137	605
137	612
138	162
138	390
138	453
138	486
138	507
138	809
138	868
138	944
139	156
139	179
139	349
139	382
139	407
139	508
139	547
139	817
139	930
140	196
140	225
140	296
140	384
140	393
140	395
140	475
140	684
140	711
140	901
141	152
141	177
141	250
141	280
141	369
141	428
141	569
141	637
141	724
141	776
142	157
142	179
142	263
142	925
143	144
143	151
143	201
143	203
143	234
143	431
143	501
143	623
143	638
143	728
143	747
143	775
144	246
144	312
144	383
144	462
144	580
144	581
144	596
144	623
144	636
145	157
145	158
145	185
145	299
145	640
145	675
145	853
145	931
146	266
146	342
146	491
146	532
146	649
146	753
147	149
147	298
147	336
147	448
147	449
147	491
147	506
147	622
147	646
148	150
148	160
148	323
148	327
148	473
148	524
148	552
148	644
148	683
148	759
148	764
148	867
149	160
149	165
149	240
149	253
149	283
149	482
149	553
149	755
149	832
150	152
150	210
150	307
150	464
150	471
150	526
150	776
150	872
151	203
151	234
151	252
151	399
151	406
151	431
151	501
151	623
151	638
151	728
151	997
152	198
152	210
152	307
152	369
152	428
152	929
153	168
153	173
153	229
153	370
153	420
153	535
153	542
153	611
153	901
154	163
154	235
154	285
154	335
154	499
154	538
154	573
154	589
154	782
154	995
155	183
155	215
155	292
155	324
155	451
155	466
155	497
155	527
155	574
155	720
155	842
155	875
156	349
156	382
156	597
156	817
156	828
157	158
157	185
157	270
157	617
157	656
157	962
158	185
158	245
158	266
158	299
158	655
159	343
159	496
159	505
159	888
159	992
160	223
160	226
160	323
160	327
160	473
160	524
160	683
160	764
160	867
161	254
161	337
161	469
161	515
161	710
162	222
162	257
162	320
162	390
162	437
162	685
163	235
163	259
163	335
163	350
163	429
163	499
163	782
163	951
163	995
163	1000
164	224
164	293
164	383
164	548
164	596
164	714
164	921
164	947
165	240
165	271
165	332
165	543
165	556
165	859
166	306
166	510
166	748
166	927
167	182
167	212
167	230
167	366
167	416
167	809
167	958
167	987
168	173
168	229
168	301
168	345
168	504
168	611
168	942
169	177
169	207
169	294
169	523
169	593
169	604
169	692
169	735
169	768
169	826
170	242
170	397
170	507
171	247
171	249
171	269
171	466
171	648
171	980
172	235
172	255
172	502
172	900
172	955
172	966
173	229
173	301
173	370
173	504
173	875
174	375
174	452
174	477
174	579
174	592
175	326
175	342
175	667
176	356
176	476
176	660
176	972
177	207
177	294
177	379
177	523
177	593
177	692
177	826
177	865
178	487
178	490
178	551
178	564
178	634
179	205
179	372
180	215
180	439
180	533
180	645
180	666
180	860
180	879
181	302
181	310
181	424
181	483
181	966
182	302
182	585
182	883
182	918
182	981
183	324
183	466
183	497
183	527
183	720
183	842
183	928
184	365
184	402
184	435
184	460
184	680
184	695
184	861
185	245
185	249
185	270
185	377
185	478
186	321
186	456
186	479
186	703
186	808
186	864
187	557
187	567
187	602
187	887
188	218
188	259
188	386
188	415
188	432
188	450
188	594
188	626
188	672
188	777
188	967
189	208
189	219
189	333
189	490
190	231
190	265
190	331
190	544
190	642
190	730
190	763
190	812
190	815
190	982
191	196
191	204
191	283
191	419
191	557
191	595
191	750
191	811
191	823
192	202
192	612
192	799
193	295
193	406
193	748
193	916
194	275
194	325
194	478
194	488
194	568
194	631
194	700
194	834
194	906
195	300
195	925
196	204
196	331
196	419
196	557
196	595
196	641
196	823
196	913
197	434
197	599
197	651
197	760
197	811
197	827
197	841
197	932
198	271
198	444
198	525
198	582
198	754
198	835
198	924
199	207
199	256
199	365
199	459
199	860
200	319
200	455
200	893
201	477
202	208
202	344
202	426
203	234
203	294
203	431
203	501
203	623
203	638
203	747
204	419
204	557
204	595
204	750
204	823
204	825
204	913
205	679
205	807
205	856
206	326
206	906
206	936
206	986
207	294
207	379
207	624
207	635
207	692
207	768
207	826
208	223
208	258
208	392
208	612
209	233
209	248
209	334
209	716
209	889
210	297
210	713
210	939
210	941
210	950
211	223
211	356
211	427
211	461
211	485
212	284
212	288
212	353
212	814
212	887
213	246
213	268
213	619
213	687
213	821
213	989
214	360
214	486
214	531
214	813
215	305
215	324
215	384
215	387
215	492
215	516
215	570
215	911
216	300
216	315
216	903
217	227
217	289
217	398
217	457
217	695
217	791
217	805
217	820
218	418
218	432
218	450
218	614
218	626
218	672
219	310
219	392
219	845
220	362
220	439
220	787
220	803
220	822
220	952
221	414
221	605
222	567
222	907
223	281
223	753
224	312
224	462
224	619
224	821
225	286
225	311
225	393
225	395
225	475
225	659
225	711
226	327
226	473
226	524
226	552
226	683
226	764
227	297
227	303
227	409
228	284
228	330
228	340
228	351
228	470
228	621
228	682
229	504
229	512
230	584
230	587
230	694
231	244
231	331
231	409
231	696
231	730
231	815
231	982
232	299
232	484
232	540
232	620
232	650
232	952
232	998
233	397
233	554
233	918
234	500
234	638
234	687
234	728
234	747
234	802
235	285
235	429
235	499
235	661
235	920
236	800
237	260
237	785
238	447
238	837
239	255
239	355
239	374
239	391
239	784
240	283
240	445
240	578
240	972
241	286
241	400
241	618
241	650
241	704
241	840
241	846
241	894
241	952
242	602
242	604
242	727
243	301
243	305
244	246
244	261
244	265
244	548
244	687
244	936
245	377
245	931
246	285
246	347
246	636
246	669
247	332
247	471
248	289
248	637
249	411
249	513
249	933
250	337
250	404
251	511
251	630
251	829
252	273
252	292
252	329
252	352
252	937
253	283
253	295
253	755
253	956
254	798
254	803
255	380
255	443
255	444
255	993
256	276
256	367
256	797
257	448
257	491
257	495
257	506
257	573
258	427
258	548
258	581
259	386
259	418
259	442
259	594
259	614
259	626
259	672
260	355
260	485
260	641
261	371
261	394
261	619
261	974
261	996
262	524
262	722
263	523
263	742
263	944
264	341
264	510
264	514
264	526
264	635
264	793
264	869
264	976
265	268
265	371
265	584
265	752
265	864
266	617
266	675
266	879
267	291
267	356
267	601
267	962
268	394
268	613
268	645
268	758
269	362
269	581
269	980
270	548
270	749
270	792
271	282
271	444
271	582
271	754
271	835
272	277
272	372
272	467
272	502
272	572
272	661
273	329
273	352
273	853
273	956
274	375
274	480
274	652
274	781
274	885
275	458
275	488
275	568
275	677
275	714
275	834
277	307
277	372
277	502
277	572
277	586
277	986
278	376
278	694
279	451
279	783
280	369
280	405
280	474
280	939
281	560
281	736
281	889
282	444
282	488
282	525
282	582
282	746
282	754
282	924
283	295
283	556
284	325
284	330
284	340
284	621
284	873
285	429
285	538
285	661
285	920
286	400
286	484
286	620
286	650
286	952
287	350
287	373
287	416
287	435
287	531
287	743
287	896
288	657
288	981
289	363
289	398
289	401
289	457
289	791
290	305
290	384
290	413
290	516
290	676
290	819
290	911
291	366
292	329
292	674
292	739
292	789
293	455
294	370
294	379
294	593
294	604
295	575
295	859
296	395
296	580
296	684
296	812
296	901
297	770
298	443
298	573
298	646
298	831
299	377
299	675
300	831
300	908
301	370
301	420
301	616
303	314
303	326
303	346
303	430
303	503
304	487
305	384
305	387
305	413
305	516
306	339
306	402
306	424
306	517
307	526
307	529
307	955
308	454
308	634
309	709
309	951
310	461
310	895
311	393
311	395
311	812
311	814
312	462
312	580
313	314
313	321
313	396
313	452
313	808
314	396
314	698
314	963
315	399
315	889
316	487
316	658
316	705
317	382
317	388
318	994
319	346
319	777
319	813
319	983
320	385
320	403
320	902
321	410
321	878
322	733
323	327
323	628
323	683
323	867
324	451
324	574
324	994
325	330
325	351
325	378
325	793
326	441
327	473
327	961
328	345
328	707
329	352
330	378
330	621
330	873
331	544
331	696
331	763
332	382
332	898
332	917
333	496
333	539
334	358
334	659
335	336
335	429
335	589
335	1000
337	796
338	862
338	895
339	343
339	518
340	351
340	406
340	470
340	553
341	463
341	514
341	528
341	669
341	870
342	979
344	461
345	454
345	980
346	373
347	355
347	890
348	655
349	382
349	388
349	610
350	441
350	509
350	577
351	378
351	682
351	945
352	551
352	876
353	366
353	391
354	816
354	866
355	506
355	641
355	784
357	412
358	813
358	837
359	407
359	502
359	586
359	689
359	953
361	601
361	957
362	427
362	899
362	985
363	398
363	401
363	457
363	820
363	977
364	465
364	489
364	576
364	643
364	725
364	935
365	909
366	611
366	778
367	505
367	519
368	400
368	481
368	540
368	691
368	846
368	894
369	741
370	433
370	903
371	758
372	586
372	953
373	416
373	441
373	634
373	745
374	586
375	940
376	794
376	837
376	897
377	418
377	792
378	483
378	553
378	873
379	593
379	865
380	503
380	725
381	929
381	979
382	1000
383	581
383	603
383	613
383	731
383	908
384	387
384	413
384	911
385	668
385	876
385	948
386	418
386	614
386	626
386	967
387	819
387	838
388	679
388	923
389	802
390	774
390	943
391	588
392	399
392	519
393	475
393	814
394	412
394	473
395	684
395	836
396	452
396	808
397	433
397	704
398	401
398	530
398	754
398	989
399	442
400	484
400	618
400	691
401	791
401	820
402	494
403	411
403	522
403	840
403	893
404	541
405	465
405	741
405	946
408	539
410	456
410	806
410	864
410	969
411	522
411	662
411	891
413	453
413	570
413	674
414	633
414	652
415	914
416	441
416	810
418	967
419	595
419	717
419	811
420	504
421	546
421	632
421	960
422	496
422	963
423	576
423	690
424	639
425	673
425	824
425	850
426	436
426	643
426	703
426	806
427	462
428	526
428	955
429	499
431	623
431	997
432	450
432	594
432	614
432	647
433	563
434	583
434	651
434	760
434	824
434	827
435	859
436	456
436	796
438	677
439	530
439	883
440	600
441	531
442	959
444	525
444	924
445	504
445	639
446	632
446	761
446	780
447	949
448	472
448	573
449	491
449	665
450	594
450	672
451	466
451	574
451	928
452	963
452	964
453	681
453	934
453	943
453	946
454	970
455	654
456	670
457	460
457	805
457	977
458	615
458	617
458	631
463	510
463	528
463	635
463	716
463	891
464	957
465	478
465	606
465	935
465	984
466	720
466	988
467	689
467	759
467	880
468	881
470	621
470	793
470	801
471	862
471	872
472	717
472	886
474	488
475	711
475	990
476	587
476	602
476	835
477	919
478	489
478	725
478	984
479	698
480	561
481	521
482	575
483	498
484	618
485	847
488	906
489	606
489	643
489	984
490	962
491	831
491	882
492	570
492	671
492	819
492	838
493	741
494	863
494	891
494	893
495	622
495	646
496	914
496	938
497	574
497	692
497	842
497	928
498	954
499	589
500	531
500	664
500	742
500	841
501	947
501	997
503	751
506	667
508	597
509	743
509	745
510	669
510	870
511	658
511	670
511	881
512	611
512	903
514	528
514	869
515	817
516	683
516	838
517	769
517	966
519	915
520	826
521	817
522	596
522	840
523	830
524	552
525	699
526	746
527	832
527	875
527	994
528	669
529	941
530	645
532	544
532	965
533	598
533	702
534	664
534	756
534	858
534	921
535	542
535	559
537	547
537	558
537	896
537	946
537	969
538	951
538	995
540	894
540	998
541	887
542	707
543	978
544	642
544	696
547	922
549	745
550	566
550	797
550	926
551	674
552	582
552	712
553	682
554	566
555	598
556	575
556	818
556	847
557	750
558	681
558	896
558	946
560	780
561	706
561	800
562	578
563	825
564	941
565	719
567	665
568	615
569	988
571	594
571	861
572	880
572	940
575	682
577	615
577	723
577	810
579	794
580	996
582	699
583	652
583	756
584	974
585	822
587	624
587	662
588	841
591	715
591	740
591	843
596	731
596	821
597	907
599	734
599	827
600	627
601	990
603	681
603	714
603	945
604	830
605	798
606	643
606	904
606	923
607	881
612	942
613	932
615	871
616	666
616	718
618	691
618	954
620	650
620	967
622	628
622	646
624	662
624	688
624	863
625	981
630	844
635	870
636	678
636	890
641	847
642	763
642	982
644	855
647	751
648	949
651	734
651	932
653	686
654	726
657	775
657	801
657	857
659	807
661	782
661	951
663	780
666	710
669	976
675	771
676	868
678	731
678	921
680	704
680	927
681	934
681	968
682	793
684	884
686	827
689	759
695	977
695	989
699	835
700	871
701	796
701	964
706	950
708	768
708	830
708	865
708	977
718	869
722	879
725	923
729	791
729	985
730	815
734	932
735	878
735	944
742	858
750	784
752	917
752	936
755	979
757	911
758	974
762	852
768	974
770	971
776	858
779	933
783	838
794	948
805	989
806	928
811	913
812	836
825	874
836	976
843	935
846	998
849	937
862	988
865	900
866	886
869	976
872	938
875	994
885	996
894	965
896	969
898	934
905	960
920	1000
923	935
934	943
943	968
968	969
