1	2
1	3
1	4
1	6
1	16
1	17
1	18
1	19
1	22
1	24
1	25
1	27
1	29
1	31
1	32
1	34
1	35
1	36
1	42
1	47
1	48
1	49
1	52
1	59
1	63
1	65
1	66
1	67
1	78
1	87
1	90
1	95
1	101
1	104
1	107
1	109
1	121
1	128
1	131
1	132
1	135
1	152
1	172
1	206
1	207
1	218
1	238
1	249
1	253
1	257
1	267
1	280
1	284
1	286
1	306
1	309
1	324
1	352
1	386
1	414
1	424
1	425
1	442
1	467
1	534
1	538
1	544
1	559
1	573
1	581
1	587
1	595
1	600
1	651
1	657
1	659
1	663
1	665
1	713
1	716
1	721
1	740
1	752
1	758
1	760
1	766
1	800
1	812
1	827
1	828
1	847
1	867
1	881
1	893
1	896
1	949
2	5
2	8
2	9
2	10
2	13
2	14
2	18
2	20
2	26
2	27
2	38
2	44
2	45
2	49
2	50
2	51
2	55
2	58
2	62
2	64
2	68
2	72
2	76
2	84
2	85
2	95
2	100
2	103
2	112
2	119
2	136
2	137
2	140
2	155
2	161
2	164
2	184
2	208
2	210
2	217
2	229
2	251
2	255
2	275
2	280
2	282
2	307
2	310
2	318
2	330
2	337
2	356
2	393
2	418
2	434
2	446
2	480
2	506
2	511
2	516
2	523
2	545
2	550
2	565
2	575
2	591
2	594
2	613
2	643
2	656
2	667
2	670
2	685
2	694
2	727
2	736
2	785
2	806
2	813
2	831
2	838
2	840
2	866
2	892
2	936
2	939
2	995
3	4
3	5
3	6
3	16
3	18
3	22
3	24
3	25
3	27
3	29
3	30
3	31
3	34
3	35
3	36
3	40
3	42
3	46
3	47
3	48
3	63
3	65
3	66
3	67
3	74
3	78
3	80
3	84
3	93
3	100
3	109
3	119
3	121
3	126
3	131
3	132
3	136
3	178
3	195
3	207
3	219
3	224
3	226
3	258
3	262
3	263
3	265
3	267
3	283
3	300
3	319
3	327
3	335
3	366
3	378
3	428
3	457
3	468
3	504
3	507
3	528
3	534
3	539
3	560
3	569
3	571
3	600
3	612
3	615
3	618
3	619
3	623
3	628
3	639
3	656
3	717
3	825
3	839
3	845
3	869
3	887
3	888
3	895
3	902
3	988
4	5
4	6
4	7
4	9
4	15
4	16
4	17
4	18
4	22
4	24
4	25
4	27
4	29
4	31
4	32
4	34
4	35
4	36
4	42
4	46
4	50
4	51
4	54
4	58
4	59
4	60
4	65
4	66
4	67
4	78
4	80
4	87
4	93
4	101
4	104
4	109
4	131
4	132
4	176
4	184
4	202
4	216
4	226
4	232
4	239
4	256
4	299
4	322
4	327
4	341
4	367
4	386
4	440
4	443
4	452
4	473
4	477
4	493
4	499
4	549
4	558
4	559
4	581
4	603
4	606
4	659
4	685
4	713
4	728
4	810
4	828
4	842
4	852
4	864
4	865
4	867
4	874
4	883
4	914
4	942
4	943
4	957
4	969
4	989
5	8
5	9
5	10
5	13
5	14
5	20
5	25
5	26
5	27
5	28
5	38
5	44
5	45
5	49
5	50
5	51
5	55
5	58
5	62
5	68
5	76
5	84
5	85
5	89
5	92
5	100
5	107
5	111
5	119
5	136
5	144
5	164
5	170
5	171
5	193
5	202
5	210
5	217
5	275
5	282
5	314
5	321
5	330
5	346
5	388
5	390
5	393
5	404
5	486
5	505
5	529
5	565
5	579
5	586
5	588
5	590
5	591
5	629
5	639
5	650
5	665
5	667
5	686
5	717
5	720
5	734
5	737
5	748
5	759
5	767
5	812
5	813
5	822
5	866
5	913
5	916
5	994
5	995
6	14
6	16
6	17
6	18
6	19
6	25
6	27
6	28
6	32
6	34
6	35
6	36
6	43
6	47
6	52
6	59
6	63
6	65
6	67
6	73
6	87
6	93
6	107
6	109
6	131
6	132
6	184
6	197
6	206
6	207
6	218
6	232
6	249
6	251
6	252
6	255
6	260
6	263
6	267
6	271
6	281
6	288
6	309
6	311
6	341
6	355
6	367
6	375
6	452
6	458
6	464
6	473
6	483
6	486
6	493
6	498
6	507
6	582
6	607
6	621
6	628
6	632
6	717
6	721
6	780
6	783
6	805
6	810
6	827
6	835
6	883
6	915
6	926
6	955
7	12
7	21
7	28
7	30
7	33
7	37
7	40
7	44
7	51
7	53
7	56
7	57
7	69
7	73
7	74
7	88
7	94
7	99
7	105
7	106
7	125
7	126
7	130
7	131
7	153
7	168
7	169
7	174
7	185
7	200
7	210
7	211
7	225
7	228
7	237
7	246
7	281
7	295
7	302
7	307
7	320
7	358
7	365
7	379
7	383
7	408
7	420
7	433
7	447
7	450
7	451
7	489
7	491
7	533
7	543
7	548
7	564
7	642
7	646
7	655
7	680
7	704
7	711
7	712
7	714
7	721
7	746
7	769
7	903
7	943
7	945
7	962
7	968
7	976
7	994
7	997
8	9
8	10
8	13
8	14
8	16
8	18
8	20
8	26
8	35
8	38
8	44
8	45
8	49
8	50
8	51
8	53
8	58
8	61
8	62
8	64
8	72
8	84
8	85
8	97
8	100
8	111
8	114
8	136
8	140
8	144
8	161
8	171
8	217
8	251
8	254
8	280
8	282
8	296
8	301
8	321
8	330
8	383
8	388
8	404
8	418
8	435
8	446
8	522
8	567
8	575
8	577
8	579
8	601
8	635
8	670
8	683
8	706
8	727
8	742
8	764
8	782
8	884
8	913
8	984
9	10
9	13
9	14
9	17
9	20
9	26
9	29
9	38
9	44
9	45
9	50
9	51
9	58
9	61
9	62
9	64
9	68
9	76
9	84
9	90
9	92
9	118
9	119
9	138
9	144
9	161
9	170
9	184
9	187
9	210
9	251
9	281
9	314
9	356
9	359
9	363
9	364
9	377
9	453
9	511
9	516
9	565
9	577
9	579
9	586
9	656
9	704
9	720
9	736
9	759
9	831
9	866
9	891
9	921
9	939
9	956
9	994
10	13
10	14
10	15
10	20
10	22
10	26
10	29
10	38
10	44
10	45
10	49
10	50
10	51
10	55
10	58
10	62
10	68
10	72
10	84
10	85
10	91
10	92
10	95
10	119
10	132
10	136
10	144
10	155
10	170
10	241
10	295
10	316
10	318
10	323
10	359
10	382
10	404
10	454
10	490
10	505
10	516
10	537
10	558
10	575
10	594
10	601
10	670
10	748
10	759
10	782
10	785
10	806
10	884
10	891
11	16
11	21
11	23
11	32
11	41
11	50
11	75
11	83
11	86
11	89
11	101
11	127
11	160
11	163
11	166
11	167
11	202
11	253
11	258
11	272
11	287
11	306
11	323
11	334
11	345
11	371
11	400
11	407
11	458
11	475
11	538
11	557
11	610
11	624
11	633
11	664
11	674
11	681
11	691
11	693
11	705
11	734
11	776
11	779
11	809
11	877
11	917
11	929
11	931
11	953
11	993
12	16
12	30
12	32
12	33
12	35
12	37
12	40
12	53
12	56
12	57
12	68
12	69
12	74
12	88
12	94
12	99
12	101
12	106
12	153
12	169
12	196
12	200
12	211
12	212
12	225
12	228
12	237
12	281
12	295
12	307
12	320
12	365
12	383
12	405
12	408
12	410
12	420
12	447
12	450
12	451
12	533
12	543
12	548
12	646
12	701
12	703
12	770
12	876
13	14
13	16
13	20
13	26
13	31
13	38
13	41
13	44
13	45
13	49
13	52
13	55
13	62
13	64
13	68
13	72
13	92
13	119
13	138
13	140
13	144
13	155
13	157
13	172
13	210
13	314
13	348
13	388
13	390
13	418
13	430
13	471
13	523
13	558
13	601
13	685
13	727
13	851
13	884
13	885
13	967
14	16
14	20
14	26
14	38
14	49
14	55
14	56
14	64
14	68
14	72
14	84
14	92
14	100
14	111
14	161
14	164
14	171
14	213
14	217
14	253
14	314
14	321
14	364
14	382
14	390
14	445
14	476
14	505
14	511
14	560
14	567
14	577
14	767
14	813
14	814
14	820
14	937
15	28
15	42
15	43
15	45
15	54
15	70
15	98
15	117
15	124
15	134
15	238
15	247
15	259
15	268
15	302
15	329
15	384
15	394
15	398
15	408
15	410
15	430
15	494
15	495
15	502
15	520
15	524
15	561
15	649
15	674
15	722
15	725
15	753
15	754
15	762
15	786
15	794
15	833
15	848
15	912
15	958
15	981
16	17
16	22
16	24
16	25
16	27
16	31
16	32
16	34
16	36
16	42
16	46
16	47
16	48
16	63
16	91
16	106
16	128
16	172
16	190
16	206
16	254
16	288
16	306
16	319
16	322
16	496
16	498
16	510
16	542
16	559
16	632
16	778
16	806
16	817
17	18
17	27
17	31
17	32
17	35
17	36
17	42
17	44
17	46
17	48
17	59
17	63
17	101
17	104
17	118
17	131
17	176
17	184
17	195
17	225
17	226
17	230
17	232
17	247
17	341
17	360
17	573
17	578
17	680
17	707
17	758
17	828
17	867
17	883
17	949
17	987
17	996
18	24
18	25
18	27
18	34
18	43
18	46
18	51
18	75
18	78
18	87
18	132
18	160
18	178
18	216
18	231
18	257
18	290
18	299
18	300
18	322
18	335
18	369
18	428
18	432
18	446
18	499
18	569
18	578
18	591
18	657
18	818
18	893
18	901
19	24
19	25
19	29
19	35
19	36
19	39
19	40
19	42
19	48
19	53
19	63
19	87
19	90
19	93
19	102
19	126
19	195
19	216
19	219
19	221
19	224
19	254
19	256
19	286
19	328
19	349
19	411
19	426
19	487
19	507
19	639
19	657
19	663
19	703
19	760
19	881
19	940
19	991
20	26
20	49
20	51
20	55
20	58
20	72
20	76
20	85
20	109
20	111
20	112
20	136
20	210
20	280
20	298
20	321
20	364
20	379
20	382
20	384
20	445
20	486
20	575
20	586
20	592
20	594
20	814
20	840
20	844
20	916
20	967
20	995
21	23
21	41
21	48
21	75
21	81
21	86
21	89
21	127
21	163
21	205
21	209
21	253
21	258
21	272
21	287
21	332
21	334
21	345
21	371
21	391
21	400
21	458
21	538
21	587
21	610
21	624
21	674
21	691
21	734
21	753
21	776
21	917
21	929
21	990
21	993
22	24
22	27
22	29
22	35
22	46
22	52
22	55
22	80
22	128
22	133
22	138
22	176
22	178
22	186
22	190
22	232
22	244
22	262
22	263
22	312
22	353
22	424
22	427
22	499
22	515
22	600
22	778
22	790
22	812
22	842
22	854
23	41
23	75
23	86
23	89
23	127
23	137
23	163
23	209
23	258
23	272
23	287
23	334
23	345
23	371
23	400
23	407
23	458
23	466
23	538
23	557
23	599
23	624
23	633
23	681
23	706
23	720
23	737
23	779
23	841
23	877
23	923
23	953
23	977
24	25
24	30
24	31
24	36
24	47
24	59
24	67
24	78
24	90
24	93
24	132
24	202
24	226
24	254
24	255
24	257
24	260
24	298
24	381
24	411
24	443
24	526
24	615
24	641
24	755
24	948
24	996
25	27
25	29
25	31
25	32
25	36
25	52
25	59
25	65
25	84
25	160
25	184
25	207
25	216
25	231
25	275
25	290
25	350
25	358
25	367
25	466
25	468
25	539
25	569
25	628
25	757
26	29
26	36
26	39
26	44
26	58
26	84
26	111
26	132
26	140
26	152
26	161
26	217
26	223
26	251
26	282
26	363
26	364
26	388
26	390
26	483
26	641
26	702
26	761
26	767
26	870
26	967
27	28
27	29
27	42
27	47
27	87
27	104
27	166
27	172
27	176
27	216
27	244
27	254
27	255
27	260
27	262
27	263
27	276
27	290
27	338
27	819
27	893
27	970
28	43
28	54
28	70
28	117
28	134
28	238
28	247
28	259
28	394
28	398
28	410
28	430
28	437
28	494
28	495
28	520
28	561
28	725
28	772
28	794
28	832
28	837
28	848
28	853
28	855
28	867
28	907
28	958
29	35
29	36
29	42
29	44
29	47
29	48
29	59
29	65
29	121
29	136
29	184
29	207
29	264
29	271
29	319
29	427
29	514
29	580
29	619
29	677
29	713
29	819
30	33
30	40
30	56
30	57
30	70
30	88
30	94
30	105
30	106
30	130
30	161
30	169
30	185
30	200
30	225
30	228
30	248
30	387
30	420
30	451
30	543
30	642
30	655
30	680
30	701
30	809
30	865
30	962
31	32
31	34
31	35
31	36
31	38
31	40
31	59
31	85
31	121
31	131
31	160
31	219
31	224
31	225
31	226
31	252
31	265
31	277
31	412
31	425
31	442
31	467
31	477
31	803
32	42
32	46
32	47
32	93
32	101
32	132
32	178
32	203
32	207
32	249
32	262
32	265
32	309
32	312
32	414
32	443
32	513
32	760
32	790
32	929
32	933
32	955
33	37
33	40
33	53
33	56
33	57
33	69
33	88
33	99
33	105
33	125
33	126
33	130
33	153
33	171
33	195
33	211
33	228
33	302
33	365
33	383
33	408
33	452
33	615
33	616
33	784
33	943
33	985
34	35
34	46
34	48
34	58
34	66
34	67
34	86
34	139
34	146
34	170
34	206
34	216
34	222
34	232
34	271
34	311
34	350
34	386
34	440
34	452
34	500
34	547
34	919
35	47
35	52
35	63
35	65
35	66
35	92
35	108
35	132
35	176
35	202
35	217
35	249
35	286
35	372
35	600
35	721
35	810
35	901
36	47
36	63
36	78
36	96
36	109
36	121
36	135
36	218
36	257
36	573
36	632
36	669
36	732
36	758
36	781
36	865
36	888
36	987
37	40
37	53
37	56
37	57
37	69
37	94
37	97
37	99
37	106
37	125
37	154
37	161
37	169
37	183
37	237
37	281
37	295
37	302
37	307
37	320
37	358
37	382
37	408
37	451
37	616
37	795
38	49
38	50
38	68
38	85
38	92
38	111
38	144
38	170
38	171
38	273
38	337
38	459
38	471
38	568
38	580
38	613
38	706
38	708
38	782
38	802
38	868
39	73
39	74
39	77
39	83
39	98
39	119
39	146
39	156
39	198
39	212
39	214
39	227
39	235
39	239
39	291
39	570
39	584
39	607
39	635
39	765
39	784
39	793
39	799
39	841
39	859
39	927
39	998
40	53
40	57
40	69
40	88
40	94
40	98
40	99
40	105
40	106
40	125
40	130
40	140
40	169
40	182
40	295
40	420
40	642
40	682
40	701
40	943
40	973
41	46
41	54
41	75
41	86
41	89
41	127
41	163
41	253
41	258
41	376
41	466
41	532
41	538
41	674
41	693
41	705
41	779
41	809
41	856
41	882
41	929
41	931
41	953
41	990
42	46
42	59
42	66
42	71
42	99
42	101
42	120
42	190
42	216
42	312
42	319
42	360
42	404
42	442
42	624
42	675
42	783
42	802
43	54
43	70
43	87
43	96
43	134
43	218
43	238
43	247
43	259
43	329
43	352
43	384
43	398
43	410
43	430
43	495
43	501
43	502
43	722
43	753
43	754
43	833
43	860
43	907
44	50
44	68
44	76
44	78
44	85
44	119
44	140
44	170
44	286
44	314
44	359
44	418
44	421
44	454
44	638
44	708
44	747
44	884
45	51
45	55
45	72
45	85
45	111
45	161
45	164
45	191
45	193
45	282
45	301
45	359
45	379
45	464
45	489
45	696
45	763
45	868
45	911
45	916
46	47
46	59
46	63
46	66
46	80
46	126
46	135
46	172
46	184
46	425
46	426
46	436
46	468
46	559
46	673
46	677
46	825
47	48
47	59
47	63
47	66
47	121
47	128
47	164
47	169
47	265
47	283
47	299
47	507
47	631
47	657
47	861
47	903
48	52
48	78
48	93
48	172
48	178
48	192
48	195
48	293
48	304
48	360
48	468
48	498
48	571
48	607
48	792
48	816
48	881
49	64
49	68
49	85
49	92
49	100
49	111
49	171
49	176
49	179
49	193
49	275
49	282
49	321
49	330
49	340
49	424
49	806
50	62
50	68
50	76
50	100
50	118
50	135
50	161
50	251
50	318
50	330
50	453
50	567
50	591
50	708
50	870
50	892
51	62
51	76
51	100
51	146
51	193
51	314
51	356
51	404
51	439
51	456
51	601
51	737
51	738
51	814
51	891
52	65
52	66
52	111
52	126
52	151
52	160
52	208
52	283
52	424
52	432
52	548
52	573
52	632
52	633
52	755
52	835
52	857
52	862
53	56
53	57
53	88
53	94
53	153
53	200
53	246
53	251
53	302
53	383
53	410
53	489
53	564
53	655
53	658
53	687
53	995
53	997
54	70
54	117
54	134
54	242
54	247
54	258
54	311
54	352
54	494
54	495
54	502
54	561
54	649
54	722
54	794
54	833
54	855
54	907
54	981
55	68
55	76
55	144
55	163
55	193
55	277
55	280
55	312
55	364
55	382
55	505
55	558
55	710
55	727
55	748
55	996
56	59
56	69
56	87
56	99
56	125
56	153
56	185
56	211
56	225
56	246
56	419
56	420
56	450
56	451
56	636
56	687
56	976
57	88
57	128
57	130
57	169
57	237
57	246
57	317
57	354
57	450
57	549
57	574
57	642
57	687
57	704
57	945
57	964
58	62
58	64
58	72
58	92
58	111
58	119
58	143
58	158
58	164
58	275
58	380
58	445
58	529
58	694
59	131
59	176
59	224
59	249
59	295
59	341
59	777
59	888
59	890
59	919
59	971
60	61
60	71
60	74
60	83
60	98
60	142
60	146
60	198
60	235
60	239
60	297
60	317
60	343
60	449
60	503
60	799
60	834
60	898
60	927
60	972
60	1000
61	62
61	71
61	73
61	74
61	77
61	91
61	98
61	128
61	142
61	235
61	297
61	449
61	503
61	598
61	671
61	784
61	822
61	924
61	971
62	75
62	79
62	88
62	140
62	161
62	314
62	363
62	379
62	388
62	471
62	763
62	913
63	80
63	107
63	195
63	244
63	267
63	288
63	367
63	481
63	493
63	588
63	733
63	926
64	68
64	78
64	108
64	144
64	170
64	171
64	274
64	275
64	337
64	356
64	359
64	453
64	475
64	660
64	868
65	90
65	91
65	201
65	224
65	290
65	300
65	425
65	467
65	500
65	615
65	703
65	713
65	880
65	991
66	101
66	219
66	267
66	300
66	309
66	327
66	409
66	426
66	504
66	628
66	714
66	835
67	78
67	80
67	90
67	350
67	464
67	477
67	501
67	528
67	560
67	571
67	606
67	618
67	620
67	819
67	862
68	84
68	88
68	108
68	121
68	123
68	210
68	591
68	706
69	94
69	105
69	119
69	125
69	130
69	225
69	295
69	447
69	489
69	533
69	543
69	551
69	743
69	903
69	916
70	112
70	117
70	134
70	329
70	384
70	394
70	442
70	640
70	649
70	725
70	735
70	853
70	855
70	912
70	981
71	73
71	77
71	98
71	122
71	189
71	198
71	212
71	227
71	235
71	239
71	413
71	623
71	654
71	671
71	776
71	796
71	998
72	78
72	111
72	140
72	155
72	269
72	301
72	403
72	454
72	638
72	814
72	859
72	894
73	74
73	77
73	122
73	142
73	146
73	189
73	212
73	417
73	426
73	503
73	589
73	620
73	799
73	841
73	959
74	77
74	83
74	85
74	98
74	122
74	146
74	189
74	239
74	297
74	530
74	570
74	635
74	971
75	86
75	89
75	127
75	165
75	234
75	272
75	287
75	334
75	371
75	466
75	624
75	664
75	693
75	906
76	84
76	92
76	170
76	171
76	227
76	305
76	340
76	486
76	511
76	512
76	641
76	667
77	83
77	91
77	98
77	146
77	227
77	232
77	235
77	239
77	413
77	499
77	692
77	765
77	972
77	979
78	80
78	206
78	207
78	263
78	628
78	775
78	869
78	948
79	92
79	97
79	130
79	151
79	152
79	162
79	220
79	421
79	483
79	551
79	590
79	609
79	621
79	658
79	673
79	805
79	984
79	990
80	90
80	104
80	125
80	155
80	206
80	260
80	350
80	396
80	595
80	635
80	757
81	112
81	115
81	147
81	182
81	269
81	292
81	349
81	389
81	539
81	545
81	731
81	764
81	787
81	850
81	860
81	966
81	988
82	138
82	153
82	173
82	177
82	204
82	248
82	282
82	374
82	385
82	487
82	535
82	556
82	576
82	730
82	793
82	795
82	847
82	886
83	91
83	98
83	122
83	142
83	186
83	189
83	227
83	417
83	449
83	647
83	745
83	927
83	998
84	87
84	92
84	100
84	320
84	359
84	390
84	594
85	100
85	140
85	155
85	183
85	356
85	489
85	831
86	127
86	163
86	194
86	253
86	258
86	272
86	345
86	385
86	407
86	455
86	466
86	484
87	128
87	131
87	254
87	286
87	299
87	387
87	396
87	854
87	982
88	106
88	117
88	135
88	153
88	200
88	307
88	491
88	548
88	770
89	145
89	163
89	253
89	334
89	371
89	400
89	458
89	517
89	633
89	705
89	734
90	101
90	122
90	256
90	312
90	395
90	569
90	574
90	677
90	895
90	983
91	142
91	189
91	417
91	440
91	461
91	741
91	784
91	807
91	822
91	971
91	1000
92	148
92	465
92	476
92	685
92	840
93	121
93	128
93	257
93	349
93	360
93	386
93	571
93	573
93	826
93	940
94	106
94	134
94	228
94	237
94	300
94	358
94	465
94	845
94	973
94	997
95	96
95	103
95	199
95	219
95	242
95	294
95	296
95	304
95	348
95	438
95	470
95	589
95	617
95	952
96	103
96	199
96	242
96	255
96	294
96	296
96	304
96	348
96	364
96	438
96	470
96	589
96	617
96	935
97	139
97	151
97	152
97	162
97	163
97	220
97	421
97	483
97	551
97	609
97	652
97	658
97	805
97	982
98	122
98	317
98	623
98	807
98	882
98	913
98	941
99	106
99	153
99	307
99	321
99	365
99	492
99	616
99	725
99	973
100	119
100	134
100	171
100	533
100	667
100	699
101	306
101	341
101	349
101	397
101	493
101	799
101	849
102	108
102	133
102	156
102	177
102	192
102	215
102	234
102	435
102	496
102	562
102	634
102	678
102	761
102	904
102	954
103	199
103	242
103	286
103	294
103	296
103	304
103	348
103	495
103	589
103	698
103	773
103	861
103	935
104	184
104	189
104	202
104	216
104	219
104	306
104	335
104	454
104	644
104	697
104	939
105	106
105	125
105	169
105	199
105	246
105	249
105	358
105	388
105	415
105	876
105	976
106	125
106	222
106	355
106	489
106	620
106	962
107	128
107	218
107	249
107	271
107	335
107	397
107	458
107	542
107	663
107	818
107	876
107	896
108	115
108	156
108	192
108	215
108	223
108	234
108	435
108	496
108	634
108	678
108	954
109	190
109	207
109	219
109	259
109	312
109	381
109	436
109	803
109	854
110	120
110	141
110	173
110	245
110	354
110	368
110	406
110	422
110	439
110	482
110	597
110	836
110	846
110	858
110	934
111	119
111	402
111	565
111	683
112	115
112	147
112	182
112	213
112	389
112	433
112	459
112	648
112	731
112	787
112	791
113	160
113	168
113	233
113	236
113	298
113	395
113	415
113	460
113	643
113	715
113	749
113	766
113	808
113	918
113	944
114	157
114	241
114	276
114	325
114	480
114	506
114	514
114	592
114	627
114	660
114	728
114	771
114	900
114	951
115	147
115	182
115	213
115	292
115	369
115	389
115	545
115	648
115	726
115	901
115	988
115	993
116	123
116	177
116	327
116	332
116	387
116	475
116	563
116	605
116	669
116	690
116	692
116	830
116	914
116	922
116	992
117	220
117	329
117	331
117	384
117	394
117	421
117	430
117	520
117	753
117	762
118	291
118	305
118	402
118	405
118	462
118	490
118	554
118	640
118	755
118	863
118	894
118	978
119	136
119	155
119	763
120	141
120	245
120	267
120	289
120	336
120	354
120	422
120	439
120	482
120	597
120	846
120	858
120	925
121	224
121	235
121	397
121	411
121	560
121	739
121	893
122	146
122	235
122	485
122	503
122	585
122	623
122	642
122	793
123	332
123	387
123	389
123	475
123	563
123	614
123	669
123	830
123	914
123	922
123	932
123	992
124	133
124	143
124	145
124	204
124	406
124	488
124	519
124	528
124	568
124	661
124	666
124	672
124	980
125	228
125	491
125	556
125	563
125	903
126	132
126	135
126	141
126	178
126	224
126	252
126	739
126	817
127	153
127	163
127	310
127	371
127	531
127	645
127	681
127	990
128	303
128	436
128	498
128	845
128	940
129	149
129	165
129	181
129	187
129	333
129	338
129	401
129	525
129	536
129	582
129	637
129	650
129	942
129	965
130	153
130	185
130	240
130	368
130	450
130	714
130	876
131	202
131	290
131	367
131	370
131	496
132	258
132	369
132	621
133	143
133	145
133	196
133	215
133	406
133	488
133	568
133	651
133	666
133	672
133	885
134	256
134	329
134	502
134	524
134	832
134	964
135	145
135	160
135	172
135	176
135	202
135	256
135	372
136	155
136	236
136	301
136	747
136	840
137	154
137	340
137	346
137	429
137	452
137	513
137	518
137	614
137	622
137	662
137	890
138	173
138	177
138	204
138	374
138	385
138	556
138	751
138	795
138	820
139	154
139	175
139	183
139	203
139	231
139	279
139	357
139	610
139	612
139	718
139	928
140	171
140	210
140	297
140	453
141	167
141	245
141	325
141	354
141	422
141	439
141	482
141	836
141	858
141	925
142	198
142	449
142	581
142	610
142	620
142	652
142	882
142	972
143	145
143	151
143	196
143	406
143	488
143	666
143	672
143	801
143	804
143	980
144	210
144	321
144	348
144	525
144	747
145	196
145	222
145	528
145	666
145	756
145	789
145	804
145	885
146	198
146	317
146	617
146	807
146	882
147	182
147	292
147	369
147	433
147	541
147	791
147	798
147	860
147	958
147	988
148	261
148	328
148	392
148	414
148	434
148	676
148	684
148	699
148	801
148	864
148	897
148	920
149	165
149	181
149	187
149	338
149	373
149	388
149	525
149	637
149	797
149	815
149	942
149	965
150	221
150	277
150	278
150	313
150	372
150	392
150	438
150	455
150	584
150	791
150	811
150	961
151	152
151	162
151	191
151	551
151	590
151	609
151	658
151	982
152	162
152	220
152	301
152	421
152	483
152	652
152	658
153	189
153	358
154	257
154	346
154	429
154	513
154	614
154	622
154	890
154	910
154	959
155	217
155	243
155	326
155	379
156	192
156	220
156	223
156	234
156	247
156	435
156	496
156	562
156	761
157	166
157	205
157	264
157	448
157	611
157	630
157	645
157	824
157	924
157	956
158	180
158	201
158	370
158	419
158	473
158	588
158	724
158	792
158	932
158	947
158	952
159	236
159	243
159	269
159	323
159	381
159	505
159	596
159	816
159	856
159	908
159	921
159	965
160	257
160	542
160	581
160	839
160	957
161	558
161	641
162	220
162	233
162	396
162	426
162	483
162	609
162	673
162	982
163	649
163	917
163	931
164	278
164	418
164	529
164	580
164	870
164	891
165	181
165	187
165	338
165	525
165	536
165	559
165	582
165	650
165	757
166	205
166	285
166	329
166	448
166	630
166	645
166	688
166	824
166	956
167	229
167	270
167	603
167	625
167	682
167	690
167	742
167	769
167	821
167	970
168	181
168	226
168	233
168	298
168	415
168	460
168	643
168	715
168	918
168	944
169	207
169	447
169	491
169	704
170	363
170	377
170	638
170	967
171	523
171	738
172	245
172	311
172	386
172	474
172	665
173	177
173	204
173	339
173	374
173	385
173	432
173	535
173	576
173	751
174	345
174	457
174	509
174	654
174	679
174	796
174	837
174	838
174	871
174	977
175	183
175	203
175	231
175	279
175	300
175	357
175	391
175	612
175	700
175	928
176	193
176	697
176	736
177	204
177	385
177	504
177	556
177	847
177	886
178	300
178	309
178	311
178	621
178	845
179	315
179	347
179	362
179	555
179	595
179	596
179	608
179	750
179	933
179	986
180	273
180	310
180	399
180	423
180	465
180	469
180	544
180	686
180	800
180	960
181	187
181	234
181	314
181	338
181	536
181	650
181	942
182	312
182	369
182	389
182	407
182	474
182	545
183	203
183	231
183	279
183	357
183	391
183	718
183	928
184	432
184	788
185	200
185	228
185	281
185	365
185	373
185	393
185	827
186	250
186	515
186	540
186	552
186	593
186	700
186	729
186	774
186	844
187	338
187	375
187	406
187	637
187	797
187	965
188	240
188	289
188	324
188	342
188	343
188	441
188	443
188	478
188	631
188	773
188	826
189	227
189	242
189	317
189	710
190	244
190	285
190	372
190	418
190	639
190	665
190	862
191	214
191	326
191	355
191	484
191	530
191	629
191	798
191	879
191	909
192	215
192	223
192	234
192	428
192	496
192	634
192	904
193	337
193	580
193	641
193	747
193	892
194	197
194	230
194	284
194	353
194	375
194	497
194	813
194	843
194	937
194	941
195	218
195	256
195	510
195	565
195	607
196	488
196	519
196	756
196	789
196	811
196	825
196	885
197	230
197	284
197	375
197	495
197	497
197	626
197	937
197	941
198	338
198	440
198	623
198	765
198	946
199	304
199	470
199	589
199	630
199	694
199	698
200	225
200	320
200	524
200	644
201	370
201	419
201	473
201	518
201	588
201	786
201	932
201	952
202	852
202	955
203	231
203	279
203	357
203	391
203	612
203	625
204	654
204	722
204	795
204	820
204	886
205	264
205	285
205	463
205	611
205	645
205	715
205	956
206	462
206	777
206	883
206	947
207	244
208	209
208	222
208	238
208	274
208	463
208	602
208	695
208	788
209	274
209	463
209	532
209	602
209	695
209	726
209	972
210	774
211	246
211	315
211	320
211	770
211	797
211	944
212	413
212	422
212	440
212	710
212	853
212	1000
213	292
213	369
213	433
213	764
213	791
213	899
213	966
214	326
214	355
214	484
214	579
214	593
214	629
214	879
214	909
215	223
215	234
215	562
215	678
215	926
215	954
216	566
216	803
217	242
217	301
217	516
218	262
218	282
218	283
218	766
219	233
219	472
219	616
220	421
220	551
220	652
220	673
221	277
221	278
221	285
221	313
221	392
221	455
221	744
222	274
222	463
222	532
222	602
222	726
223	234
223	316
223	523
223	904
224	252
224	515
225	307
226	262
226	457
226	467
227	297
227	444
227	620
228	470
228	948
229	270
229	625
229	669
229	682
229	690
229	769
229	821
230	284
230	353
230	497
230	626
230	679
230	843
231	279
231	357
231	880
232	615
232	622
232	780
233	298
233	395
233	460
233	643
233	808
234	562
235	748
235	859
236	269
236	361
236	373
236	381
236	908
236	921
237	281
237	320
237	873
237	904
238	352
238	394
238	410
238	832
239	449
239	503
239	570
240	324
240	342
240	343
240	478
240	493
240	501
240	709
241	276
241	325
241	571
241	585
241	592
241	771
241	951
242	304
242	617
242	861
243	323
243	330
243	361
243	373
243	381
243	661
243	921
244	472
244	500
244	507
244	961
245	354
245	482
245	577
245	597
245	836
246	934
246	945
246	980
247	502
247	520
247	964
248	303
248	336
248	583
248	613
248	636
248	950
248	960
249	357
249	472
250	288
250	515
250	540
250	657
250	700
250	729
250	774
250	963
251	453
251	586
252	319
252	500
252	560
252	852
252	936
253	674
253	705
254	564
254	677
254	707
255	256
255	312
255	467
255	549
256	445
256	493
257	292
257	839
258	287
259	389
259	754
259	762
259	912
259	930
260	275
260	306
260	309
260	360
260	881
261	328
261	390
261	647
261	676
261	712
261	858
261	920
261	969
262	271
262	341
262	665
263	306
263	399
263	436
263	527
264	285
264	392
264	611
264	688
264	824
265	286
265	313
265	765
265	915
266	336
266	339
266	383
266	583
266	613
266	636
266	897
266	950
267	600
267	619
268	409
268	485
268	723
268	815
268	851
268	889
268	946
269	323
269	361
269	373
269	856
270	479
270	682
270	690
270	742
270	963
270	970
271	307
271	621
271	875
272	691
272	776
272	976
273	310
273	423
273	465
273	602
273	604
273	686
274	463
274	552
274	695
274	788
275	656
276	480
276	506
276	514
276	592
276	832
277	313
277	368
277	584
277	961
278	313
278	368
278	392
278	744
278	760
279	391
279	471
279	507
280	344
280	404
280	785
281	714
283	428
283	574
283	818
283	919
284	297
284	353
284	843
284	941
285	448
285	572
285	688
286	424
287	334
287	701
287	823
288	606
288	668
288	826
288	938
289	342
289	441
289	501
289	709
289	773
289	817
290	464
290	567
290	807
291	405
291	462
291	481
291	490
291	604
291	653
292	389
292	474
292	908
293	331
293	416
293	521
293	526
293	575
293	716
293	741
294	304
294	391
294	470
294	555
294	861
295	491
296	348
296	617
296	935
296	986
297	317
297	859
298	395
298	415
298	749
299	516
299	581
299	852
299	989
300	309
301	676
301	936
302	447
302	606
302	968
303	336
303	339
303	594
303	636
303	960
303	983
304	481
305	402
305	405
305	490
305	534
305	554
305	894
306	510
308	333
308	351
308	353
308	492
308	531
308	740
308	775
308	878
309	320
310	423
310	465
310	469
310	800
311	417
311	436
311	578
313	671
313	744
313	811
315	347
315	362
315	510
315	750
315	979
315	986
316	325
316	506
316	514
316	585
316	702
316	834
317	660
317	671
318	359
318	486
318	529
318	577
318	630
319	349
319	488
319	909
321	343
322	341
322	436
322	827
322	842
322	945
323	661
323	816
323	856
324	424
324	478
324	501
324	631
324	773
325	480
325	506
325	900
325	999
326	484
326	530
326	593
326	798
326	910
327	666
327	703
327	757
327	875
328	580
328	676
328	897
328	920
328	969
329	394
330	868
331	526
331	541
331	733
331	735
331	849
332	387
332	475
332	709
332	992
333	351
333	492
333	743
333	911
333	973
334	608
335	397
335	758
335	875
336	339
336	636
336	983
337	479
337	511
337	579
339	454
339	583
339	983
340	346
340	429
340	518
340	614
342	343
342	569
342	631
342	754
343	441
343	709
344	377
344	380
344	537
344	547
344	566
344	923
345	610
345	830
346	513
346	662
346	684
347	572
347	608
347	732
347	787
347	986
348	438
349	618
349	812
350	426
350	428
350	857
351	478
351	492
351	531
351	549
351	911
352	398
352	649
352	689
353	375
353	626
354	439
354	925
355	530
355	593
355	629
356	362
356	379
357	718
358	413
360	824
360	826
361	373
361	670
361	816
361	895
362	555
362	596
362	608
362	933
363	428
363	445
363	759
364	390
365	616
365	879
366	401
366	431
366	459
366	479
366	689
366	955
367	578
367	901
368	392
368	553
368	584
369	860
370	420
370	786
370	932
370	947
371	872
372	414
372	644
372	717
373	381
374	482
374	751
374	820
374	847
375	497
375	626
376	485
376	599
376	675
376	815
376	915
376	946
377	512
377	547
377	745
377	752
378	403
378	527
378	546
378	598
378	951
378	974
379	382
380	425
380	512
380	547
380	772
380	923
381	661
382	939
383	968
384	770
384	853
385	419
385	556
386	414
386	434
387	475
387	605
391	880
392	553
393	446
393	471
393	546
393	782
394	723
395	460
395	749
395	918
396	651
396	697
396	698
396	938
397	510
397	783
398	524
398	554
399	423
399	449
399	465
399	469
400	809
400	957
401	412
401	508
401	689
401	746
402	462
402	548
402	719
403	517
403	527
403	627
403	777
405	481
405	521
406	568
407	557
407	664
408	535
409	485
409	675
409	815
409	912
411	738
411	895
411	968
412	431
412	487
412	508
412	823
413	417
413	922
414	803
415	460
415	744
416	529
416	541
416	829
416	849
416	872
417	822
419	473
419	724
422	447
422	597
423	544
423	678
425	991
427	504
427	587
427	646
427	854
429	513
429	662
429	693
430	878
431	459
431	487
431	873
431	987
432	467
432	777
433	545
433	764
434	684
434	699
434	969
435	634
435	761
437	456
437	461
437	476
437	768
437	999
438	470
438	698
439	497
440	924
441	444
441	509
441	687
442	443
442	504
443	962
444	478
444	501
444	631
444	667
445	1000
446	536
446	936
448	572
448	576
448	611
450	540
451	516
452	778
453	492
454	486
455	553
455	584
455	961
456	550
456	768
456	902
456	999
457	509
457	796
457	837
459	508
459	850
460	671
461	476
461	899
461	902
461	999
462	554
462	930
463	532
464	539
464	632
466	950
468	898
468	938
469	568
469	604
469	686
471	828
472	477
472	574
472	875
473	724
474	783
474	787
474	966
476	711
476	899
477	651
477	992
478	866
479	487
479	746
479	873
480	728
480	855
481	863
481	930
482	934
484	593
484	909
485	889
485	906
487	823
488	708
490	930
490	953
491	656
492	740
494	625
494	981
494	998
497	937
498	542
498	887
499	504
499	639
500	509
500	739
502	779
503	907
505	694
506	951
508	746
508	823
508	839
509	679
509	977
510	781
511	984
512	566
512	696
512	752
513	640
514	585
514	592
515	552
515	963
517	527
517	598
517	954
517	975
518	910
518	959
519	528
519	561
519	672
520	583
521	526
521	716
521	849
522	638
522	683
522	736
522	737
523	767
524	831
525	637
526	829
527	546
530	798
531	740
531	878
532	726
533	655
534	707
534	874
535	576
535	730
536	582
537	566
537	745
537	772
539	549
540	552
540	700
541	733
541	872
542	900
543	680
544	604
544	821
546	627
546	974
547	923
550	711
550	768
550	902
552	844
553	811
553	931
554	653
555	596
555	979
557	633
557	652
561	848
562	664
563	605
563	692
564	646
564	756
566	696
567	925
570	672
570	710
572	630
572	645
574	887
576	730
578	938
582	797
583	960
585	834
586	780
587	608
587	651
588	792
590	673
590	805
595	663
595	668
596	933
597	843
598	627
598	975
599	675
599	723
599	946
601	808
602	788
603	742
603	769
603	970
604	800
605	646
605	692
606	996
607	729
609	917
611	905
612	880
613	950
614	622
618	659
618	887
619	781
619	928
622	905
625	821
626	810
627	985
629	879
634	835
635	841
637	650
638	738
640	653
640	978
643	944
644	749
644	915
647	712
647	801
647	897
648	731
648	935
648	997
653	719
653	870
654	871
654	977
655	877
659	780
659	989
660	702
660	771
661	908
662	778
662	910
663	771
664	877
668	802
668	927
668	957
669	922
670	886
679	838
681	836
683	794
684	864
688	833
689	850
691	993
695	974
696	752
697	730
699	712
702	728
707	869
711	899
715	808
716	829
718	949
719	785
719	894
720	994
723	851
724	762
729	844
731	918
732	750
732	979
733	735
735	741
739	755
741	872
743	775
743	911
745	772
750	848
751	829
756	804
763	790
766	926
768	919
774	963
775	878
781	842
786	952
789	896
789	980
790	991
792	947
793	924
796	871
801	864
802	949
804	889
817	862
818	857
819	898
825	987
830	914
834	900
837	838
846	871
846	934
850	873
851	906
857	940
863	975
863	978
865	948
869	898
874	896
874	920
888	989
889	906
890	905
892	984
905	959
958	964
966	978
974	985
975	985
