1	2
1	4
1	8
1	9
1	10
1	11
1	13
1	14
1	16
1	17
1	21
1	29
1	30
1	34
1	36
1	39
1	44
1	46
1	47
1	63
1	67
1	79
1	81
1	86
1	98
1	99
1	120
1	121
1	137
1	143
1	153
1	160
1	172
1	174
1	178
1	185
1	204
1	205
1	221
1	230
1	237
1	289
1	298
1	307
1	315
1	326
1	337
1	338
1	356
1	368
1	380
1	395
1	423
1	428
1	436
1	438
1	494
1	498
1	513
1	549
1	559
1	575
1	579
1	604
1	618
1	641
1	649
1	667
1	669
1	674
1	681
1	716
1	730
1	731
1	748
1	757
1	772
1	847
1	859
1	865
1	867
1	874
1	887
1	889
1	890
1	921
1	948
1	952
1	953
1	981
1	990
2	4
2	5
2	8
2	9
2	10
2	12
2	13
2	14
2	16
2	19
2	21
2	29
2	30
2	34
2	36
2	44
2	46
2	47
2	54
2	56
2	63
2	81
2	86
2	99
2	116
2	120
2	121
2	132
2	137
2	141
2	143
2	160
2	178
2	184
2	185
2	198
2	204
2	205
2	206
2	223
2	230
2	237
2	271
2	315
2	326
2	337
2	338
2	356
2	388
2	395
2	404
2	428
2	436
2	438
2	479
2	494
2	513
2	524
2	526
2	542
2	549
2	575
2	591
2	599
2	604
2	609
2	623
2	641
2	649
2	664
2	674
2	709
2	730
2	748
2	759
2	772
2	847
2	865
2	871
2	874
2	890
2	915
2	921
2	948
2	973
2	981
2	990
3	5
3	6
3	7
3	11
3	17
3	18
3	19
3	20
3	28
3	33
3	36
3	61
3	65
3	67
3	68
3	70
3	78
3	80
3	82
3	88
3	89
3	92
3	95
3	96
3	97
3	101
3	104
3	114
3	115
3	125
3	144
3	146
3	159
3	160
3	162
3	192
3	198
3	222
3	235
3	267
3	271
3	279
3	300
3	310
3	343
3	367
3	378
3	398
3	407
3	441
3	463
3	474
3	481
3	487
3	494
3	495
3	501
3	523
3	527
3	545
3	547
3	580
3	599
3	606
3	616
3	693
3	738
3	806
3	812
3	830
3	833
3	834
3	846
3	851
3	895
3	926
3	962
3	984
3	985
4	5
4	8
4	9
4	10
4	13
4	14
4	16
4	21
4	24
4	29
4	30
4	34
4	36
4	40
4	44
4	46
4	47
4	63
4	66
4	81
4	86
4	95
4	99
4	120
4	121
4	137
4	142
4	143
4	160
4	174
4	185
4	204
4	205
4	221
4	222
4	223
4	230
4	237
4	326
4	331
4	335
4	337
4	338
4	369
4	395
4	423
4	436
4	515
4	549
4	574
4	649
4	654
4	669
4	730
4	751
4	767
4	772
4	790
4	796
4	856
4	865
4	915
4	953
4	955
4	968
5	6
5	7
5	11
5	12
5	15
5	16
5	17
5	18
5	19
5	26
5	28
5	40
5	49
5	68
5	71
5	73
5	80
5	82
5	89
5	96
5	97
5	101
5	123
5	129
5	138
5	139
5	141
5	159
5	189
5	213
5	234
5	237
5	242
5	248
5	262
5	266
5	268
5	287
5	306
5	325
5	337
5	358
5	393
5	405
5	413
5	421
5	422
5	487
5	501
5	543
5	688
5	720
5	806
5	815
5	821
5	880
5	907
5	910
5	926
5	949
6	7
6	11
6	12
6	15
6	17
6	19
6	23
6	30
6	31
6	33
6	34
6	38
6	40
6	49
6	50
6	68
6	70
6	71
6	73
6	79
6	136
6	138
6	146
6	163
6	164
6	171
6	187
6	189
6	217
6	222
6	272
6	279
6	284
6	287
6	292
6	306
6	331
6	360
6	379
6	418
6	437
6	445
6	469
6	477
6	491
6	563
6	572
6	638
6	656
6	661
6	663
6	673
6	770
6	840
6	877
6	928
6	960
7	9
7	11
7	15
7	17
7	18
7	19
7	20
7	25
7	33
7	40
7	61
7	66
7	67
7	68
7	70
7	71
7	73
7	79
7	83
7	89
7	92
7	95
7	96
7	104
7	105
7	107
7	108
7	114
7	123
7	136
7	139
7	156
7	168
7	170
7	174
7	187
7	218
7	285
7	290
7	310
7	324
7	377
7	407
7	422
7	455
7	468
7	481
7	487
7	587
7	616
7	660
7	663
7	754
7	769
7	781
8	9
8	10
8	13
8	14
8	16
8	17
8	19
8	20
8	21
8	29
8	30
8	34
8	36
8	44
8	46
8	47
8	63
8	67
8	86
8	99
8	104
8	105
8	120
8	121
8	137
8	143
8	174
8	178
8	204
8	221
8	223
8	230
8	237
8	307
8	326
8	383
8	428
8	481
8	486
8	515
8	555
8	567
8	654
8	664
8	674
8	710
8	746
8	766
8	889
8	900
8	952
8	973
9	10
9	13
9	14
9	16
9	21
9	25
9	29
9	30
9	34
9	36
9	44
9	46
9	47
9	56
9	62
9	68
9	81
9	86
9	116
9	137
9	138
9	139
9	143
9	160
9	174
9	178
9	185
9	205
9	221
9	307
9	337
9	338
9	404
9	429
9	575
9	594
9	618
9	623
9	633
9	657
9	716
9	746
9	766
9	867
9	900
9	913
9	915
9	948
10	13
10	14
10	16
10	21
10	29
10	30
10	34
10	36
10	44
10	46
10	47
10	49
10	54
10	63
10	75
10	81
10	99
10	103
10	120
10	121
10	123
10	143
10	174
10	178
10	185
10	199
10	204
10	228
10	237
10	244
10	307
10	326
10	356
10	400
10	496
10	515
10	540
10	641
10	709
10	731
10	746
10	751
10	771
10	886
10	990
11	15
11	17
11	18
11	20
11	25
11	28
11	32
11	33
11	37
11	49
11	53
11	56
11	73
11	80
11	82
11	84
11	121
11	139
11	144
11	156
11	181
11	189
11	234
11	248
11	262
11	266
11	287
11	309
11	350
11	374
11	422
11	445
11	482
11	548
11	669
11	754
11	769
11	832
11	932
11	994
12	18
12	25
12	26
12	32
12	40
12	43
12	48
12	56
12	66
12	70
12	79
12	80
12	89
12	92
12	107
12	114
12	123
12	135
12	157
12	177
12	189
12	217
12	222
12	246
12	248
12	262
12	284
12	394
12	398
12	435
12	487
12	522
12	532
12	675
12	763
12	802
12	806
12	848
12	938
12	956
12	980
13	14
13	16
13	21
13	26
13	29
13	30
13	34
13	44
13	46
13	47
13	48
13	63
13	65
13	74
13	81
13	86
13	113
13	120
13	121
13	143
13	145
13	193
13	195
13	221
13	337
13	399
13	404
13	438
13	513
13	515
13	664
13	674
13	709
13	731
13	744
13	751
13	871
14	16
14	28
14	30
14	34
14	36
14	38
14	44
14	46
14	47
14	63
14	86
14	91
14	99
14	111
14	120
14	121
14	143
14	160
14	174
14	185
14	230
14	257
14	307
14	356
14	371
14	382
14	493
14	494
14	499
14	575
14	654
14	664
14	748
14	783
14	813
15	17
15	19
15	24
15	25
15	28
15	31
15	33
15	40
15	49
15	56
15	67
15	68
15	70
15	96
15	97
15	104
15	109
15	130
15	136
15	140
15	156
15	199
15	341
15	342
15	343
15	378
15	398
15	409
15	508
15	545
15	609
15	640
15	642
15	688
15	825
15	832
15	880
16	21
16	29
16	30
16	34
16	36
16	44
16	46
16	47
16	63
16	64
16	81
16	99
16	118
16	120
16	137
16	185
16	186
16	216
16	221
16	237
16	425
16	436
16	438
16	458
16	494
16	515
16	604
16	654
16	847
16	930
16	973
16	979
17	18
17	20
17	25
17	56
17	66
17	70
17	71
17	80
17	89
17	114
17	123
17	135
17	144
17	154
17	169
17	189
17	198
17	212
17	271
17	294
17	306
17	313
17	324
17	331
17	340
17	360
17	437
17	582
17	802
17	863
17	910
17	911
18	19
18	20
18	28
18	32
18	47
18	49
18	61
18	66
18	73
18	79
18	95
18	101
18	127
18	133
18	146
18	178
18	199
18	306
18	309
18	324
18	331
18	377
18	393
18	394
18	439
18	478
18	495
18	501
18	523
18	664
18	754
18	791
18	893
18	901
19	25
19	28
19	33
19	66
19	67
19	96
19	97
19	128
19	136
19	146
19	156
19	164
19	216
19	268
19	308
19	313
19	320
19	342
19	367
19	412
19	418
19	435
19	457
19	482
19	535
19	559
19	707
19	763
19	788
19	905
19	928
20	23
20	25
20	32
20	37
20	42
20	56
20	61
20	70
20	80
20	89
20	95
20	97
20	101
20	127
20	171
20	247
20	268
20	309
20	358
20	367
20	379
20	445
20	559
20	616
20	639
20	680
20	738
20	883
20	929
20	949
20	950
20	971
21	29
21	34
21	36
21	40
21	43
21	44
21	46
21	47
21	57
21	63
21	81
21	84
21	86
21	99
21	120
21	121
21	125
21	129
21	174
21	178
21	230
21	326
21	330
21	623
21	761
21	766
21	815
21	889
21	953
22	24
22	27
22	58
22	59
22	79
22	94
22	110
22	142
22	153
22	157
22	211
22	227
22	236
22	243
22	301
22	321
22	335
22	372
22	387
22	402
22	408
22	429
22	464
22	519
22	536
22	544
22	562
22	564
22	571
22	602
22	759
22	775
22	800
22	810
22	849
22	965
23	24
23	25
23	26
23	41
23	43
23	53
23	65
23	87
23	89
23	93
23	124
23	141
23	163
23	195
23	202
23	224
23	229
23	232
23	245
23	252
23	267
23	281
23	399
23	477
23	556
23	557
23	619
23	625
23	644
23	724
23	743
23	808
23	927
23	982
24	27
24	31
24	37
24	39
24	41
24	52
24	55
24	74
24	103
24	112
24	128
24	130
24	186
24	193
24	210
24	241
24	285
24	299
24	301
24	315
24	401
24	448
24	453
24	454
24	513
24	562
24	605
24	607
24	626
24	828
24	882
25	40
25	55
25	66
25	79
25	82
25	95
25	104
25	144
25	198
25	199
25	273
25	374
25	379
25	393
25	407
25	489
25	520
25	578
25	636
25	673
25	676
25	777
25	822
25	851
25	888
25	924
26	43
26	53
26	57
26	63
26	65
26	93
26	124
26	127
26	141
26	195
26	224
26	229
26	232
26	252
26	281
26	291
26	347
26	366
26	399
26	413
26	556
26	557
26	625
26	644
26	655
26	724
26	743
26	767
26	927
26	963
26	982
27	30
27	31
27	37
27	39
27	41
27	48
27	55
27	74
27	100
27	130
27	133
27	137
27	145
27	148
27	155
27	241
27	283
27	285
27	288
27	289
27	315
27	448
27	461
27	475
27	478
27	525
27	562
27	612
27	621
27	752
27	882
27	893
27	959
28	32
28	33
28	38
28	43
28	61
28	80
28	82
28	83
28	92
28	107
28	136
28	142
28	170
28	176
28	199
28	234
28	248
28	364
28	474
28	482
28	497
28	548
28	656
28	875
28	901
28	957
28	964
28	993
29	30
29	34
29	36
29	41
29	44
29	46
29	63
29	81
29	86
29	121
29	137
29	160
29	178
29	185
29	223
29	230
29	237
29	453
29	499
29	505
29	566
29	751
29	823
29	838
29	944
30	34
30	36
30	44
30	47
30	63
30	76
30	81
30	86
30	93
30	99
30	106
30	156
30	174
30	185
30	204
30	205
30	299
30	338
30	395
30	423
30	597
30	618
31	37
31	39
31	41
31	48
31	55
31	74
31	112
31	125
31	130
31	133
31	186
31	241
31	277
31	283
31	285
31	290
31	301
31	326
31	342
31	350
31	388
31	562
31	603
31	612
31	613
31	626
31	752
31	758
31	828
32	49
32	66
32	70
32	71
32	83
32	104
32	117
32	135
32	139
32	164
32	222
32	240
32	251
32	267
32	287
32	331
32	334
32	343
32	374
32	412
32	443
32	489
32	582
32	636
32	734
32	776
32	814
32	980
33	68
33	69
33	70
33	80
33	92
33	102
33	114
33	146
33	170
33	176
33	272
33	279
33	358
33	367
33	400
33	408
33	491
33	545
33	571
33	649
33	654
33	675
33	738
33	899
34	36
34	44
34	47
34	51
34	52
34	86
34	127
34	143
34	156
34	160
34	174
34	200
34	356
34	406
34	649
34	743
34	900
34	952
35	38
35	60
35	64
35	72
35	105
35	131
35	169
35	173
35	233
35	258
35	269
35	303
35	319
35	334
35	348
35	516
35	576
35	620
35	632
35	658
35	667
35	720
35	752
35	753
35	790
35	812
35	903
35	919
35	965
35	991
36	44
36	46
36	63
36	81
36	120
36	137
36	143
36	181
36	204
36	307
36	404
36	428
36	554
36	644
36	646
36	659
36	956
37	39
37	41
37	48
37	51
37	74
37	94
37	112
37	128
37	130
37	133
37	155
37	209
37	277
37	341
37	350
37	387
37	401
37	453
37	454
37	470
37	478
37	607
37	626
37	648
37	752
38	60
38	105
38	131
38	169
38	173
38	192
38	211
38	261
38	269
38	286
38	289
38	303
38	334
38	348
38	406
38	440
38	576
38	621
38	632
38	643
38	667
38	680
38	799
38	882
38	919
39	48
39	55
39	74
39	128
39	130
39	133
39	155
39	185
39	193
39	323
39	388
39	401
39	433
39	448
39	459
39	467
39	525
39	562
39	648
39	882
39	906
39	935
39	959
39	993
40	56
40	67
40	68
40	71
40	73
40	95
40	133
40	164
40	217
40	220
40	269
40	331
40	418
40	435
40	437
40	455
40	482
40	495
40	663
40	827
40	920
41	42
41	48
41	55
41	74
41	128
41	155
41	186
41	193
41	232
41	241
41	283
41	301
41	328
41	354
41	401
41	475
41	531
41	648
41	782
41	828
41	993
42	45
42	51
42	55
42	87
42	100
42	109
42	119
42	209
42	210
42	290
42	316
42	321
42	400
42	460
42	569
42	584
42	593
42	614
42	715
42	723
42	801
42	872
42	878
42	888
42	988
43	53
43	65
43	93
43	124
43	141
43	195
43	224
43	229
43	232
43	233
43	252
43	281
43	477
43	492
43	619
43	644
43	668
43	675
43	767
43	808
43	852
43	963
44	46
44	63
44	86
44	94
44	110
44	113
44	176
44	204
44	265
44	645
44	669
44	871
45	52
45	90
45	91
45	102
45	103
45	110
45	154
45	161
45	167
45	332
45	386
45	461
45	509
45	522
45	551
45	572
45	608
45	703
45	750
45	777
45	793
45	868
45	885
45	937
46	47
46	74
46	81
46	144
46	160
46	217
46	230
46	404
46	432
46	694
46	787
46	981
47	48
47	60
47	63
47	69
47	74
47	121
47	178
47	223
47	423
47	513
47	963
48	49
48	74
48	112
48	130
48	155
48	186
48	277
48	283
48	288
48	299
48	475
48	560
48	590
48	612
48	613
48	648
48	784
49	61
49	67
49	92
49	97
49	170
49	394
49	407
49	448
49	497
49	523
49	586
49	639
49	764
49	941
49	977
49	984
50	54
50	59
50	77
50	103
50	115
50	144
50	154
50	172
50	176
50	206
50	305
50	347
50	362
50	452
50	485
50	491
50	540
50	589
50	646
50	648
50	716
50	717
50	732
51	87
51	100
51	109
51	119
51	197
51	209
51	290
51	340
51	370
51	400
51	426
51	433
51	460
51	481
51	593
51	715
51	857
51	878
51	888
51	969
51	988
52	90
52	91
52	102
52	133
52	154
52	163
52	167
52	205
52	332
52	333
52	461
52	472
52	509
52	551
52	608
52	703
52	750
52	793
52	917
52	937
53	65
53	93
53	124
53	141
53	184
53	195
53	224
53	229
53	232
53	252
53	281
53	349
53	399
53	503
53	619
53	655
53	749
53	767
53	912
54	77
54	103
54	115
54	172
54	206
54	305
54	323
54	347
54	352
54	362
54	452
54	487
54	490
54	589
54	590
54	732
54	762
54	914
54	971
54	995
55	74
55	85
55	112
55	128
55	133
55	139
55	155
55	194
55	277
55	285
55	315
55	448
55	475
55	546
55	605
55	893
56	61
56	66
56	92
56	123
56	167
56	171
56	187
56	313
56	363
56	501
56	502
56	639
56	641
56	661
56	875
57	67
57	84
57	125
57	179
57	235
57	243
57	255
57	278
57	311
57	354
57	483
57	503
57	570
57	592
57	598
57	655
57	741
57	757
57	798
57	879
57	918
58	59
58	94
58	125
58	152
58	153
58	157
58	199
58	231
58	243
58	266
58	336
58	359
58	408
58	464
58	571
58	611
58	651
58	774
58	786
58	827
58	933
58	943
59	110
59	142
59	151
59	153
59	223
59	231
59	236
59	243
59	321
59	335
59	336
59	464
59	490
59	541
59	544
59	602
59	651
59	774
59	810
59	875
60	63
60	70
60	105
60	131
60	173
60	233
60	286
60	289
60	303
60	334
60	348
60	417
60	516
60	621
60	667
60	680
60	736
60	790
60	812
60	937
61	79
61	89
61	114
61	122
61	136
61	146
61	159
61	217
61	266
61	267
61	360
61	372
61	463
61	489
61	585
61	918
62	75
62	76
62	116
62	152
62	210
62	260
62	341
62	370
62	418
62	427
62	440
62	462
62	507
62	537
62	594
62	652
62	744
62	855
62	894
62	908
62	935
63	204
63	390
63	436
63	549
63	637
63	871
64	113
64	117
64	183
64	196
64	214
64	235
64	239
64	325
64	352
64	467
64	479
64	524
64	581
64	585
64	591
64	631
64	761
64	911
64	954
64	975
65	93
65	124
65	131
65	141
65	147
65	194
65	224
65	229
65	232
65	281
65	399
65	477
65	625
65	808
65	982
66	80
66	82
66	101
66	104
66	107
66	135
66	176
66	226
66	233
66	234
66	421
66	642
67	82
67	95
67	166
67	170
67	176
67	198
67	300
67	340
67	377
67	378
67	543
67	617
68	70
68	80
68	101
68	123
68	159
68	279
68	310
68	483
68	511
68	543
68	561
68	791
68	844
69	100
69	119
69	134
69	371
69	384
69	385
69	389
69	415
69	419
69	427
69	496
69	566
69	665
69	697
69	702
69	789
69	856
69	873
69	961
70	76
70	78
70	83
70	101
70	127
70	182
70	187
70	497
70	566
70	700
71	123
71	127
71	130
71	144
71	189
71	310
71	313
71	419
71	435
71	527
71	765
71	789
71	854
71	960
72	150
72	162
72	190
72	230
72	246
72	256
72	310
72	322
72	327
72	414
72	471
72	529
72	568
72	577
72	683
72	740
72	804
72	809
72	938
73	82
73	92
73	93
73	272
73	276
73	319
73	360
73	394
73	422
73	481
73	491
73	828
73	860
73	863
74	112
74	186
74	282
74	301
74	454
74	470
74	603
74	608
74	906
75	76
75	85
75	116
75	203
75	210
75	341
75	370
75	440
75	462
75	507
75	537
75	594
75	652
75	742
75	760
75	809
75	843
75	935
76	96
76	116
76	210
76	222
76	226
76	333
76	341
76	370
76	440
76	462
76	507
76	594
76	652
76	855
76	908
77	103
77	113
77	115
77	172
77	180
77	206
77	211
77	305
77	347
77	540
77	590
77	615
77	679
77	717
77	732
77	762
77	914
78	88
78	165
78	167
78	168
78	180
78	220
78	263
78	303
78	391
78	453
78	458
78	662
78	728
78	749
78	843
78	854
78	898
79	92
79	97
79	114
79	252
79	268
79	272
79	338
79	386
79	495
79	673
79	902
80	101
80	164
80	171
80	199
80	214
80	322
80	340
80	559
80	711
81	137
81	160
81	177
81	456
81	503
81	716
81	826
82	89
82	95
82	102
82	107
82	127
82	146
82	547
82	607
82	776
82	865
82	987
83	104
83	114
83	136
83	176
83	189
83	234
83	239
83	266
83	272
83	287
83	455
83	506
83	640
83	689
83	879
84	125
84	179
84	235
84	246
84	255
84	278
84	354
84	395
84	483
84	503
84	570
84	598
84	757
84	768
84	887
84	918
85	112
85	122
85	197
85	259
85	302
85	318
85	368
85	432
85	492
85	498
85	531
85	650
85	676
85	690
85	904
85	972
85	974
86	142
86	178
86	205
86	285
86	332
86	354
86	891
87	100
87	101
87	109
87	119
87	209
87	290
87	325
87	365
87	584
87	596
87	723
87	837
87	857
87	969
87	988
88	115
88	165
88	168
88	180
88	220
88	263
88	391
88	458
88	474
88	662
88	728
88	749
88	817
88	838
88	854
88	939
89	127
89	136
89	139
89	300
89	333
89	412
89	491
89	582
89	979
90	91
90	102
90	154
90	167
90	303
90	332
90	333
90	386
90	461
90	475
90	500
90	507
90	522
90	551
90	618
90	885
91	102
91	109
91	154
91	167
91	333
91	356
91	386
91	439
91	509
91	579
91	608
91	703
91	885
91	937
92	164
92	222
92	255
92	379
92	463
92	547
92	747
92	841
92	962
93	124
93	141
93	185
93	195
93	232
93	252
93	477
93	693
93	743
93	910
94	110
94	142
94	153
94	155
94	157
94	243
94	359
94	402
94	429
94	464
94	484
94	611
94	810
95	127
95	165
95	171
95	189
95	242
95	413
95	635
95	816
96	159
96	170
96	182
96	378
96	392
96	435
96	437
96	469
96	606
96	822
96	924
97	98
97	156
97	164
97	222
97	266
97	335
97	446
97	665
97	729
97	769
98	120
98	242
98	250
98	282
98	312
98	317
98	344
98	353
98	430
98	550
98	628
98	686
98	850
98	955
98	958
99	121
99	137
99	279
99	385
99	731
99	824
99	867
99	936
100	109
100	119
100	290
100	400
100	426
100	460
100	472
100	568
100	569
100	723
100	801
100	969
101	144
101	145
101	156
101	171
101	209
101	474
101	787
101	830
102	154
102	167
102	267
102	485
102	509
102	522
102	551
102	625
102	750
102	777
102	917
103	112
103	115
103	172
103	206
103	305
103	362
103	375
103	485
103	590
103	718
103	914
104	234
104	306
104	313
104	497
104	510
104	565
104	595
104	638
104	827
105	131
105	169
105	263
105	269
105	286
105	289
105	357
105	516
105	620
105	658
105	680
106	111
106	177
106	238
106	291
106	355
106	411
106	514
106	552
106	563
106	634
106	637
106	653
106	848
106	866
106	868
107	135
107	181
107	199
107	423
107	489
107	491
107	508
107	713
107	803
107	832
107	883
108	118
108	138
108	148
108	175
108	182
108	207
108	249
108	291
108	320
108	336
108	345
108	466
108	641
108	679
108	821
109	119
109	209
109	260
109	290
109	301
109	426
109	584
109	593
109	715
109	878
110	211
110	227
110	236
110	372
110	402
110	408
110	541
110	553
110	611
110	666
110	732
111	177
111	238
111	357
111	370
111	514
111	534
111	552
111	563
111	637
111	708
111	778
111	866
111	867
111	868
112	128
112	193
112	205
112	283
112	288
112	475
112	497
112	560
113	117
113	196
113	214
113	239
113	352
113	467
113	585
113	591
113	596
113	761
113	911
113	954
114	268
114	286
114	300
114	330
114	401
114	462
114	764
114	956
115	172
115	206
115	347
115	452
115	485
115	589
115	590
115	717
115	805
115	855
116	134
116	210
116	341
116	440
116	462
116	507
116	537
116	744
116	760
116	900
116	935
117	158
117	196
117	239
117	325
117	352
117	467
117	479
117	524
117	581
117	585
117	682
117	911
117	992
118	119
118	138
118	175
118	182
118	249
118	291
118	345
118	415
118	476
118	499
118	821
118	841
118	860
118	897
119	171
119	209
119	254
119	290
119	400
119	426
119	460
119	857
119	888
120	205
120	221
120	229
120	683
120	857
121	238
121	395
121	845
121	948
122	197
122	259
122	302
122	318
122	351
122	492
122	498
122	627
122	639
122	650
122	835
122	859
122	929
123	136
123	455
123	540
123	636
123	822
123	858
123	957
124	141
124	159
124	224
124	252
124	271
124	294
124	485
124	556
124	963
125	179
125	235
125	255
125	278
125	354
125	483
125	570
125	879
125	887
126	129
126	139
126	140
126	173
126	175
126	225
126	277
126	298
126	393
126	425
126	431
126	555
126	678
126	923
126	945
127	176
127	234
127	267
127	343
127	417
127	572
128	288
128	299
128	301
128	307
128	470
128	603
128	605
128	746
129	140
129	298
129	331
129	425
129	431
129	504
129	544
129	555
129	678
129	771
129	923
129	945
130	133
130	155
130	270
130	285
130	299
130	560
130	819
131	173
131	254
131	286
131	324
131	334
131	621
131	643
131	696
131	736
131	753
132	175
132	250
132	282
132	317
132	353
132	383
132	430
132	811
132	823
132	850
132	946
132	951
132	955
132	966
133	241
133	345
133	388
133	531
133	607
133	993
134	227
134	259
134	371
134	384
134	419
134	427
134	511
134	602
134	697
134	702
134	789
134	856
134	961
135	170
135	286
135	309
135	324
135	376
135	393
135	543
135	656
135	702
135	986
136	306
136	309
136	356
136	413
136	686
137	223
137	278
137	969
138	148
138	175
138	182
138	249
138	291
138	466
138	499
138	670
138	986
139	199
139	411
139	661
139	720
139	905
139	910
140	168
140	298
140	423
140	425
140	431
140	504
140	595
140	650
140	678
140	771
140	840
141	229
141	281
141	655
141	876
141	927
142	211
142	227
142	231
142	321
142	564
142	582
142	666
142	807
143	158
143	274
143	414
143	921
144	146
144	381
144	457
144	561
144	858
144	1000
145	149
145	208
145	216
145	314
145	405
145	420
145	631
145	692
145	891
145	944
146	192
146	248
146	403
146	521
146	700
147	188
147	253
147	273
147	365
147	424
147	442
147	634
147	668
147	714
147	755
147	839
147	842
148	156
148	168
148	182
148	207
148	249
148	291
148	320
148	821
148	860
148	986
149	158
149	219
149	346
149	373
149	382
149	468
149	600
149	660
149	820
149	990
149	996
149	998
150	152
150	190
150	246
150	271
150	327
150	414
150	471
150	577
150	690
150	696
150	804
150	881
151	161
151	202
151	207
151	213
151	265
151	416
151	492
151	588
151	814
151	876
151	933
151	966
152	184
152	195
152	212
152	415
152	439
152	647
152	796
152	805
152	826
152	964
153	166
153	227
153	236
153	451
153	519
153	564
153	571
153	602
154	164
154	167
154	332
154	333
154	386
154	917
155	230
155	315
155	388
155	691
155	906
156	268
156	342
156	535
156	787
157	190
157	227
157	231
157	236
157	367
157	372
157	541
157	666
157	785
158	219
158	255
158	346
158	373
158	468
158	600
158	660
158	719
158	889
158	987
159	271
159	292
159	331
159	340
159	437
159	599
159	819
160	267
160	434
160	890
161	202
161	213
161	264
161	265
161	416
161	506
161	580
161	588
161	780
161	885
161	933
162	212
162	218
162	276
162	280
162	349
162	488
162	549
162	573
162	862
162	930
162	931
163	181
163	295
163	359
163	369
163	410
163	528
163	610
163	836
163	886
163	925
164	176
164	186
164	267
164	707
164	787
165	168
165	180
165	220
165	225
165	263
165	391
165	458
165	838
165	898
165	998
166	179
166	244
166	251
166	257
166	409
166	586
166	657
166	701
166	724
166	773
166	912
167	283
167	332
167	509
167	777
168	180
168	220
168	263
168	391
168	458
168	898
169	233
169	269
169	274
169	289
169	303
169	620
169	765
169	812
170	284
170	636
170	778
170	941
170	943
171	262
171	284
171	343
171	463
171	661
172	206
172	275
172	281
172	305
172	362
172	718
173	192
173	233
173	261
173	269
173	289
173	348
173	795
174	259
174	520
175	182
175	207
175	302
175	345
175	670
175	671
175	860
176	342
176	457
176	689
177	297
177	357
177	411
177	552
177	563
177	634
177	842
177	866
178	197
178	638
179	255
179	278
179	483
179	503
179	530
179	674
179	798
179	846
180	187
180	220
180	662
180	749
180	854
180	928
180	939
181	295
181	369
181	410
181	528
181	610
181	628
181	837
181	886
182	249
182	320
182	499
182	750
182	897
183	196
183	375
183	376
183	449
183	490
183	553
183	677
183	737
183	896
183	976
183	999
184	415
184	439
184	535
184	647
184	681
184	742
184	805
184	826
184	964
185	352
186	241
186	350
186	531
186	533
186	626
187	407
187	412
187	640
187	675
187	726
187	747
187	883
188	221
188	273
188	365
188	424
188	618
188	672
188	714
188	755
188	839
188	842
188	934
189	222
189	689
189	738
189	793
190	327
190	389
190	529
190	568
190	696
190	741
190	809
190	938
191	253
191	260
191	270
191	320
191	328
191	484
191	546
191	567
191	968
191	977
191	980
192	261
192	269
192	288
192	348
192	643
192	658
192	991
193	285
193	315
193	401
193	432
193	612
193	884
194	215
194	444
194	500
194	502
194	601
194	630
194	712
194	794
194	853
195	224
195	386
195	557
195	724
196	214
196	325
196	352
196	466
196	546
196	585
196	975
197	318
197	524
197	627
197	676
197	859
197	904
197	929
198	394
198	438
198	640
198	675
198	688
198	984
199	245
199	827
200	380
200	397
200	450
200	518
200	659
200	734
200	825
200	903
200	978
200	997
201	225
201	293
201	316
201	317
201	542
201	592
201	645
201	733
201	770
201	852
201	909
202	213
202	265
202	278
202	506
202	574
202	580
202	795
202	818
203	221
203	247
203	293
203	339
203	349
203	403
203	505
203	792
203	844
203	936
204	295
204	383
205	662
205	952
206	414
206	485
206	762
206	849
207	249
207	320
207	345
207	577
207	671
207	841
207	978
208	216
208	283
208	314
208	321
208	405
208	420
208	526
208	631
208	692
208	891
209	426
209	569
209	620
209	801
210	328
210	370
210	537
210	744
210	894
211	279
211	335
211	336
211	807
211	965
212	218
212	276
212	280
212	469
212	488
212	573
212	870
213	553
213	588
213	824
213	966
213	970
213	999
214	239
214	268
214	467
214	575
214	581
214	591
215	360
215	444
215	502
215	601
215	625
215	630
215	712
215	794
215	922
216	405
216	420
216	526
216	631
216	692
216	737
217	445
217	661
217	816
217	932
217	979
218	266
218	276
218	378
218	488
218	573
218	862
218	870
219	346
219	372
219	600
219	615
219	660
219	719
219	779
219	996
220	263
220	298
220	309
220	728
221	364
222	798
223	272
223	624
223	874
224	265
224	557
224	996
225	316
225	351
225	542
225	645
225	733
225	782
225	845
226	292
226	364
226	390
226	447
226	480
226	548
226	653
226	947
227	429
227	529
227	593
227	965
228	275
228	449
228	472
228	501
228	735
228	768
228	829
228	869
228	974
229	232
229	477
229	902
231	372
231	402
231	429
231	558
231	601
231	785
232	556
232	785
233	261
233	406
233	557
233	632
234	616
234	677
234	831
235	278
235	354
235	496
235	798
235	918
236	321
236	572
236	666
236	834
236	973
237	847
237	851
238	297
238	357
238	411
238	552
238	634
238	778
238	848
239	426
239	467
239	591
239	975
240	521
240	538
240	672
240	687
240	694
240	820
240	892
240	917
241	389
241	478
241	509
242	254
242	355
242	446
242	493
242	739
242	942
243	335
243	519
243	651
243	791
244	257
244	409
244	573
244	701
244	769
244	773
244	800
245	366
245	532
245	710
245	721
245	788
245	803
245	989
246	322
246	414
246	568
246	683
246	938
247	293
247	339
247	349
247	403
247	505
247	518
247	936
248	373
248	619
248	665
248	747
249	320
249	604
249	925
250	282
250	361
250	383
250	604
250	829
250	920
250	951
251	257
251	299
251	409
251	433
251	556
251	586
251	800
252	655
252	981
253	273
253	365
253	424
253	468
253	839
253	842
253	934
254	302
254	355
254	446
254	493
254	706
254	995
255	354
255	598
255	741
256	322
256	339
256	414
256	504
256	554
256	740
256	804
256	881
257	433
257	657
257	800
257	912
257	926
258	308
258	605
258	623
258	682
258	711
258	729
258	781
258	835
259	302
259	318
259	368
259	492
259	498
260	328
260	622
260	638
260	722
260	725
260	899
261	286
261	303
261	350
261	576
261	753
262	271
262	277
262	391
262	858
262	931
263	351
263	662
263	838
264	380
264	450
264	518
264	659
264	726
264	825
264	850
264	903
265	588
265	727
265	824
265	876
266	747
266	926
267	599
268	275
268	313
269	406
269	839
270	328
270	567
270	622
270	725
270	942
270	968
270	977
271	902
271	962
272	310
272	495
272	780
273	424
273	645
273	668
273	714
273	934
274	311
274	319
274	417
274	443
274	705
274	895
274	985
275	472
275	517
275	735
275	756
275	768
275	869
276	280
276	344
276	488
276	930
276	931
277	283
277	525
277	605
278	503
278	846
279	421
279	720
280	362
280	870
280	930
280	931
280	988
281	361
282	317
282	361
282	552
282	955
284	437
284	764
284	915
284	922
286	406
287	405
287	775
287	949
288	299
288	449
288	613
289	406
291	466
291	670
292	329
292	344
292	364
292	480
292	558
293	349
293	403
293	505
293	740
293	792
294	538
294	617
294	687
294	694
294	820
294	892
295	369
295	610
295	883
295	886
295	925
296	397
296	442
296	534
296	539
296	704
296	797
296	916
296	923
297	357
297	482
297	708
297	778
297	848
297	958
298	431
298	504
298	555
299	401
300	329
300	595
300	663
300	970
301	388
302	318
302	432
302	492
303	736
304	330
304	387
304	465
304	476
304	565
304	570
304	583
304	921
305	431
305	452
305	678
306	309
306	984
307	394
308	312
308	392
308	682
308	685
308	781
308	783
309	360
310	633
310	776
311	319
311	443
311	450
311	624
311	745
311	895
312	317
312	385
312	550
312	628
312	946
312	951
313	547
313	862
314	420
314	428
314	526
314	630
314	631
314	891
315	525
316	456
316	733
316	845
316	852
316	909
317	698
317	823
317	920
318	627
318	739
318	908
319	417
319	705
319	745
319	985
320	679
321	611
321	759
322	471
322	529
322	554
322	719
323	329
323	344
323	390
323	459
323	558
323	947
324	489
324	818
324	932
325	479
325	524
325	581
326	822
327	471
327	529
327	554
327	613
327	810
328	484
328	596
328	977
329	364
329	390
329	512
329	558
329	754
330	382
330	387
330	465
330	565
330	940
332	608
332	639
333	386
333	461
334	406
334	576
334	706
335	519
335	571
336	359
336	402
336	764
336	834
337	611
338	707
339	349
339	403
339	505
339	756
340	606
340	916
341	894
342	413
342	609
343	652
343	928
344	459
344	512
344	817
345	551
345	897
346	373
346	468
346	779
346	811
347	677
347	718
348	516
348	594
349	844
350	612
350	959
351	542
351	592
351	645
351	782
352	479
353	361
353	383
353	623
353	811
353	958
355	510
355	692
355	739
355	995
357	411
357	634
358	413
358	474
358	561
358	804
359	704
359	774
359	849
360	816
361	403
361	430
361	684
362	589
362	880
363	381
363	486
363	578
363	588
363	784
363	872
364	459
364	548
365	444
365	668
365	755
366	587
366	710
366	803
366	806
366	813
367	463
367	763
368	432
368	666
368	676
368	904
369	410
369	528
369	773
370	760
371	384
371	385
371	496
371	566
372	646
373	614
373	996
373	998
374	391
374	396
374	469
374	595
375	376
375	449
375	490
375	677
375	976
376	490
376	553
376	896
376	999
377	545
377	633
377	715
377	949
378	398
378	797
379	689
379	815
379	980
380	450
380	518
380	659
380	799
381	486
381	578
381	864
381	947
381	992
382	387
382	465
382	565
382	907
383	695
383	946
384	389
384	427
384	873
384	940
385	496
385	856
385	961
387	465
387	940
388	454
389	419
389	496
389	615
390	512
390	653
390	817
391	843
392	685
392	729
392	783
392	835
392	909
393	636
393	653
394	673
395	421
396	397
396	530
396	534
396	539
396	704
396	972
397	442
397	539
397	853
397	916
398	725
398	830
398	956
399	637
399	644
400	569
402	646
402	989
403	936
404	479
404	502
405	420
405	944
407	727
407	755
408	536
408	602
408	834
409	586
409	657
409	912
410	480
410	658
410	836
410	925
411	514
411	708
412	489
412	693
412	960
413	880
414	696
415	439
415	647
415	742
416	574
416	580
416	748
416	966
416	970
417	443
417	745
417	895
418	457
418	941
419	511
419	669
420	807
421	818
421	962
422	765
422	905
424	668
424	736
425	504
425	840
427	615
427	873
428	511
429	541
430	569
430	695
430	823
431	460
432	650
433	586
433	657
434	447
434	451
434	614
434	698
434	983
435	520
436	539
438	976
439	681
440	652
441	758
441	763
441	877
441	967
441	994
442	530
442	539
442	916
443	568
443	624
444	601
444	630
444	853
445	523
445	735
446	493
446	510
446	597
447	473
447	579
447	635
447	983
448	470
449	490
449	896
450	726
450	978
451	473
451	533
451	614
451	898
452	470
452	971
453	454
453	478
454	808
455	797
455	897
456	486
456	578
456	864
456	872
457	581
457	815
458	766
459	480
459	904
460	672
461	516
462	507
463	874
464	476
464	943
465	676
465	934
466	957
466	986
468	987
469	520
469	863
470	478
471	577
471	616
472	756
472	974
473	533
473	635
473	698
473	866
474	833
476	583
476	907
476	940
480	548
480	817
481	770
482	932
483	846
484	525
484	546
484	596
486	642
486	992
487	495
488	714
488	862
493	706
493	913
494	961
497	527
498	650
498	690
499	671
500	502
500	600
500	853
500	922
501	728
502	630
504	945
505	959
506	574
506	814
506	876
508	691
508	831
508	884
508	967
510	597
510	739
510	913
511	789
512	653
512	772
514	543
514	563
517	688
517	768
517	829
517	869
518	734
519	632
520	833
521	538
521	617
521	820
522	793
523	583
526	944
527	693
527	722
528	685
528	951
530	629
530	708
531	717
532	788
532	803
532	813
533	535
533	698
534	603
534	629
535	818
536	849
536	881
536	943
537	967
538	672
538	924
540	971
541	620
542	909
544	775
544	894
545	665
546	899
547	598
550	592
550	686
550	687
553	976
554	683
555	771
558	947
559	896
560	703
560	832
561	595
561	713
564	786
564	863
565	583
566	615
567	622
567	725
570	887
572	950
573	705
574	795
576	919
577	881
578	864
579	614
579	635
580	727
582	927
583	907
584	593
584	794
587	721
587	813
587	989
589	960
592	852
596	622
597	695
597	913
598	879
599	776
600	660
601	922
603	607
606	609
606	946
609	656
610	670
610	837
613	893
617	672
617	892
619	671
621	658
622	950
624	705
624	985
626	953
627	802
627	859
628	656
628	811
629	704
629	833
629	954
632	919
633	651
633	713
635	983
637	868
638	663
640	892
642	784
642	992
643	790
643	801
646	699
647	712
647	964
651	759
659	903
665	941
667	991
670	841
671	679
673	982
677	737
681	796
682	711
684	686
684	709
684	920
685	711
687	694
690	972
691	831
691	1000
695	861
697	702
697	730
699	785
699	807
699	858
700	707
700	830
701	773
701	991
706	942
710	788
712	794
713	762
718	873
719	998
721	906
721	989
722	899
722	968
723	745
726	978
727	970
729	781
733	836
734	997
735	974
737	999
740	809
741	757
742	805
753	905
756	829
758	831
758	877
760	869
761	954
765	924
770	802
774	878
775	786
779	983
779	987
780	814
780	933
782	845
783	835
784	872
786	792
791	902
792	844
795	824
796	826
797	819
799	825
799	997
816	975
819	901
836	837
840	923
843	939
850	861
851	875
855	908
861	939
861	958
864	997
870	914
877	1000
884	967
884	994
890	945
901	950
929	972
942	995
957	979
994	1000
