1	2
1	3
1	4
1	5
1	6
1	10
1	11
1	13
1	15
1	18
1	19
1	25
1	27
1	33
1	36
1	38
1	45
1	48
1	57
1	63
1	67
1	71
1	72
1	74
1	76
1	80
1	83
1	88
1	95
1	97
1	108
1	117
1	124
1	132
1	135
1	136
1	145
1	168
1	181
1	183
1	184
1	186
1	189
1	223
1	224
1	230
1	234
1	240
1	244
1	250
1	260
1	266
1	275
1	277
1	306
1	329
1	349
1	354
1	361
1	368
1	382
1	385
1	401
1	407
1	413
1	421
1	461
1	466
1	471
1	477
1	503
1	516
1	550
1	556
1	568
1	577
1	583
1	600
1	614
1	621
1	641
1	643
1	720
1	733
1	736
1	769
1	772
1	786
1	850
1	854
1	924
1	940
1	942
2	3
2	4
2	5
2	6
2	10
2	15
2	18
2	19
2	24
2	27
2	38
2	40
2	45
2	48
2	57
2	63
2	67
2	70
2	74
2	76
2	80
2	83
2	84
2	88
2	97
2	115
2	117
2	124
2	129
2	132
2	136
2	145
2	154
2	168
2	170
2	181
2	182
2	183
2	187
2	201
2	223
2	236
2	240
2	274
2	275
2	291
2	306
2	308
2	314
2	329
2	338
2	342
2	353
2	361
2	368
2	379
2	382
2	385
2	396
2	401
2	407
2	415
2	421
2	486
2	511
2	512
2	521
2	535
2	545
2	553
2	585
2	629
2	657
2	683
2	720
2	729
2	795
2	824
2	850
2	873
2	908
2	909
2	915
2	942
2	966
2	976
2	998
3	4
3	5
3	6
3	10
3	11
3	15
3	18
3	19
3	25
3	27
3	38
3	45
3	48
3	67
3	71
3	77
3	80
3	83
3	88
3	97
3	124
3	129
3	135
3	145
3	154
3	187
3	220
3	223
3	235
3	236
3	239
3	240
3	246
3	250
3	260
3	261
3	282
3	288
3	291
3	308
3	329
3	342
3	353
3	361
3	379
3	385
3	407
3	413
3	421
3	502
3	503
3	516
3	553
3	556
3	560
3	563
3	571
3	600
3	617
3	657
3	662
3	663
3	667
3	682
3	724
3	729
3	735
3	750
3	808
3	860
3	879
3	895
3	907
3	915
3	937
3	940
3	946
3	947
3	969
3	992
4	5
4	6
4	7
4	10
4	13
4	15
4	16
4	18
4	19
4	27
4	38
4	39
4	45
4	48
4	57
4	63
4	67
4	71
4	74
4	76
4	80
4	83
4	88
4	90
4	97
4	112
4	117
4	124
4	125
4	129
4	132
4	136
4	150
4	154
4	183
4	187
4	224
4	236
4	240
4	251
4	260
4	275
4	282
4	285
4	308
4	329
4	342
4	354
4	359
4	382
4	385
4	401
4	413
4	439
4	471
4	550
4	573
4	704
4	720
4	782
4	834
4	873
4	893
4	907
4	908
4	920
4	936
4	946
4	998
5	6
5	7
5	10
5	13
5	15
5	18
5	19
5	27
5	38
5	48
5	54
5	57
5	63
5	67
5	71
5	74
5	80
5	84
5	86
5	88
5	117
5	124
5	129
5	132
5	135
5	136
5	154
5	155
5	168
5	181
5	183
5	187
5	203
5	224
5	241
5	250
5	281
5	282
5	308
5	327
5	354
5	361
5	379
5	380
5	401
5	407
5	410
5	475
5	535
5	545
5	552
5	662
5	782
5	794
5	821
5	854
5	860
5	895
5	927
6	10
6	12
6	15
6	17
6	18
6	19
6	26
6	27
6	29
6	32
6	38
6	45
6	53
6	57
6	61
6	63
6	67
6	76
6	80
6	83
6	88
6	96
6	97
6	135
6	136
6	145
6	154
6	168
6	183
6	187
6	220
6	236
6	243
6	288
6	296
6	307
6	308
6	309
6	329
6	353
6	354
6	386
6	413
6	439
6	456
6	471
6	511
6	535
6	600
6	653
6	663
6	704
6	724
6	870
6	873
6	880
6	908
7	13
7	17
7	22
7	34
7	39
7	41
7	62
7	73
7	78
7	79
7	98
7	111
7	120
7	140
7	147
7	158
7	164
7	197
7	201
7	204
7	209
7	216
7	229
7	352
7	362
7	371
7	381
7	388
7	410
7	442
7	444
7	468
7	513
7	560
7	570
7	579
7	614
7	616
7	634
7	638
7	731
7	746
7	790
7	831
7	903
7	916
7	921
7	932
7	935
7	971
7	991
8	9
8	20
8	24
8	29
8	49
8	51
8	52
8	65
8	79
8	85
8	91
8	93
8	96
8	109
8	116
8	125
8	130
8	134
8	142
8	169
8	221
8	222
8	233
8	246
8	309
8	321
8	347
8	395
8	399
8	409
8	448
8	452
8	490
8	497
8	529
8	620
8	624
8	659
8	660
8	668
8	685
8	752
8	810
8	815
8	850
8	898
8	904
8	905
8	928
8	938
8	941
8	952
8	979
9	20
9	26
9	49
9	51
9	65
9	85
9	91
9	93
9	96
9	109
9	116
9	125
9	130
9	134
9	142
9	169
9	172
9	177
9	192
9	214
9	219
9	221
9	222
9	233
9	242
9	246
9	277
9	309
9	395
9	409
9	459
9	493
9	497
9	522
9	553
9	555
9	580
9	620
9	634
9	659
9	663
9	668
9	685
9	686
9	689
9	773
9	835
9	885
9	898
9	950
9	959
10	12
10	15
10	18
10	27
10	38
10	45
10	48
10	57
10	63
10	67
10	71
10	74
10	83
10	87
10	88
10	124
10	135
10	140
10	145
10	154
10	168
10	181
10	183
10	188
10	254
10	354
10	361
10	363
10	368
10	372
10	401
10	439
10	449
10	477
10	478
10	486
10	496
10	560
10	568
10	600
10	663
10	744
10	805
10	929
10	990
10	998
11	14
11	21
11	25
11	28
11	32
11	53
11	58
11	78
11	87
11	89
11	90
11	94
11	100
11	107
11	113
11	139
11	142
11	146
11	179
11	200
11	248
11	262
11	266
11	277
11	279
11	298
11	311
11	314
11	372
11	422
11	424
11	429
11	446
11	453
11	482
11	550
11	552
11	558
11	587
11	718
11	830
11	840
11	872
11	882
11	891
11	912
11	938
11	973
11	984
12	17
12	18
12	31
12	35
12	36
12	43
12	47
12	50
12	53
12	55
12	65
12	72
12	112
12	118
12	157
12	164
12	175
12	205
12	214
12	241
12	256
12	284
12	303
12	324
12	330
12	369
12	375
12	384
12	425
12	475
12	489
12	580
12	595
12	618
12	628
12	671
12	764
12	772
12	863
12	891
12	894
12	913
12	928
12	988
12	989
12	1000
13	22
13	39
13	41
13	44
13	62
13	73
13	79
13	98
13	111
13	120
13	140
13	142
13	144
13	197
13	201
13	209
13	216
13	225
13	229
13	252
13	344
13	352
13	381
13	388
13	442
13	444
13	468
13	476
13	480
13	570
13	579
13	616
13	625
13	722
13	761
13	831
13	853
13	864
13	901
13	903
13	916
13	921
13	979
14	15
14	21
14	25
14	26
14	28
14	31
14	32
14	51
14	58
14	78
14	86
14	87
14	90
14	94
14	100
14	127
14	146
14	150
14	183
14	200
14	248
14	277
14	311
14	313
14	320
14	326
14	424
14	447
14	453
14	482
14	501
14	621
14	622
14	665
14	694
14	739
14	840
14	871
14	881
14	882
14	891
14	923
14	938
14	957
15	18
15	19
15	27
15	38
15	45
15	57
15	63
15	69
15	74
15	76
15	82
15	88
15	124
15	136
15	145
15	181
15	223
15	224
15	275
15	295
15	328
15	342
15	385
15	426
15	503
15	533
15	556
15	566
15	643
15	653
15	824
15	850
15	915
15	924
15	927
15	946
15	988
16	17
16	20
16	30
16	34
16	36
16	44
16	52
16	66
16	68
16	86
16	110
16	180
16	204
16	242
16	253
16	258
16	269
16	288
16	307
16	308
16	319
16	390
16	393
16	397
16	402
16	405
16	474
16	478
16	538
16	545
16	574
16	608
16	613
16	627
16	672
16	673
16	678
16	738
16	776
16	794
16	809
16	920
16	956
17	19
17	31
17	35
17	43
17	47
17	50
17	53
17	55
17	72
17	78
17	86
17	107
17	112
17	118
17	157
17	164
17	175
17	205
17	214
17	303
17	317
17	324
17	375
17	384
17	400
17	425
17	467
17	475
17	489
17	580
17	593
17	595
17	628
17	637
17	753
17	894
17	928
17	989
17	1000
18	19
18	23
18	27
18	45
18	53
18	57
18	67
18	74
18	76
18	80
18	88
18	91
18	104
18	124
18	129
18	135
18	154
18	156
18	181
18	240
18	260
18	282
18	306
18	380
18	388
18	401
18	413
18	458
18	471
18	539
18	545
18	568
18	879
18	954
19	21
19	26
19	27
19	30
19	38
19	45
19	57
19	63
19	67
19	71
19	76
19	80
19	85
19	88
19	132
19	136
19	148
19	162
19	250
19	342
19	477
19	516
19	635
19	641
19	663
19	704
19	728
19	769
19	796
19	824
19	975
19	985
20	24
20	49
20	51
20	65
20	85
20	88
20	91
20	93
20	96
20	109
20	116
20	125
20	134
20	142
20	154
20	283
20	309
20	321
20	395
20	452
20	459
20	490
20	493
20	511
20	529
20	571
20	573
20	602
20	624
20	635
20	659
20	689
20	792
20	952
21	25
21	28
21	32
21	58
21	68
21	78
21	82
21	94
21	100
21	120
21	139
21	277
21	298
21	313
21	314
21	320
21	326
21	422
21	435
21	446
21	482
21	509
21	552
21	558
21	592
21	621
21	718
21	732
21	818
21	835
21	838
21	938
21	982
22	28
22	39
22	41
22	56
22	62
22	73
22	77
22	79
22	111
22	120
22	124
22	136
22	138
22	140
22	197
22	201
22	209
22	229
22	362
22	371
22	381
22	388
22	410
22	443
22	444
22	718
22	731
22	743
22	761
22	864
22	916
22	932
23	26
23	33
23	60
23	64
23	77
23	95
23	97
23	99
23	116
23	147
23	207
23	208
23	212
23	229
23	273
23	300
23	327
23	333
23	335
23	357
23	415
23	583
23	593
23	617
23	626
23	644
23	671
23	674
23	694
23	746
23	839
23	907
23	982
24	25
24	29
24	61
24	104
24	105
24	128
24	184
24	206
24	226
24	237
24	259
24	268
24	322
24	406
24	412
24	432
24	489
24	554
24	563
24	691
24	698
24	707
24	785
24	798
24	825
24	859
24	862
24	914
24	950
24	962
24	994
25	28
25	32
25	58
25	71
25	78
25	87
25	94
25	100
25	106
25	139
25	200
25	248
25	266
25	279
25	314
25	370
25	431
25	438
25	446
25	469
25	558
25	622
25	665
25	871
25	891
25	982
26	33
26	60
26	64
26	71
26	77
26	90
26	95
26	99
26	147
26	200
26	207
26	208
26	237
26	273
26	301
26	357
26	406
26	415
26	583
26	590
26	593
26	632
26	760
26	775
26	829
26	889
26	936
27	38
27	45
27	57
27	59
27	71
27	76
27	95
27	117
27	183
27	250
27	291
27	307
27	375
27	396
27	553
27	793
27	798
27	870
27	914
27	927
27	985
27	998
28	32
28	58
28	78
28	81
28	87
28	90
28	94
28	100
28	107
28	126
28	139
28	200
28	248
28	272
28	276
28	279
28	298
28	320
28	326
28	446
28	509
28	592
28	640
28	665
28	912
28	957
29	57
29	58
29	61
29	104
29	105
29	128
29	132
29	184
29	206
29	226
29	259
29	268
29	322
29	406
29	432
29	528
29	536
29	563
29	661
29	691
29	698
29	707
29	798
29	825
29	859
29	862
29	914
29	994
30	31
30	34
30	36
30	52
30	66
30	68
30	105
30	110
30	180
30	204
30	242
30	258
30	269
30	307
30	319
30	425
30	474
30	586
30	627
30	678
30	688
30	708
30	735
30	760
30	762
30	776
30	809
30	811
30	884
31	35
31	39
31	43
31	47
31	50
31	53
31	55
31	72
31	112
31	118
31	157
31	164
31	175
31	205
31	214
31	226
31	227
31	273
31	303
31	369
31	417
31	618
31	793
31	799
31	988
31	989
32	37
32	58
32	60
32	71
32	87
32	92
32	94
32	100
32	107
32	139
32	218
32	279
32	313
32	320
32	373
32	446
32	509
32	552
32	592
32	684
32	856
32	957
33	47
33	60
33	61
33	64
33	77
33	95
33	147
33	207
33	232
33	274
33	300
33	301
33	357
33	443
33	583
33	593
33	632
33	658
33	773
33	801
33	851
33	861
33	897
33	936
33	992
34	36
34	42
34	52
34	66
34	110
34	151
34	165
34	180
34	188
34	204
34	242
34	258
34	269
34	307
34	393
34	397
34	402
34	478
34	546
34	678
34	688
34	762
34	884
34	940
34	956
35	43
35	47
35	50
35	53
35	55
35	72
35	112
35	157
35	164
35	196
35	303
35	352
35	354
35	369
35	475
35	527
35	533
35	580
35	591
35	655
35	771
35	834
35	913
35	928
35	988
36	52
36	66
36	68
36	109
36	147
36	149
36	253
36	258
36	269
36	307
36	319
36	393
36	397
36	538
36	613
36	688
36	738
36	762
36	784
36	809
36	832
36	871
37	102
37	125
37	150
37	202
37	211
37	227
37	231
37	234
37	235
37	290
37	356
37	416
37	436
37	473
37	482
37	494
37	732
37	748
37	769
37	818
37	885
37	896
37	911
37	942
37	955
37	976
38	81
38	124
38	224
38	236
38	291
38	379
38	396
38	401
38	418
38	422
38	535
38	543
38	550
38	556
38	560
38	755
38	949
39	41
39	62
39	67
39	73
39	92
39	98
39	111
39	117
39	140
39	170
39	209
39	362
39	371
39	381
39	476
39	499
39	579
39	616
39	761
39	864
39	921
40	70
40	102
40	123
40	141
40	148
40	173
40	197
40	296
40	341
40	364
40	386
40	399
40	508
40	559
40	562
40	597
40	611
40	612
40	637
40	737
40	745
40	764
40	792
40	796
40	822
41	56
41	62
41	73
41	79
41	80
41	96
41	98
41	119
41	120
41	183
41	201
41	216
41	371
41	388
41	405
41	410
41	579
41	625
41	646
41	790
41	932
41	991
42	46
42	108
42	167
42	196
42	244
42	257
42	261
42	334
42	363
42	404
42	412
42	455
42	456
42	504
42	518
42	682
42	712
42	733
42	774
42	852
42	853
42	906
42	911
42	1000
43	47
43	50
43	53
43	55
43	72
43	105
43	112
43	113
43	118
43	157
43	164
43	214
43	300
43	369
43	475
43	500
43	503
43	533
43	628
43	917
43	1000
44	59
44	75
44	78
44	134
44	265
44	285
44	338
44	370
44	389
44	451
44	505
44	527
44	541
44	585
44	601
44	649
44	654
44	755
44	806
44	807
44	827
44	909
44	924
45	46
45	47
45	53
45	57
45	76
45	97
45	154
45	306
45	382
45	486
45	568
45	643
45	662
45	740
45	880
46	108
46	116
46	158
46	163
46	167
46	196
46	244
46	334
46	404
46	410
46	456
46	504
46	518
46	682
46	733
46	754
46	774
46	808
46	847
46	853
46	858
46	954
46	972
47	50
47	53
47	55
47	64
47	118
47	157
47	164
47	175
47	205
47	206
47	323
47	324
47	489
47	580
47	595
47	793
47	868
48	57
48	63
48	74
48	76
48	83
48	210
48	236
48	240
48	289
48	291
48	385
48	408
48	497
48	568
48	613
48	642
48	653
48	895
49	51
49	74
49	85
49	91
49	93
49	96
49	109
49	125
49	134
49	156
49	246
49	309
49	321
49	452
49	500
49	534
49	536
49	620
49	669
49	742
49	898
50	53
50	55
50	72
50	112
50	164
50	175
50	181
50	205
50	240
50	346
50	461
50	462
50	533
50	618
50	628
50	697
50	772
50	834
51	65
51	85
51	93
51	96
51	109
51	116
51	130
51	142
51	169
51	223
51	233
51	261
51	463
51	490
51	634
51	669
51	686
51	948
51	952
52	66
52	68
52	76
52	110
52	142
52	180
52	197
52	206
52	253
52	258
52	307
52	319
52	393
52	397
52	402
52	538
52	574
52	625
52	794
53	55
53	72
53	112
53	118
53	157
53	175
53	205
53	254
53	399
53	595
53	793
53	834
53	894
54	63
54	70
54	92
54	141
54	194
54	232
54	257
54	284
54	310
54	318
54	340
54	383
54	437
54	463
54	479
54	619
54	633
54	725
54	726
54	849
54	925
54	999
55	66
55	72
55	112
55	118
55	164
55	171
55	214
55	222
55	278
55	425
55	489
55	592
55	594
55	772
55	913
56	69
56	131
56	154
56	188
56	195
56	228
56	231
56	236
56	270
56	289
56	367
56	498
56	521
56	544
56	670
56	737
56	741
56	778
56	797
56	823
56	876
57	74
57	80
57	129
57	164
57	260
57	286
57	331
57	396
57	503
57	526
58	78
58	90
58	100
58	107
58	221
58	266
58	311
58	422
58	507
58	509
58	592
58	650
58	684
58	759
58	787
58	830
59	75
59	201
59	265
59	338
59	370
59	426
59	434
59	440
59	451
59	503
59	505
59	527
59	541
59	654
59	680
59	806
59	807
59	827
59	845
59	869
60	64
60	84
60	95
60	147
60	208
60	237
60	299
60	301
60	327
60	333
60	418
60	450
60	694
60	819
60	832
60	886
60	889
60	992
61	79
61	104
61	105
61	128
61	206
61	226
61	268
61	322
61	406
61	412
61	432
61	433
61	536
61	563
61	707
61	798
61	934
62	65
62	73
62	75
62	79
62	98
62	111
62	120
62	201
62	216
62	280
62	352
62	362
62	746
62	826
62	908
62	935
63	88
63	97
63	104
63	129
63	145
63	223
63	288
63	444
63	529
63	614
63	668
64	95
64	99
64	137
64	147
64	237
64	300
64	318
64	327
64	357
64	617
64	705
64	758
64	762
64	861
64	886
64	992
65	88
65	93
65	96
65	116
65	125
65	211
65	246
65	360
65	459
65	490
65	555
65	629
65	635
65	773
65	787
66	68
66	115
66	137
66	152
66	253
66	269
66	331
66	393
66	402
66	574
66	608
66	672
66	678
66	920
66	965
67	97
67	117
67	119
67	129
67	252
67	291
67	302
67	308
67	396
67	820
67	892
68	159
68	180
68	181
68	204
68	207
68	242
68	307
68	313
68	393
68	474
68	608
68	672
68	884
68	956
69	128
69	131
69	187
69	188
69	195
69	228
69	231
69	270
69	306
69	361
69	367
69	521
69	544
69	571
69	670
69	741
69	778
69	797
70	92
70	141
70	170
70	194
70	219
70	257
70	310
70	318
70	340
70	383
70	437
70	463
70	548
70	633
70	670
70	849
70	925
71	76
71	83
71	88
71	168
71	224
71	244
71	288
71	729
71	880
71	901
72	102
72	112
72	214
72	369
72	384
72	420
72	468
72	533
72	557
72	618
73	79
73	98
73	120
73	140
73	160
73	197
73	232
73	235
73	349
73	371
73	476
73	931
74	80
74	124
74	135
74	264
74	382
74	511
74	651
74	791
75	91
75	99
75	148
75	265
75	338
75	426
75	451
75	505
75	527
75	541
75	549
75	601
75	723
75	807
75	827
76	83
76	97
76	143
76	293
76	361
76	942
77	95
77	99
77	202
77	237
77	247
77	273
77	617
77	751
77	775
77	829
77	839
77	861
77	936
78	90
78	146
78	200
78	453
78	684
78	739
78	759
78	813
78	912
79	98
79	111
79	120
79	209
79	352
79	476
79	679
79	692
79	901
79	991
80	181
80	184
80	192
80	368
80	461
80	590
80	600
81	155
81	170
81	205
81	212
81	218
81	225
81	256
81	500
81	505
81	517
81	604
81	676
81	771
81	816
81	878
81	958
82	149
82	162
82	190
82	247
82	262
82	350
82	596
82	604
82	642
82	740
82	918
82	951
82	961
82	986
82	987
82	999
83	146
83	168
83	275
83	407
83	418
83	444
83	581
83	641
83	724
84	103
84	115
84	143
84	151
84	153
84	299
84	328
84	400
84	512
84	525
84	603
84	747
84	768
84	770
84	973
85	130
85	194
85	255
85	289
85	459
85	497
85	673
85	685
85	686
85	787
85	835
86	89
86	101
86	127
86	161
86	376
86	390
86	540
86	661
86	709
86	795
86	817
86	837
86	967
87	94
87	107
87	185
87	266
87	396
87	424
87	438
87	665
87	817
87	856
87	982
88	461
88	636
88	896
89	101
89	105
89	127
89	133
89	279
89	376
89	479
89	540
89	687
89	709
89	817
89	820
89	837
89	874
89	967
90	118
90	146
90	153
90	298
90	314
90	320
90	322
90	326
90	684
90	840
91	96
91	116
91	130
91	246
91	343
91	493
91	529
91	620
91	630
91	887
91	941
92	141
92	179
92	194
92	226
92	257
92	310
92	318
92	437
92	548
92	619
92	843
92	849
93	109
93	221
93	246
93	304
93	315
93	438
93	448
93	635
93	669
93	823
94	139
94	285
94	313
94	345
94	372
94	447
94	453
94	843
94	951
95	99
95	207
95	212
95	301
95	381
95	590
95	886
95	990
96	134
96	221
96	222
96	243
96	347
96	490
96	517
97	132
97	236
97	544
97	636
97	756
97	782
98	111
98	113
98	197
98	236
98	352
98	468
98	743
98	766
99	147
99	191
99	208
99	273
99	537
99	583
99	632
99	671
99	775
100	114
100	146
100	177
100	198
100	311
100	739
100	813
100	871
101	127
101	372
101	376
101	390
101	450
101	479
101	540
101	641
101	661
101	795
101	820
101	874
101	967
102	150
102	202
102	234
102	235
102	290
102	356
102	416
102	436
102	473
102	516
102	665
102	911
103	115
103	143
103	151
103	153
103	174
103	210
103	281
103	315
103	328
103	630
103	770
103	949
103	955
103	973
104	105
104	206
104	226
104	322
104	362
104	412
104	554
104	688
104	691
104	825
105	128
105	184
105	206
105	322
105	406
105	536
105	554
105	563
106	185
106	249
106	387
106	467
106	496
106	520
106	587
106	610
106	664
106	711
106	730
106	747
106	842
106	944
107	139
107	266
107	430
107	438
107	509
107	622
107	718
107	813
107	964
108	163
108	167
108	196
108	261
108	316
108	329
108	334
108	404
108	420
108	456
108	504
108	814
109	130
109	134
109	142
109	249
109	379
109	555
109	629
109	660
110	180
110	242
110	269
110	341
110	478
110	484
110	538
110	608
110	688
110	719
110	735
111	209
111	229
111	381
111	434
111	513
111	569
111	981
111	987
112	118
112	213
112	384
112	574
113	114
113	121
113	137
113	213
113	241
113	254
113	274
113	306
113	467
113	631
113	717
114	121
114	137
114	213
114	241
114	254
114	274
114	294
114	519
114	537
114	631
114	696
114	899
115	143
115	151
115	153
115	299
115	315
115	328
115	389
115	400
115	512
115	606
116	125
116	221
116	395
116	569
116	624
116	770
117	183
117	187
117	380
117	382
117	417
117	481
117	890
118	164
118	214
118	375
118	623
118	644
119	159
119	182
119	238
119	255
119	263
119	278
119	492
119	501
119	697
119	715
119	799
119	929
120	219
120	229
120	570
120	691
120	903
120	935
121	137
121	213
121	241
121	254
121	274
121	467
121	489
121	537
121	631
121	657
121	696
121	933
122	198
122	312
122	323
122	334
122	346
122	424
122	626
122	734
122	789
122	812
122	937
122	939
122	960
122	963
123	173
123	286
123	311
123	341
123	366
123	399
123	472
123	508
123	530
123	555
123	675
123	737
123	926
124	191
124	657
124	693
125	301
125	347
125	394
125	452
125	624
125	950
126	163
126	174
126	337
126	392
126	398
126	451
126	551
126	586
126	683
126	721
126	877
126	996
127	132
127	390
127	464
127	661
127	687
127	795
127	820
127	837
127	874
128	184
128	259
128	300
128	364
128	412
128	432
128	691
128	964
129	145
129	149
129	288
129	511
129	656
130	169
130	309
130	310
130	573
130	629
130	789
130	807
131	181
131	188
131	195
131	231
131	270
131	544
131	638
131	662
131	741
131	775
131	823
132	168
132	186
132	380
132	734
132	924
133	144
133	239
133	280
133	298
133	348
133	507
133	742
133	753
133	833
133	846
133	943
133	946
134	190
134	459
134	493
134	573
134	660
134	839
135	203
135	322
135	369
135	439
135	471
135	520
136	516
136	551
136	662
136	736
136	968
137	213
137	254
137	274
137	510
137	631
137	696
137	717
137	943
138	173
138	185
138	229
138	387
138	440
138	496
138	520
138	581
138	587
138	677
138	766
138	944
139	176
139	313
139	324
139	326
139	660
139	984
140	197
140	201
140	209
140	316
140	400
140	440
140	476
141	187
141	194
141	257
141	284
141	310
141	318
141	340
141	451
141	463
142	169
142	233
142	668
142	689
142	787
143	151
143	153
143	281
143	299
143	315
143	323
143	328
143	339
143	456
144	239
144	280
144	348
144	441
144	490
144	526
144	742
144	753
144	767
144	833
144	970
145	271
145	360
145	461
145	530
145	657
146	192
146	277
146	311
146	336
146	422
146	447
146	552
147	167
147	300
147	301
147	335
147	694
148	286
148	296
148	341
148	366
148	411
148	508
148	524
148	611
148	965
149	162
149	190
149	247
149	262
149	478
149	596
149	785
149	961
149	987
150	202
150	234
150	290
150	366
150	416
150	436
150	885
150	976
151	153
151	281
151	299
151	315
151	328
151	457
151	654
152	271
152	305
152	345
152	403
152	488
152	714
152	715
152	848
152	862
152	866
152	892
153	231
153	315
153	400
153	616
153	770
153	949
154	786
154	836
155	170
155	212
155	218
155	225
155	245
155	256
155	344
155	500
155	919
155	958
156	316
156	414
156	495
156	530
156	572
156	639
156	783
156	828
156	923
156	983
157	214
157	324
157	692
157	748
157	804
158	176
158	192
158	304
158	460
158	462
158	480
158	547
158	651
158	727
158	791
159	238
159	278
159	291
159	492
159	501
159	523
159	577
159	630
159	659
159	799
160	161
160	171
160	227
160	294
160	374
160	441
160	532
160	591
160	656
160	801
160	981
161	177
161	230
161	251
161	343
161	423
161	514
161	564
161	700
161	703
161	780
162	190
162	350
162	454
162	596
162	618
162	740
162	930
162	951
162	977
163	167
163	169
163	376
163	404
163	456
163	504
163	808
163	906
163	954
164	460
165	193
165	199
165	280
165	353
165	496
165	534
165	640
165	667
165	765
165	844
165	875
166	191
166	208
166	336
166	339
166	408
166	435
166	508
166	588
166	652
166	710
166	867
166	947
167	196
167	244
167	397
167	455
167	518
167	645
167	853
168	321
168	368
168	402
168	803
169	296
169	332
169	448
169	573
169	629
169	668
170	212
170	218
170	245
170	256
170	445
170	676
170	771
171	185
171	233
171	374
171	427
171	532
171	591
171	605
171	919
171	981
172	264
172	325
172	417
172	498
172	518
172	594
172	649
172	776
172	826
172	969
173	238
173	295
173	386
173	559
173	716
173	745
173	974
173	977
174	225
174	332
174	337
174	392
174	398
174	586
174	683
174	721
174	877
175	324
175	375
175	607
175	759
175	809
176	304
176	429
176	462
176	480
176	547
176	599
176	651
176	781
176	906
177	230
177	251
177	343
177	423
177	514
177	564
177	708
177	780
178	215
178	220
178	260
178	358
178	365
178	542
178	616
178	690
178	768
178	815
178	888
179	186
179	294
179	317
179	377
179	466
179	543
179	561
179	598
179	606
180	209
180	672
180	714
180	794
180	832
181	288
182	238
182	263
182	278
182	409
182	523
182	630
182	674
182	697
182	929
183	685
184	259
184	406
184	432
184	698
184	862
185	420
185	496
185	507
185	610
185	706
185	802
185	944
186	230
186	317
186	377
186	543
186	598
186	606
186	713
186	953
187	342
187	745
187	769
188	217
188	289
188	544
188	638
188	797
188	823
189	190
189	331
189	378
189	398
189	430
189	565
189	569
189	582
189	609
189	623
190	247
190	262
190	350
190	609
190	740
190	951
191	336
191	339
191	394
191	408
191	588
191	652
191	710
192	460
192	462
192	584
192	727
192	781
192	993
193	195
193	199
193	204
193	389
193	531
193	534
193	765
193	858
193	875
194	292
194	310
194	463
194	854
194	925
195	270
195	289
195	337
195	367
195	670
195	876
196	244
196	363
196	682
196	814
196	829
197	358
197	468
198	310
198	323
198	346
198	502
198	789
198	937
198	960
198	963
199	355
199	531
199	534
199	549
199	765
199	844
199	858
199	875
200	248
200	298
200	422
200	686
201	442
201	979
202	227
202	356
202	515
202	732
202	748
202	911
203	297
203	487
203	515
203	546
203	582
203	819
203	836
203	968
204	242
204	287
204	397
204	738
205	224
205	303
205	425
206	226
206	268
206	441
207	232
207	335
207	593
207	632
207	752
208	287
208	418
208	428
208	751
208	865
209	783
209	888
210	433
210	484
210	485
210	506
210	578
210	648
210	681
210	838
211	227
211	234
211	235
211	290
211	446
211	698
211	784
211	896
212	218
212	365
212	445
212	604
212	816
213	241
213	254
213	467
213	744
213	899
214	452
215	220
215	283
215	301
215	312
215	358
215	365
215	378
215	542
215	815
216	281
216	315
216	442
216	468
216	513
216	570
217	264
217	325
217	417
217	498
217	603
217	649
217	899
217	969
218	245
218	500
218	751
218	771
219	297
219	487
219	515
219	546
219	693
219	836
220	283
220	358
220	365
220	768
220	859
221	452
221	806
221	993
222	321
222	566
222	773
222	944
222	952
223	259
223	282
223	318
224	250
224	306
225	245
225	256
225	517
225	604
225	816
226	859
226	964
227	235
227	290
227	362
227	473
228	231
228	270
228	289
228	324
228	367
228	521
228	567
229	513
229	746
230	251
230	343
230	423
230	458
230	803
231	270
231	571
231	876
232	237
232	349
232	664
232	705
232	751
233	321
233	409
233	538
233	597
234	235
234	661
234	748
234	818
235	494
235	941
237	333
237	562
237	669
238	282
238	492
238	499
238	810
238	929
239	280
239	325
239	348
239	742
239	846
239	943
240	275
240	484
241	254
241	537
241	717
242	601
242	735
243	414
243	431
243	699
243	779
243	821
243	841
243	971
244	363
244	512
244	518
245	517
245	575
245	604
245	647
245	958
246	875
246	941
247	454
247	642
247	785
247	986
247	997
248	259
248	345
248	482
248	872
249	250
249	387
249	496
249	561
249	587
249	711
249	766
250	786
250	880
251	423
251	458
251	523
251	564
251	700
252	359
252	457
252	510
252	811
252	857
252	890
252	902
253	282
253	627
253	673
253	832
253	960
254	274
255	263
255	266
255	278
255	394
255	499
255	501
255	674
256	500
256	517
256	738
257	303
257	310
257	437
258	445
258	613
258	882
259	322
259	914
260	373
260	380
261	404
261	682
261	774
261	906
262	558
262	596
262	642
262	785
263	397
263	501
263	528
263	905
263	970
264	325
264	522
264	603
264	649
264	867
265	338
265	389
265	393
265	549
265	932
266	621
267	367
267	419
267	491
267	558
267	728
267	756
267	788
267	962
268	357
268	554
268	605
268	994
269	486
269	967
270	464
270	763
271	305
271	345
271	488
271	492
271	749
271	892
272	411
272	421
272	469
272	483
272	519
272	646
272	980
273	349
273	705
273	754
274	899
275	485
275	744
276	332
276	363
276	449
276	481
276	539
276	575
276	800
277	314
277	830
278	630
278	810
278	926
279	372
279	447
279	840
280	753
280	767
280	833
281	299
281	525
281	955
282	940
283	351
283	358
283	690
283	815
283	888
284	318
284	383
284	535
284	633
284	725
285	370
285	505
285	723
285	755
285	845
286	562
286	650
286	675
286	749
286	965
287	333
287	415
287	644
287	658
287	851
287	861
288	421
289	367
289	670
290	513
290	525
290	784
291	357
292	316
292	414
292	542
292	599
292	666
292	763
292	865
293	405
293	602
293	637
293	655
293	883
293	922
293	975
294	351
294	532
294	591
294	948
294	981
295	364
295	597
295	611
295	612
295	977
295	991
296	364
296	650
296	792
296	977
297	515
297	522
297	546
297	601
297	622
297	693
298	326
298	391
299	512
299	532
300	418
300	428
301	671
302	373
302	391
302	557
302	567
302	679
302	757
302	804
303	425
303	761
304	429
304	454
304	584
304	651
304	750
305	345
305	403
305	448
305	749
305	841
305	892
306	854
308	953
309	390
309	529
311	687
311	882
312	373
312	391
312	470
312	557
312	679
312	758
313	717
313	830
314	622
314	921
315	949
316	414
316	599
316	645
316	933
317	377
317	395
317	561
317	598
317	953
318	843
319	407
319	673
319	731
319	776
320	342
320	482
320	607
321	635
321	698
323	346
323	502
323	734
323	939
324	475
325	417
325	594
325	603
325	844
326	608
326	684
327	335
327	494
327	760
327	897
328	400
328	469
329	473
329	985
330	433
330	484
330	506
330	578
330	648
330	723
330	838
331	378
331	430
331	565
331	566
331	945
332	355
332	443
332	449
332	539
332	997
333	450
333	493
333	851
334	518
334	733
334	852
335	355
335	595
335	626
336	339
336	341
336	394
336	408
337	398
337	683
337	918
337	931
338	370
338	379
339	394
339	947
339	984
340	499
340	725
340	781
340	999
341	386
341	974
343	564
343	780
343	803
344	615
344	647
344	779
344	821
344	841
345	488
345	848
346	609
346	812
346	937
347	409
347	782
347	884
347	950
348	579
348	767
348	943
348	970
349	590
349	760
349	990
350	454
350	466
350	873
350	987
351	360
351	374
351	656
351	831
351	966
352	479
353	545
353	700
353	907
354	632
355	481
355	575
355	719
355	995
356	470
356	473
356	784
356	818
357	626
358	886
358	888
359	712
359	857
359	869
359	890
359	995
360	591
360	605
360	656
360	801
362	743
363	455
363	954
364	675
364	707
364	796
365	542
365	690
365	768
366	386
366	559
366	562
366	822
367	540
368	664
368	744
369	578
370	620
370	909
371	381
371	767
372	424
372	453
373	758
373	881
373	917
374	427
374	605
374	612
374	847
375	384
375	910
376	390
376	479
376	817
377	413
377	466
377	561
377	872
378	430
378	566
378	569
378	878
379	879
380	777
380	824
382	453
383	436
383	520
383	633
383	843
384	727
384	780
385	864
386	764
386	926
387	440
387	581
387	730
387	916
388	625
388	696
389	426
389	549
389	585
390	687
391	470
391	567
391	881
391	961
392	398
392	551
392	721
392	931
392	996
394	435
394	652
395	669
395	689
396	837
398	551
398	913
399	524
399	764
399	900
400	955
402	613
402	851
403	427
403	488
403	714
403	715
403	749
404	411
404	730
405	589
405	607
405	637
405	978
406	536
407	416
408	588
408	710
408	842
409	497
409	741
410	625
410	731
411	519
411	713
411	855
411	980
412	716
412	964
413	676
414	572
414	705
414	910
415	617
415	644
415	902
416	436
416	647
416	896
417	498
418	428
419	491
419	695
419	788
419	825
419	887
420	507
420	610
420	766
421	786
423	863
423	889
424	675
426	549
426	585
427	441
427	870
427	948
428	644
428	658
428	897
429	480
429	791
429	797
430	623
430	945
431	547
431	821
431	841
431	971
432	856
433	484
433	485
433	874
434	643
434	806
434	845
434	909
435	588
435	652
435	947
436	494
437	477
437	513
438	957
438	974
439	504
439	560
440	507
440	702
441	656
441	948
442	517
442	831
443	802
443	904
443	997
444	979
445	676
445	878
445	980
447	565
447	621
448	660
448	685
449	539
449	802
449	995
450	590
450	626
450	694
451	585
454	699
454	918
455	704
455	814
455	852
457	712
457	868
457	869
457	903
458	491
458	514
458	700
459	678
460	480
460	750
460	812
461	922
462	619
462	651
463	894
464	523
464	577
464	674
464	697
465	495
465	599
465	666
465	690
465	783
465	933
466	561
466	606
467	537
469	472
469	726
469	934
470	567
470	804
470	881
471	633
472	483
472	519
472	726
472	934
473	494
474	478
474	648
474	710
476	502
477	584
477	736
479	687
480	993
481	719
481	939
481	995
483	646
483	680
483	774
483	956
484	485
485	681
485	900
486	572
486	653
487	515
487	693
487	778
487	968
488	702
488	715
491	695
491	701
491	962
492	523
492	905
493	671
494	732
495	572
495	763
495	788
495	983
497	752
498	867
498	969
499	501
499	528
502	789
502	963
504	972
505	654
506	578
506	611
506	681
506	838
507	520
508	594
508	692
509	514
510	722
510	868
510	893
510	902
511	860
512	747
514	703
514	803
515	819
516	643
519	855
519	980
520	677
521	638
522	582
522	693
524	650
524	765
524	974
525	747
525	973
526	588
526	846
526	970
527	654
528	777
528	810
530	576
530	639
531	534
531	638
531	667
532	805
539	997
540	709
541	711
541	723
542	690
543	606
543	895
546	968
547	727
547	993
548	619
548	989
548	999
550	553
551	586
554	743
555	959
556	614
557	679
557	804
559	745
559	790
562	716
564	800
565	566
565	883
567	636
569	609
570	696
571	778
572	639
574	920
575	800
575	904
576	639
576	645
576	783
576	978
577	777
577	799
578	648
581	664
581	711
582	819
582	836
584	672
584	781
586	996
587	677
589	655
589	706
589	922
589	978
594	867
596	925
597	611
597	737
598	816
598	953
599	933
601	755
602	607
602	655
602	978
603	826
605	847
607	975
609	623
610	702
610	877
612	675
612	692
614	866
615	647
615	699
615	757
615	971
619	729
623	945
624	994
627	673
627	845
628	659
631	945
634	686
634	959
636	679
636	917
637	883
639	724
640	667
640	844
640	858
641	870
642	930
645	666
645	910
646	680
646	726
647	699
648	681
649	826
650	822
652	709
653	972
655	922
658	897
658	996
664	842
666	910
666	963
667	779
674	777
676	878
677	706
677	855
680	713
680	934
681	935
683	721
689	983
692	792
695	728
695	887
695	930
697	905
699	779
700	863
701	728
701	857
701	887
702	842
703	708
703	846
706	730
708	863
712	890
713	855
714	866
716	900
719	904
720	814
722	811
722	902
725	879
734	939
736	959
739	876
750	791
752	835
754	808
754	972
756	788
756	962
757	758
757	917
759	856
763	828
790	901
796	900
800	802
801	805
805	966
811	893
812	960
813	915
822	912
827	833
828	849
828	923
829	839
847	919
848	860
848	866
852	898
857	893
865	923
865	983
868	869
872	984
877	931
883	975
885	976
889	990
918	961
919	966
926	965
927	986
930	986
958	985
