1	2
1	3
1	7
1	10
1	12
1	13
1	15
1	20
1	22
1	24
1	31
1	37
1	38
1	39
1	47
1	54
1	56
1	87
1	98
1	118
1	119
1	122
1	126
1	141
1	147
1	166
1	176
1	182
1	184
1	188
1	199
1	226
1	229
1	238
1	240
1	244
1	253
1	262
1	267
1	278
1	292
1	311
1	324
1	329
1	344
1	355
1	376
1	380
1	383
1	416
1	419
1	428
1	434
1	442
1	445
1	451
1	452
1	464
1	495
1	509
1	517
1	546
1	547
1	566
1	594
1	599
1	626
1	632
1	641
1	653
1	662
1	663
1	677
1	700
1	703
1	711
1	721
1	748
1	758
1	780
1	792
1	796
1	800
1	822
1	835
1	837
1	849
1	859
1	899
1	916
1	918
1	949
1	968
1	990
2	4
2	6
2	8
2	10
2	11
2	15
2	16
2	22
2	23
2	25
2	32
2	33
2	40
2	41
2	44
2	45
2	49
2	63
2	69
2	71
2	74
2	75
2	81
2	84
2	87
2	100
2	105
2	125
2	130
2	133
2	147
2	160
2	190
2	196
2	223
2	225
2	230
2	232
2	235
2	242
2	247
2	255
2	265
2	278
2	298
2	308
2	312
2	313
2	321
2	344
2	348
2	366
2	380
2	394
2	410
2	440
2	461
2	467
2	507
2	523
2	574
2	576
2	590
2	596
2	643
2	666
2	676
2	679
2	741
2	771
2	809
2	863
2	889
2	894
2	939
2	970
2	985
3	8
3	9
3	13
3	15
3	20
3	22
3	24
3	29
3	31
3	37
3	39
3	47
3	54
3	58
3	66
3	71
3	85
3	98
3	100
3	118
3	119
3	141
3	147
3	161
3	166
3	176
3	182
3	184
3	188
3	199
3	211
3	226
3	229
3	240
3	244
3	262
3	267
3	289
3	292
3	324
3	329
3	334
3	383
3	416
3	434
3	442
3	445
3	451
3	457
3	520
3	540
3	544
3	566
3	576
3	603
3	626
3	632
3	658
3	662
3	677
3	704
3	722
3	748
3	758
3	796
3	800
3	835
3	859
3	868
3	869
3	916
3	918
3	923
3	990
4	8
4	11
4	12
4	16
4	23
4	25
4	26
4	30
4	31
4	32
4	33
4	37
4	40
4	41
4	44
4	63
4	71
4	75
4	81
4	87
4	94
4	105
4	113
4	143
4	150
4	160
4	167
4	190
4	205
4	223
4	225
4	227
4	230
4	232
4	235
4	247
4	255
4	258
4	274
4	278
4	298
4	308
4	312
4	321
4	331
4	344
4	348
4	359
4	366
4	394
4	408
4	410
4	428
4	448
4	461
4	507
4	513
4	574
4	587
4	596
4	643
4	648
4	679
4	680
4	686
4	788
4	812
4	863
4	889
4	897
4	922
4	939
4	970
5	6
5	7
5	10
5	17
5	19
5	26
5	30
5	34
5	35
5	36
5	37
5	38
5	45
5	50
5	52
5	56
5	59
5	63
5	64
5	67
5	78
5	80
5	82
5	83
5	90
5	93
5	104
5	106
5	109
5	114
5	115
5	119
5	189
5	207
5	210
5	215
5	221
5	237
5	291
5	306
5	316
5	325
5	339
5	385
5	404
5	533
5	548
5	556
5	588
5	598
5	603
5	620
5	621
5	654
5	664
5	685
5	695
5	699
5	731
5	734
5	746
5	753
5	759
5	771
5	804
5	836
5	869
5	898
5	908
5	938
5	959
5	986
5	990
6	7
6	13
6	17
6	19
6	25
6	27
6	28
6	31
6	34
6	35
6	38
6	45
6	46
6	50
6	52
6	56
6	67
6	78
6	80
6	83
6	90
6	106
6	109
6	114
6	115
6	120
6	187
6	210
6	215
6	221
6	237
6	242
6	275
6	291
6	306
6	316
6	325
6	338
6	342
6	355
6	376
6	385
6	397
6	433
6	479
6	482
6	507
6	533
6	575
6	598
6	620
6	673
6	685
6	699
6	715
6	731
6	734
6	746
6	753
6	811
6	816
6	836
6	862
6	884
6	898
6	908
6	959
6	978
6	986
7	10
7	17
7	19
7	24
7	27
7	30
7	34
7	35
7	38
7	45
7	49
7	50
7	52
7	56
7	67
7	80
7	83
7	95
7	97
7	106
7	108
7	109
7	114
7	115
7	117
7	133
7	146
7	178
7	210
7	215
7	221
7	223
7	232
7	237
7	239
7	306
7	316
7	321
7	325
7	338
7	342
7	357
7	365
7	390
7	404
7	470
7	474
7	503
7	533
7	556
7	568
7	588
7	598
7	664
7	689
7	696
7	699
7	715
7	731
7	808
7	811
7	812
7	836
7	842
7	864
7	898
7	978
7	986
8	10
8	11
8	15
8	16
8	17
8	22
8	23
8	25
8	32
8	33
8	40
8	41
8	44
8	63
8	71
8	75
8	81
8	87
8	101
8	105
8	127
8	142
8	154
8	160
8	176
8	189
8	190
8	206
8	223
8	225
8	230
8	232
8	254
8	255
8	278
8	298
8	308
8	312
8	321
8	325
8	344
8	346
8	348
8	366
8	431
8	461
8	484
8	488
8	513
8	590
8	596
8	605
8	618
8	666
8	676
8	733
8	780
8	788
8	824
8	863
8	897
8	971
9	12
9	14
9	18
9	19
9	20
9	60
9	61
9	73
9	80
9	88
9	89
9	132
9	143
9	152
9	156
9	158
9	165
9	170
9	178
9	187
9	229
9	251
9	256
9	270
9	320
9	341
9	356
9	364
9	396
9	397
9	405
9	413
9	424
9	429
9	479
9	486
9	505
9	529
9	550
9	553
9	564
9	585
9	618
9	619
9	624
9	633
9	646
9	659
9	686
9	723
9	729
9	744
9	774
9	779
9	799
9	819
9	924
9	931
9	941
10	14
10	25
10	26
10	30
10	35
10	48
10	57
10	58
10	59
10	61
10	76
10	86
10	91
10	92
10	110
10	120
10	127
10	131
10	139
10	148
10	176
10	202
10	216
10	246
10	248
10	315
10	334
10	336
10	350
10	372
10	430
10	436
10	441
10	474
10	489
10	506
10	510
10	652
10	656
10	661
10	681
10	710
10	738
10	749
10	752
10	760
10	773
10	807
10	854
10	856
10	891
10	922
10	930
10	934
10	935
11	16
11	19
11	23
11	25
11	32
11	33
11	35
11	38
11	40
11	41
11	44
11	60
11	63
11	71
11	75
11	81
11	87
11	105
11	184
11	190
11	212
11	215
11	221
11	223
11	230
11	231
11	232
11	235
11	245
11	247
11	255
11	298
11	308
11	321
11	334
11	348
11	359
11	410
11	461
11	467
11	484
11	508
11	570
11	576
11	596
11	605
11	679
11	733
11	740
11	797
11	803
11	812
11	894
11	941
11	945
11	971
12	13
12	18
12	61
12	73
12	76
12	88
12	89
12	91
12	108
12	132
12	143
12	152
12	158
12	170
12	178
12	207
12	251
12	258
12	263
12	270
12	320
12	342
12	393
12	396
12	397
12	405
12	412
12	413
12	424
12	429
12	453
12	479
12	486
12	529
12	553
12	564
12	585
12	624
12	630
12	633
12	635
12	637
12	639
12	646
12	659
12	686
12	723
12	728
12	774
12	779
12	819
12	877
12	881
12	924
12	926
13	15
13	20
13	22
13	24
13	31
13	35
13	37
13	39
13	43
13	47
13	49
13	54
13	59
13	71
13	98
13	118
13	119
13	141
13	147
13	182
13	184
13	199
13	200
13	229
13	251
13	262
13	269
13	311
13	329
13	352
13	376
13	383
13	428
13	452
13	464
13	474
13	491
13	536
13	555
13	579
13	599
13	617
13	662
13	663
13	677
13	748
13	750
13	769
13	827
13	849
13	859
13	923
14	21
14	30
14	46
14	48
14	57
14	58
14	59
14	76
14	86
14	88
14	89
14	92
14	114
14	120
14	127
14	131
14	139
14	140
14	148
14	202
14	216
14	248
14	315
14	334
14	336
14	358
14	377
14	436
14	439
14	448
14	474
14	487
14	489
14	506
14	510
14	625
14	652
14	656
14	661
14	678
14	681
14	710
14	749
14	752
14	790
14	801
14	856
14	861
14	891
14	920
14	996
15	20
15	22
15	24
15	31
15	37
15	39
15	42
15	47
15	49
15	54
15	57
15	79
15	98
15	118
15	119
15	122
15	166
15	176
15	184
15	199
15	226
15	240
15	289
15	292
15	301
15	324
15	358
15	376
15	428
15	436
15	442
15	509
15	517
15	566
15	610
15	626
15	663
15	677
15	700
15	722
15	750
15	800
15	827
15	836
15	875
15	968
16	18
16	23
16	24
16	25
16	32
16	33
16	40
16	41
16	44
16	63
16	64
16	71
16	75
16	81
16	87
16	105
16	116
16	160
16	190
16	216
16	223
16	225
16	232
16	235
16	255
16	294
16	298
16	321
16	359
16	366
16	389
16	400
16	448
16	489
16	490
16	570
16	576
16	590
16	601
16	643
16	666
16	679
16	834
16	865
16	939
16	949
17	19
17	25
17	31
17	34
17	35
17	38
17	45
17	50
17	52
17	56
17	67
17	79
17	80
17	83
17	90
17	106
17	114
17	115
17	123
17	126
17	185
17	210
17	213
17	215
17	221
17	237
17	241
17	291
17	306
17	316
17	325
17	338
17	339
17	404
17	459
17	484
17	554
17	574
17	620
17	665
17	685
17	746
17	753
17	771
17	864
17	958
18	22
18	60
18	61
18	67
18	73
18	88
18	89
18	104
18	143
18	152
18	158
18	170
18	178
18	193
18	202
18	209
18	251
18	270
18	302
18	320
18	341
18	380
18	396
18	397
18	406
18	413
18	429
18	479
18	486
18	553
18	618
18	619
18	637
18	646
18	659
18	667
18	670
18	723
18	728
18	744
18	799
18	819
18	877
18	926
18	931
18	962
19	34
19	35
19	38
19	43
19	45
19	50
19	52
19	56
19	67
19	70
19	77
19	80
19	83
19	88
19	106
19	109
19	115
19	177
19	210
19	221
19	237
19	259
19	291
19	306
19	316
19	325
19	338
19	424
19	458
19	504
19	513
19	528
19	583
19	619
19	664
19	715
19	734
19	759
19	808
19	811
19	938
19	959
20	22
20	24
20	31
20	37
20	39
20	47
20	52
20	98
20	116
20	118
20	119
20	131
20	132
20	147
20	166
20	176
20	178
20	188
20	199
20	226
20	229
20	262
20	269
20	289
20	292
20	329
20	352
20	416
20	434
20	452
20	566
20	599
20	628
20	632
20	658
20	711
20	817
20	855
20	899
20	916
20	935
20	948
20	968
21	33
21	38
21	42
21	45
21	49
21	51
21	66
21	96
21	146
21	155
21	173
21	201
21	205
21	260
21	266
21	276
21	296
21	318
21	367
21	371
21	381
21	411
21	425
21	427
21	439
21	472
21	498
21	528
21	591
21	592
21	614
21	623
21	644
21	703
21	728
21	754
21	778
21	794
21	820
21	845
21	892
21	909
21	947
21	951
21	966
21	984
21	987
22	24
22	28
22	31
22	32
22	37
22	39
22	47
22	54
22	93
22	118
22	141
22	147
22	166
22	182
22	238
22	240
22	269
22	311
22	324
22	383
22	442
22	444
22	445
22	451
22	464
22	471
22	475
22	481
22	517
22	611
22	632
22	658
22	663
22	716
22	722
22	769
22	859
22	923
22	949
23	25
23	28
23	32
23	33
23	40
23	41
23	44
23	63
23	71
23	75
23	81
23	87
23	93
23	96
23	154
23	230
23	235
23	236
23	247
23	255
23	261
23	278
23	312
23	387
23	394
23	467
23	484
23	512
23	574
23	610
23	643
23	676
23	708
23	709
23	733
23	765
23	881
23	944
23	970
24	31
24	33
24	37
24	39
24	41
24	47
24	77
24	98
24	118
24	119
24	121
24	141
24	152
24	166
24	188
24	221
24	238
24	292
24	345
24	352
24	383
24	451
24	452
24	453
24	509
24	536
24	599
24	603
24	610
24	658
24	662
24	750
24	796
24	806
24	827
24	869
25	26
25	32
25	33
25	40
25	41
25	42
25	44
25	63
25	71
25	75
25	81
25	87
25	92
25	93
25	114
25	137
25	139
25	143
25	160
25	223
25	232
25	234
25	308
25	321
25	448
25	467
25	507
25	517
25	533
25	576
25	656
25	676
25	709
25	889
26	27
26	28
26	31
26	36
26	39
26	44
26	46
26	76
26	85
26	88
26	100
26	231
26	250
26	290
26	293
26	332
26	360
26	387
26	418
26	438
26	441
26	471
26	491
26	501
26	527
26	543
26	604
26	622
26	673
26	688
26	727
26	791
26	842
26	844
26	865
26	887
26	904
26	955
26	979
27	28
27	36
27	46
27	81
27	85
27	100
27	231
27	240
27	250
27	287
27	290
27	293
27	360
27	367
27	376
27	387
27	401
27	418
27	441
27	468
27	469
27	471
27	491
27	500
27	501
27	527
27	543
27	582
27	584
27	607
27	622
27	673
27	684
27	791
27	817
27	825
27	842
27	955
27	979
28	36
28	43
28	46
28	58
28	85
28	100
28	116
28	162
28	195
28	231
28	250
28	290
28	297
28	332
28	349
28	360
28	387
28	418
28	438
28	491
28	500
28	501
28	527
28	543
28	582
28	607
28	622
28	673
28	705
28	817
28	823
28	825
28	850
28	882
28	887
28	904
29	41
29	43
29	55
29	56
29	69
29	70
29	72
29	85
29	104
29	110
29	121
29	125
29	137
29	168
29	177
29	192
29	233
29	234
29	243
29	252
29	259
29	402
29	423
29	473
29	480
29	567
29	579
29	683
29	690
29	718
29	721
29	725
29	729
29	745
29	777
29	820
29	914
29	954
29	997
30	32
30	35
30	48
30	57
30	58
30	59
30	76
30	86
30	87
30	120
30	127
30	129
30	131
30	148
30	154
30	202
30	216
30	246
30	248
30	334
30	336
30	436
30	474
30	491
30	681
30	710
30	749
30	760
30	790
30	801
30	822
30	917
30	920
30	926
30	934
31	37
31	39
31	47
31	54
31	83
31	141
31	166
31	182
31	184
31	214
31	229
31	238
31	262
31	289
31	292
31	311
31	324
31	349
31	352
31	376
31	434
31	510
31	603
31	626
31	682
31	792
31	837
31	856
31	918
32	33
32	40
32	41
32	44
32	63
32	71
32	75
32	81
32	87
32	89
32	105
32	121
32	160
32	190
32	225
32	235
32	255
32	270
32	275
32	359
32	410
32	478
32	540
32	552
32	574
32	605
32	666
32	708
32	794
32	894
33	38
33	40
33	41
33	44
33	63
33	71
33	75
33	76
33	81
33	211
33	225
33	230
33	247
33	255
33	263
33	312
33	320
33	348
33	359
33	366
33	394
33	437
33	513
33	605
33	708
33	788
33	812
33	962
33	971
34	35
34	38
34	45
34	50
34	52
34	55
34	56
34	62
34	64
34	67
34	80
34	82
34	83
34	106
34	114
34	115
34	144
34	215
34	240
34	250
34	290
34	316
34	325
34	338
34	342
34	404
34	533
34	556
34	561
34	759
34	863
34	872
34	908
34	987
35	38
35	45
35	50
35	52
35	56
35	67
35	80
35	83
35	106
35	109
35	114
35	115
35	142
35	181
35	210
35	215
35	218
35	244
35	257
35	342
35	385
35	516
35	556
35	699
35	808
35	862
35	938
35	986
36	43
36	44
36	46
36	74
36	85
36	100
36	106
36	182
36	231
36	250
36	290
36	293
36	332
36	438
36	441
36	471
36	501
36	527
36	543
36	558
36	582
36	584
36	607
36	612
36	791
36	817
36	823
36	825
36	842
36	844
36	882
36	963
37	39
37	47
37	54
37	98
37	102
37	176
37	180
37	188
37	199
37	229
37	259
37	289
37	307
37	329
37	421
37	445
37	536
37	628
37	682
37	700
37	792
37	828
37	835
37	837
37	864
37	869
38	45
38	50
38	52
38	56
38	67
38	80
38	83
38	106
38	114
38	115
38	191
38	215
38	237
38	311
38	330
38	390
38	404
38	542
38	558
38	588
38	620
38	627
38	664
38	771
38	905
39	46
39	47
39	82
39	98
39	105
39	130
39	141
39	176
39	188
39	191
39	226
39	244
39	267
39	289
39	299
39	311
39	336
39	445
39	463
39	603
39	628
39	682
39	711
39	769
40	41
40	44
40	63
40	71
40	75
40	87
40	101
40	102
40	105
40	115
40	160
40	190
40	233
40	298
40	308
40	312
40	394
40	448
40	467
40	507
40	521
40	570
40	634
40	991
41	44
41	54
41	63
41	71
41	75
41	81
41	87
41	119
41	190
41	223
41	230
41	247
41	248
41	278
41	366
41	443
41	484
41	565
41	709
41	920
42	51
42	60
42	96
42	116
42	146
42	192
42	205
42	218
42	260
42	266
42	276
42	318
42	367
42	371
42	381
42	397
42	411
42	425
42	439
42	472
42	512
42	591
42	614
42	703
42	743
42	794
42	845
42	966
42	984
43	48
43	69
43	70
43	72
43	82
43	110
43	121
43	137
43	141
43	168
43	177
43	192
43	233
43	234
43	243
43	252
43	259
43	312
43	532
43	555
43	690
43	693
43	721
43	725
43	729
43	954
44	63
44	71
44	81
44	87
44	105
44	137
44	160
44	225
44	246
44	247
44	277
44	280
44	344
44	590
44	685
44	897
44	972
45	50
45	52
45	56
45	67
45	80
45	83
45	106
45	109
45	114
45	215
45	226
45	291
45	342
45	385
45	434
45	586
45	786
45	798
45	864
46	73
46	83
46	85
46	100
46	190
46	231
46	293
46	332
46	360
46	387
46	438
46	441
46	471
46	491
46	500
46	501
46	622
46	666
46	753
46	844
46	865
46	955
47	52
47	54
47	79
47	98
47	105
47	119
47	141
47	148
47	262
47	264
47	269
47	311
47	352
47	376
47	380
47	518
47	780
47	949
47	983
48	50
48	57
48	58
48	59
48	76
48	86
48	92
48	120
48	123
48	127
48	131
48	155
48	202
48	216
48	287
48	288
48	315
48	489
48	656
48	682
48	822
48	840
48	854
48	917
48	922
49	68
49	74
49	92
49	99
49	102
49	180
49	206
49	222
49	283
49	284
49	294
49	314
49	353
49	354
49	363
49	432
49	444
49	525
49	558
49	640
49	670
49	833
49	867
49	945
50	52
50	56
50	67
50	80
50	83
50	106
50	115
50	134
50	196
50	221
50	336
50	385
50	499
50	608
50	613
50	629
50	685
50	862
51	72
51	96
51	146
51	173
51	205
51	260
51	276
51	280
51	296
51	318
51	367
51	371
51	381
51	425
51	448
51	455
51	528
51	584
51	592
51	620
51	754
51	759
51	858
51	892
51	966
51	984
52	56
52	67
52	72
52	80
52	83
52	109
52	110
52	114
52	210
52	221
52	303
52	306
52	598
52	745
52	970
53	55
53	59
53	77
53	91
53	93
53	129
53	136
53	140
53	144
53	161
53	164
53	191
53	327
53	329
53	350
53	394
53	401
53	476
53	481
53	508
53	511
53	660
53	838
53	913
53	933
53	946
54	77
54	141
54	147
54	176
54	184
54	198
54	269
54	329
54	337
54	365
54	405
54	509
54	610
54	628
54	632
54	868
55	77
55	78
55	93
55	119
55	129
55	140
55	148
55	161
55	164
55	188
55	350
55	373
55	401
55	476
55	503
55	557
55	567
55	755
55	838
55	866
55	913
55	952
56	67
56	80
56	83
56	106
56	109
56	114
56	134
56	210
56	304
56	359
56	769
56	978
57	58
57	59
57	76
57	92
57	98
57	119
57	127
57	139
57	148
57	202
57	248
57	634
57	652
57	674
57	738
57	751
57	752
57	807
57	840
57	920
58	59
58	69
58	76
58	86
58	92
58	127
58	139
58	148
58	216
58	334
58	570
58	773
58	790
58	880
58	893
58	917
58	934
58	996
59	76
59	86
59	127
59	246
59	248
59	315
59	334
59	336
59	392
59	436
59	444
59	487
59	489
59	510
59	515
59	790
60	65
60	90
60	95
60	107
60	139
60	163
60	166
60	169
60	224
60	228
60	239
60	265
60	274
60	288
60	340
60	374
60	492
60	509
60	563
60	775
60	927
61	88
61	89
61	132
61	141
61	143
61	152
61	170
61	247
61	251
61	346
61	396
61	397
61	424
61	445
61	505
61	585
61	618
61	637
61	881
61	962
62	104
62	172
62	186
62	213
62	218
62	271
62	286
62	353
62	381
62	499
62	500
62	534
62	594
62	602
62	630
62	636
62	649
62	651
62	695
62	893
62	940
62	953
63	71
63	76
63	105
63	160
63	182
63	216
63	232
63	366
63	513
63	936
64	112
64	180
64	254
64	258
64	342
64	372
64	431
64	447
64	459
64	544
64	549
64	552
64	704
64	736
64	770
64	795
64	857
64	874
64	887
65	68
65	85
65	89
65	90
65	95
65	140
65	163
65	169
65	224
65	228
65	265
65	274
65	288
65	323
65	340
65	374
65	410
65	563
65	596
65	860
65	879
66	84
66	108
66	114
66	125
66	179
66	302
66	307
66	322
66	338
66	386
66	446
66	463
66	470
66	595
66	830
66	873
66	875
66	896
66	985
67	80
67	106
67	109
67	237
67	288
67	291
67	341
67	761
68	74
68	102
68	155
68	180
68	206
68	279
68	322
68	354
68	493
68	578
68	627
68	670
68	692
68	706
68	737
68	782
68	789
68	855
68	956
69	70
69	72
69	101
69	110
69	137
69	192
69	234
69	252
69	363
69	407
69	532
69	555
69	683
69	745
69	782
69	826
69	919
70	72
70	78
70	125
70	137
70	192
70	209
70	233
70	234
70	243
70	259
70	407
70	423
70	555
70	579
70	595
70	777
70	911
71	81
71	105
71	117
71	278
71	697
71	847
72	121
72	168
72	221
72	233
72	259
72	567
72	590
72	683
72	693
72	718
72	767
72	820
72	914
72	982
72	997
73	80
73	88
73	89
73	123
73	132
73	178
73	251
73	270
73	413
73	479
73	483
73	505
73	619
73	633
73	659
73	686
73	877
74	99
74	102
74	146
74	155
74	180
74	206
74	222
74	283
74	326
74	353
74	354
74	525
74	608
74	688
74	757
74	789
75	81
75	84
75	87
75	168
75	238
75	267
75	298
75	344
75	785
76	86
76	120
76	131
76	216
76	336
76	474
76	777
76	807
76	822
77	78
77	91
77	93
77	144
77	191
77	212
77	267
77	327
77	373
77	401
77	508
77	600
77	650
77	755
77	839
78	93
78	129
78	132
78	140
78	144
78	161
78	164
78	276
78	350
78	412
78	481
78	650
78	660
78	946
78	952
79	82
79	103
79	133
79	189
79	214
79	220
79	305
79	346
79	351
79	477
79	511
79	542
79	559
79	577
79	638
79	713
79	884
80	85
80	109
80	114
80	218
80	942
81	105
81	127
81	136
81	410
81	677
81	946
82	103
82	133
82	189
82	214
82	237
82	305
82	323
82	346
82	351
82	477
82	520
82	547
82	577
82	617
83	115
83	210
83	266
83	614
83	897
84	108
84	179
84	302
84	358
84	386
84	446
84	463
84	470
84	638
84	767
84	896
84	901
84	903
84	999
84	1000
85	100
85	198
85	290
85	332
85	360
85	418
85	584
85	673
85	823
86	92
86	120
86	127
86	139
86	148
86	216
86	360
86	425
86	506
86	600
86	870
87	89
87	105
87	325
87	924
88	89
88	152
88	268
88	291
88	405
88	486
88	529
88	728
88	931
88	941
89	143
89	178
89	180
89	624
89	646
89	744
89	779
89	881
90	95
90	161
90	163
90	169
90	224
90	228
90	265
90	274
90	288
90	340
90	492
90	737
90	879
91	93
91	129
91	144
91	161
91	191
91	327
91	350
91	442
91	658
91	866
91	913
91	933
91	946
92	120
92	139
92	572
92	665
92	801
92	856
92	871
92	891
92	996
93	140
93	144
93	161
93	164
93	191
93	212
93	412
93	481
94	154
94	185
94	199
94	250
94	256
94	263
94	275
94	312
94	331
94	488
94	490
94	516
94	627
94	876
94	929
94	958
95	109
95	144
95	163
95	169
95	224
95	228
95	274
95	288
95	340
95	374
95	700
95	737
95	871
96	266
96	291
96	367
96	472
96	498
96	512
96	623
96	644
96	688
96	794
96	795
96	892
96	909
97	111
97	113
97	117
97	127
97	142
97	219
97	261
97	326
97	382
97	420
97	453
97	535
97	583
97	691
97	732
97	973
98	111
98	148
98	240
98	267
98	428
98	573
98	990
99	101
99	102
99	155
99	206
99	283
99	284
99	318
99	353
99	363
99	444
99	525
99	566
99	706
99	932
99	945
100	172
100	231
100	237
100	250
100	290
100	293
100	607
100	882
100	979
101	124
101	130
101	147
101	151
101	162
101	268
101	300
101	379
101	550
101	768
101	802
101	832
101	883
102	132
102	180
102	284
102	314
102	344
102	363
102	432
102	525
102	670
102	861
103	133
103	189
103	214
103	323
103	346
103	511
103	547
103	577
103	638
103	663
103	818
103	882
103	884
103	997
104	172
104	186
104	213
104	218
104	499
104	534
104	593
104	630
104	649
104	762
104	893
104	940
105	224
105	929
106	535
106	675
106	960
107	130
107	135
107	162
107	212
107	268
107	285
107	300
107	379
107	449
107	475
107	524
107	550
107	692
107	772
107	883
108	302
108	307
108	320
108	322
108	386
108	416
108	470
108	495
108	595
108	716
108	903
108	985
109	115
109	203
109	473
109	971
110	137
110	177
110	192
110	243
110	407
110	555
110	557
110	690
110	742
110	997
111	113
111	142
111	157
111	219
111	323
111	583
111	637
111	691
111	705
111	727
111	732
111	974
111	995
112	243
112	254
112	258
112	544
112	552
112	571
112	587
112	648
112	704
112	736
112	795
112	808
112	811
112	874
113	117
113	142
113	157
113	177
113	219
113	326
113	453
113	515
113	535
113	561
113	809
113	891
114	361
115	128
115	314
115	578
116	193
116	355
116	361
116	368
116	450
116	494
116	554
116	674
116	675
116	696
116	829
117	142
117	157
117	219
117	326
117	561
117	583
117	691
117	710
117	722
117	727
117	902
118	166
118	184
118	244
118	289
118	464
118	764
118	813
118	885
119	262
119	451
119	780
119	968
120	127
120	132
120	202
120	487
120	549
120	633
120	854
121	137
121	177
121	197
121	259
121	579
121	693
121	725
121	742
121	878
122	126
122	149
122	244
122	264
122	269
122	343
122	460
122	496
122	581
122	689
122	815
122	907
123	136
123	345
123	408
123	420
123	443
123	530
123	672
123	701
123	707
123	804
123	993
124	130
124	151
124	162
124	194
124	280
124	283
124	285
124	399
124	492
124	524
124	550
124	573
124	750
125	177
125	243
125	636
125	683
125	690
125	718
125	745
125	826
125	848
125	919
126	149
126	264
126	343
126	460
126	496
126	534
126	581
126	689
126	815
126	907
126	936
127	588
127	760
128	201
128	208
128	379
128	389
128	468
128	497
128	572
128	575
128	606
128	621
128	651
128	671
128	963
129	161
129	164
129	212
129	350
129	393
129	401
129	495
129	650
129	918
130	151
130	171
130	188
130	194
130	280
130	300
130	524
130	573
130	802
131	246
131	248
131	510
131	560
131	656
131	661
131	756
131	840
132	143
132	396
132	405
132	585
132	686
132	774
133	189
133	214
133	305
133	323
133	520
133	542
133	617
133	694
133	713
134	138
134	161
134	183
134	403
134	504
134	545
134	659
134	852
134	870
134	885
134	906
135	145
135	153
135	156
135	197
135	200
135	203
135	217
135	277
135	426
135	462
135	768
135	806
136	153
136	301
136	345
136	420
136	458
136	765
136	783
136	804
136	980
136	993
137	168
137	234
137	260
137	532
137	982
138	173
138	183
138	259
138	317
138	356
138	504
138	545
138	654
138	831
138	870
138	906
138	994
139	246
139	423
139	661
139	738
139	773
140	144
140	164
140	199
140	476
140	503
140	557
140	600
141	375
141	464
142	153
142	219
142	326
142	453
142	732
142	973
142	995
143	178
143	320
143	529
143	570
143	961
144	191
144	212
144	225
144	327
144	481
145	197
145	209
145	217
145	226
145	277
145	328
145	426
145	484
145	644
145	667
145	964
146	260
146	266
146	367
146	439
146	472
146	725
146	947
147	269
147	509
147	530
147	899
148	487
148	652
148	922
149	164
149	264
149	343
149	401
149	460
149	492
149	496
149	581
149	689
149	975
150	207
150	211
150	271
150	316
150	395
150	437
150	514
150	531
150	625
150	821
150	872
151	162
151	194
151	228
151	268
151	285
151	404
151	449
151	838
151	969
152	156
152	175
152	270
152	320
152	341
152	637
153	156
153	203
153	209
153	277
153	426
153	462
153	521
153	652
153	964
154	185
154	256
154	263
154	275
154	331
154	490
154	516
154	942
155	180
155	279
155	284
155	298
155	578
155	833
155	956
156	197
156	203
156	209
156	217
156	277
156	328
156	667
156	846
157	219
157	305
157	453
157	517
157	705
157	727
157	902
157	965
157	973
158	178
158	249
158	320
158	385
158	424
158	505
158	714
158	799
158	961
159	281
159	349
159	392
159	433
159	455
159	515
159	565
159	672
159	694
159	764
159	773
159	909
160	502
160	539
160	829
161	373
161	503
161	600
162	194
162	257
162	550
162	589
162	775
162	969
162	976
163	228
163	274
163	283
163	374
163	508
163	860
163	914
163	927
164	255
164	279
164	401
164	838
165	174
165	310
165	330
165	335
165	399
165	609
165	735
165	839
165	847
165	850
166	244
166	332
167	175
167	299
167	313
167	415
167	454
167	756
167	786
167	810
167	895
167	943
168	233
168	532
168	567
168	867
168	889
168	982
169	231
169	274
169	288
169	340
169	563
169	605
169	606
170	251
170	341
170	424
170	465
170	505
170	628
170	954
171	239
171	295
171	303
171	309
171	607
171	657
171	730
171	743
171	810
171	915
172	213
172	218
172	440
172	593
172	602
172	680
172	690
172	937
173	205
173	381
173	440
173	498
173	528
173	591
173	778
173	989
174	284
174	310
174	330
174	335
174	386
174	399
174	735
174	839
174	847
174	900
175	299
175	313
175	454
175	523
175	582
175	589
175	894
175	895
175	943
176	182
176	319
177	192
177	252
177	423
177	640
178	564
178	962
179	302
179	358
179	393
179	463
179	495
179	513
179	595
179	956
179	999
180	363
180	608
180	640
181	242
181	339
181	351
181	377
181	430
181	439
181	615
181	726
181	813
181	983
182	238
182	333
182	610
183	356
183	383
183	403
183	545
183	654
183	849
183	852
183	885
183	896
184	415
184	758
184	763
185	256
185	331
185	488
185	490
185	627
185	660
185	778
185	958
186	213
186	479
186	512
186	593
186	594
186	602
186	651
186	680
186	760
187	317
187	333
187	384
187	391
187	580
187	604
187	905
187	957
187	991
188	190
188	380
188	849
189	214
189	323
189	346
189	542
189	713
190	752
191	557
191	708
191	755
192	252
192	352
192	541
193	305
193	450
193	494
193	519
193	674
193	744
193	829
193	965
194	257
194	379
194	449
194	475
194	532
194	732
195	220
195	227
195	261
195	304
195	337
195	368
195	388
195	529
195	776
196	282
196	429
196	518
196	761
196	787
196	805
196	818
196	848
197	209
197	217
197	295
197	462
197	667
197	876
198	241
198	253
198	382
198	541
198	613
198	757
198	977
198	1000
199	311
199	324
200	319
200	368
200	400
200	409
200	494
200	539
200	798
200	880
201	227
201	389
201	435
201	497
201	572
201	606
201	621
201	671
202	506
202	510
202	642
203	217
203	328
203	426
203	535
203	668
203	854
204	287
204	345
204	421
204	465
204	473
204	540
204	612
204	678
204	762
204	886
205	409
205	425
205	512
205	731
205	803
206	222
206	284
206	341
206	563
206	692
207	211
207	271
207	395
207	514
207	717
207	793
207	841
208	468
208	497
208	572
208	575
208	606
208	646
208	671
208	830
208	963
209	462
209	667
209	668
209	792
210	371
211	271
211	395
211	514
211	531
211	841
211	872
212	374
212	508
212	660
212	933
213	245
213	286
213	499
213	748
213	976
214	348
214	559
214	617
214	713
215	327
216	396
217	295
217	426
217	483
217	521
217	806
218	499
218	593
218	630
218	649
219	286
219	326
219	809
219	996
220	227
220	261
220	304
220	337
220	388
220	698
220	724
220	776
222	279
222	285
222	363
222	379
222	432
222	558
222	608
223	485
223	726
224	265
224	381
224	492
224	879
224	921
225	369
226	244
226	267
227	261
227	304
227	388
227	586
227	776
228	265
228	299
228	871
229	235
229	772
230	776
230	802
231	466
232	374
233	259
233	567
233	840
234	624
234	718
234	954
235	363
235	524
236	310
236	456
236	482
236	537
236	609
236	649
236	921
236	950
238	248
238	249
238	380
239	295
239	309
239	657
239	743
239	890
239	915
240	380
240	416
241	253
241	306
241	382
241	541
241	613
241	714
241	781
242	339
242	430
242	615
242	726
242	813
242	998
243	668
243	820
243	906
244	536
245	273
245	370
245	406
245	417
245	739
245	930
245	988
246	385
246	487
246	935
247	569
248	467
249	364
249	404
249	469
249	546
249	645
249	910
249	974
250	500
250	865
251	553
251	961
252	351
252	858
252	914
252	919
253	382
253	568
253	757
253	857
253	977
253	1000
254	258
254	466
254	544
254	770
254	834
254	981
256	263
256	275
256	293
256	331
256	876
257	285
257	300
257	463
257	611
257	768
257	944
258	427
258	431
258	537
258	587
260	296
260	353
260	623
260	951
261	337
261	388
261	586
261	724
262	980
262	992
263	275
263	516
263	627
263	929
264	343
264	405
264	815
264	907
264	975
265	374
265	860
265	952
266	371
266	497
266	803
267	868
268	361
268	524
268	883
268	944
269	450
270	700
270	924
271	437
271	531
271	821
271	872
272	297
272	390
272	421
272	741
272	766
272	785
272	843
272	900
273	370
273	417
273	498
273	536
273	816
273	930
273	988
274	951
275	331
275	488
276	371
276	442
276	592
276	909
277	285
277	328
277	668
278	310
279	282
279	353
279	688
279	782
280	285
280	379
280	449
280	775
281	392
281	433
281	488
281	515
281	642
281	672
281	912
282	359
282	457
282	518
282	740
282	787
282	848
283	444
283	861
283	945
284	314
284	371
285	300
286	324
286	499
286	680
286	763
286	953
287	421
287	473
287	747
287	762
287	886
288	492
289	378
290	801
292	691
292	709
293	383
293	387
294	333
294	384
294	580
294	702
294	828
294	957
295	303
295	730
295	743
295	915
296	300
296	411
296	522
296	581
296	947
297	390
297	447
297	629
297	766
297	785
297	843
299	454
299	824
299	846
299	943
300	511
300	611
301	443
301	701
301	783
301	912
301	980
301	999
302	307
302	458
302	896
303	309
303	582
303	810
303	890
303	992
304	337
304	388
304	564
304	586
305	477
305	559
305	617
306	977
307	347
307	386
307	422
307	716
308	675
308	892
309	657
309	874
309	890
309	925
309	992
310	330
310	335
310	399
310	850
313	415
313	476
313	523
313	756
313	846
314	353
314	354
314	855
314	895
315	506
315	618
315	823
315	935
316	967
317	333
317	391
317	604
317	622
317	948
317	991
318	373
318	411
318	522
318	778
319	400
319	485
319	601
319	798
319	928
319	947
321	487
322	347
322	386
322	446
322	470
322	783
323	351
323	559
324	669
326	642
326	995
327	481
327	508
327	674
328	398
328	521
328	928
328	964
330	335
330	399
330	735
331	679
332	449
333	905
333	948
333	957
335	655
335	833
335	850
337	724
337	819
338	592
339	377
339	615
339	998
340	418
340	866
341	619
343	460
343	587
343	676
345	378
345	458
345	635
346	520
347	434
347	595
347	767
347	873
347	985
348	800
349	392
349	433
349	455
349	694
350	471
351	477
351	542
352	452
354	647
354	688
354	841
355	554
355	674
355	675
355	696
356	504
356	784
356	906
356	994
357	375
357	435
357	562
357	712
357	719
357	888
358	797
358	873
358	875
360	538
361	450
361	494
361	554
361	675
362	398
362	465
362	480
362	569
362	631
362	738
362	853
364	472
364	493
364	502
364	641
364	910
365	378
365	408
365	443
365	635
365	701
367	703
368	400
368	409
368	485
368	539
369	398
369	465
369	591
369	631
369	634
369	687
370	422
370	438
370	489
370	793
370	960
372	431
372	459
372	466
372	650
372	874
373	476
373	650
373	866
375	526
375	562
375	719
375	902
375	972
377	430
377	503
377	726
377	983
378	408
378	530
378	701
378	765
379	802
381	803
382	568
382	577
382	613
384	391
384	482
384	604
384	702
384	754
386	671
387	418
388	733
388	913
389	497
389	621
389	734
389	963
390	741
390	766
390	937
391	505
391	604
391	702
391	828
392	455
392	515
392	953
393	470
393	495
393	797
393	903
394	600
395	437
395	717
395	841
395	955
396	624
397	926
398	465
398	560
398	653
398	853
399	839
399	847
400	409
400	521
400	601
402	454
402	483
402	546
402	641
402	814
402	974
403	654
403	831
403	885
403	932
403	998
405	564
406	422
406	766
406	793
406	816
406	960
407	426
407	742
407	826
407	950
408	420
408	701
409	601
409	798
411	460
411	858
412	503
412	557
412	645
413	845
413	919
414	419
414	457
414	478
414	636
414	655
414	751
415	742
415	786
415	824
416	626
417	466
417	665
417	816
417	843
419	478
419	636
419	684
419	878
420	530
420	707
421	540
421	612
422	739
422	908
422	960
423	579
423	777
425	644
427	431
427	571
427	623
427	648
428	682
429	883
429	941
430	813
430	983
431	549
432	548
432	578
432	782
433	455
433	694
435	551
435	698
435	719
435	967
436	851
437	514
437	625
438	501
439	614
440	534
440	940
440	976
441	500
443	669
443	723
444	981
446	527
446	901
446	999
447	466
447	552
447	857
447	898
449	944
450	519
450	965
451	736
452	959
454	523
454	786
455	770
456	538
456	609
456	616
456	720
456	901
457	761
457	787
457	805
458	635
458	765
459	549
459	648
459	827
460	496
461	886
461	975
462	668
462	806
463	797
464	597
465	480
466	639
468	497
468	621
468	862
469	483
469	641
469	814
469	915
472	519
473	678
473	747
475	611
475	772
475	775
476	660
477	638
477	852
478	597
478	851
478	878
480	560
480	569
480	634
482	616
482	720
482	921
483	645
483	647
485	539
485	601
485	880
486	633
486	923
488	942
490	929
490	958
493	502
493	592
493	641
493	647
494	554
494	787
495	830
496	917
496	936
498	916
498	987
502	645
502	687
502	814
504	654
504	932
506	556
507	614
511	577
511	884
512	754
514	531
514	699
515	642
516	844
518	821
518	848
519	696
519	965
520	547
522	591
522	623
522	796
523	589
525	868
526	551
526	562
526	967
526	989
528	644
530	669
531	821
534	763
535	561
537	538
537	616
537	950
538	758
538	950
539	928
540	678
541	568
541	781
543	715
544	648
545	932
545	969
546	647
546	910
547	638
548	651
548	695
548	953
549	704
551	562
551	698
551	712
552	639
553	815
558	867
559	814
560	653
560	681
561	705
562	747
563	871
565	642
565	672
565	764
568	714
569	631
569	687
571	653
571	749
571	834
572	575
573	611
573	832
575	606
578	608
580	724
580	948
580	991
581	936
583	809
584	938
585	993
586	982
587	834
588	988
589	756
589	846
593	799
594	630
594	763
597	684
597	851
597	907
598	712
599	966
602	664
602	893
609	693
609	921
612	747
612	886
613	714
615	957
615	998
616	720
616	774
625	717
625	853
629	843
629	900
629	937
631	837
631	853
634	687
635	912
636	684
639	736
639	795
640	692
640	981
643	961
645	781
647	974
649	717
651	680
653	687
655	697
655	751
655	878
657	681
657	730
661	899
662	964
665	739
665	930
669	707
669	783
670	981
671	746
672	739
678	762
683	931
684	784
689	975
691	902
692	789
693	939
694	764
695	755
695	976
696	829
697	784
697	851
697	911
698	925
698	973
702	825
706	707
706	861
711	807
712	888
716	767
719	903
720	779
721	729
730	943
735	979
737	927
740	805
740	818
741	785
751	911
757	977
761	818
768	772
770	857
781	1000
784	911
788	994
789	904
791	890
793	988
804	980
805	877
810	992
824	895
826	831
828	905
830	873
831	870
832	888
832	969
833	867
835	860
845	858
852	994
855	956
875	901
876	942
879	940
880	928
887	904
888	989
900	937
910	984
912	993
925	972
925	989
927	978
933	952
934	995
951	987
967	972
