1	2
1	3
1	4
1	5
1	6
1	8
1	9
1	15
1	18
1	24
1	29
1	32
1	41
1	55
1	68
1	73
1	88
1	95
1	98
1	107
1	108
1	109
1	120
1	122
1	145
1	156
1	158
1	164
1	176
1	177
1	184
1	185
1	189
1	221
1	264
1	285
1	310
1	344
1	347
1	348
1	364
1	381
1	391
1	412
1	445
1	452
1	455
1	466
1	468
1	488
1	491
1	514
1	525
1	539
1	547
1	558
1	607
1	614
1	617
1	624
1	630
1	641
1	649
1	652
1	661
1	676
1	678
1	695
1	708
1	874
1	882
1	884
1	886
1	915
1	938
1	969
1	971
1	985
2	3
2	4
2	5
2	6
2	7
2	8
2	9
2	13
2	15
2	16
2	18
2	32
2	34
2	35
2	39
2	41
2	48
2	51
2	55
2	67
2	68
2	87
2	96
2	106
2	107
2	109
2	120
2	122
2	137
2	145
2	146
2	158
2	159
2	164
2	168
2	176
2	184
2	207
2	253
2	264
2	267
2	275
2	279
2	300
2	310
2	344
2	360
2	364
2	370
2	379
2	412
2	416
2	454
2	468
2	507
2	539
2	542
2	545
2	550
2	558
2	580
2	593
2	629
2	630
2	644
2	649
2	669
2	678
2	681
2	708
2	765
2	772
2	778
2	806
2	891
2	949
2	983
3	4
3	5
3	6
3	8
3	9
3	13
3	14
3	15
3	17
3	19
3	23
3	24
3	30
3	32
3	41
3	48
3	51
3	55
3	68
3	74
3	103
3	107
3	109
3	120
3	122
3	129
3	132
3	145
3	149
3	151
3	153
3	158
3	164
3	171
3	176
3	184
3	210
3	235
3	237
3	248
3	258
3	264
3	267
3	268
3	269
3	300
3	310
3	438
3	445
3	468
3	491
3	494
3	539
3	547
3	567
3	595
3	652
3	681
3	695
3	745
3	750
3	784
3	841
3	848
3	872
3	903
3	908
3	978
3	983
3	985
4	5
4	6
4	7
4	8
4	9
4	11
4	15
4	17
4	31
4	32
4	41
4	55
4	59
4	63
4	68
4	91
4	107
4	109
4	118
4	120
4	122
4	123
4	145
4	158
4	164
4	184
4	186
4	217
4	264
4	267
4	284
4	291
4	300
4	325
4	344
4	354
4	360
4	364
4	372
4	416
4	445
4	462
4	468
4	532
4	547
4	581
4	593
4	594
4	595
4	632
4	652
4	676
4	682
4	683
4	700
4	765
4	772
4	789
4	800
4	854
4	891
4	916
4	961
4	971
4	985
4	994
5	6
5	7
5	8
5	9
5	10
5	12
5	14
5	15
5	16
5	32
5	41
5	55
5	68
5	78
5	88
5	103
5	104
5	107
5	109
5	120
5	122
5	129
5	145
5	158
5	164
5	176
5	184
5	196
5	205
5	222
5	228
5	264
5	267
5	300
5	310
5	340
5	344
5	359
5	360
5	364
5	385
5	416
5	422
5	445
5	498
5	514
5	524
5	547
5	594
5	614
5	623
5	630
5	676
5	695
5	765
5	770
5	782
5	800
5	831
5	834
5	854
5	872
5	916
5	944
6	8
6	9
6	11
6	15
6	16
6	24
6	32
6	41
6	43
6	48
6	55
6	68
6	80
6	82
6	107
6	109
6	110
6	111
6	113
6	114
6	115
6	120
6	122
6	128
6	134
6	135
6	145
6	158
6	164
6	176
6	184
6	192
6	251
6	259
6	260
6	267
6	300
6	344
6	364
6	416
6	453
6	491
6	550
6	561
6	579
6	593
6	595
6	597
6	598
6	638
6	649
6	676
6	724
6	772
6	791
6	854
6	881
6	909
6	916
6	955
6	961
6	971
7	12
7	18
7	20
7	24
7	26
7	30
7	31
7	34
7	39
7	40
7	44
7	46
7	47
7	50
7	56
7	68
7	75
7	86
7	90
7	106
7	124
7	138
7	150
7	161
7	169
7	186
7	188
7	206
7	225
7	250
7	258
7	259
7	265
7	280
7	303
7	304
7	320
7	328
7	345
7	378
7	404
7	411
7	427
7	483
7	527
7	596
7	663
7	672
7	677
7	687
7	845
7	857
7	947
7	973
8	9
8	10
8	12
8	15
8	21
8	27
8	32
8	35
8	41
8	55
8	63
8	68
8	86
8	89
8	95
8	99
8	101
8	107
8	109
8	120
8	122
8	127
8	133
8	145
8	158
8	164
8	169
8	176
8	184
8	233
8	264
8	267
8	300
8	310
8	538
8	539
8	558
8	576
8	592
8	593
8	594
8	611
8	678
8	769
8	917
8	934
8	963
8	999
9	14
9	15
9	32
9	40
9	41
9	47
9	49
9	54
9	55
9	61
9	68
9	79
9	92
9	107
9	109
9	120
9	122
9	145
9	153
9	158
9	176
9	184
9	191
9	198
9	259
9	300
9	310
9	412
9	441
9	493
9	521
9	558
9	614
9	678
9	682
9	763
9	800
9	837
9	841
9	854
9	871
9	872
9	913
9	923
9	961
10	11
10	13
10	14
10	16
10	26
10	27
10	28
10	34
10	73
10	86
10	100
10	101
10	110
10	114
10	130
10	136
10	155
10	166
10	192
10	204
10	219
10	233
10	238
10	243
10	244
10	246
10	262
10	265
10	329
10	430
10	449
10	536
10	556
10	623
10	628
10	671
10	722
10	733
10	776
10	809
10	818
10	865
10	866
10	873
10	880
10	893
10	894
10	925
10	959
10	978
11	13
11	14
11	15
11	16
11	17
11	26
11	27
11	28
11	34
11	43
11	53
11	73
11	82
11	83
11	86
11	100
11	101
11	110
11	114
11	116
11	130
11	155
11	192
11	194
11	205
11	214
11	215
11	233
11	243
11	244
11	246
11	262
11	345
11	365
11	392
11	430
11	435
11	448
11	497
11	532
11	585
11	613
11	628
11	671
11	803
11	990
12	18
12	20
12	24
12	30
12	31
12	39
12	40
12	43
12	44
12	46
12	47
12	50
12	56
12	63
12	75
12	106
12	111
12	124
12	147
12	150
12	161
12	169
12	186
12	188
12	225
12	258
12	259
12	270
12	280
12	303
12	304
12	330
12	378
12	385
12	404
12	411
12	427
12	475
12	483
12	527
12	591
12	686
12	687
12	774
12	940
12	973
13	14
13	16
13	26
13	27
13	28
13	34
13	53
13	65
13	73
13	86
13	99
13	100
13	101
13	106
13	110
13	114
13	115
13	122
13	155
13	194
13	233
13	241
13	243
13	244
13	246
13	262
13	282
13	343
13	430
13	435
13	481
13	492
13	497
13	532
13	610
13	623
13	671
13	832
13	838
13	866
13	873
13	880
13	893
13	925
14	16
14	26
14	27
14	28
14	34
14	40
14	42
14	66
14	73
14	86
14	93
14	100
14	101
14	110
14	114
14	124
14	149
14	155
14	192
14	202
14	212
14	233
14	243
14	244
14	246
14	262
14	270
14	430
14	435
14	437
14	493
14	585
14	722
14	797
14	832
14	865
14	893
14	925
14	927
14	978
14	997
15	20
15	21
15	32
15	41
15	55
15	68
15	96
15	107
15	109
15	120
15	122
15	131
15	145
15	159
15	164
15	176
15	232
15	245
15	264
15	295
15	328
15	360
15	364
15	416
15	503
15	526
15	594
15	595
15	600
15	614
15	682
15	703
15	708
15	839
15	841
15	891
15	901
15	983
16	26
16	27
16	28
16	32
16	34
16	52
16	73
16	76
16	86
16	100
16	101
16	110
16	114
16	208
16	243
16	244
16	246
16	262
16	377
16	378
16	414
16	423
16	430
16	445
16	493
16	497
16	512
16	532
16	585
16	609
16	613
16	623
16	767
16	797
16	815
16	865
16	866
16	894
17	33
17	35
17	36
17	37
17	38
17	42
17	43
17	51
17	53
17	61
17	67
17	72
17	80
17	115
17	133
17	146
17	159
17	163
17	175
17	261
17	290
17	293
17	321
17	349
17	384
17	389
17	395
17	465
17	500
17	520
17	563
17	590
17	608
17	639
17	654
17	681
17	728
17	814
17	829
17	876
18	20
18	24
18	30
18	31
18	39
18	40
18	44
18	45
18	46
18	47
18	50
18	56
18	75
18	92
18	106
18	124
18	150
18	169
18	186
18	197
18	225
18	247
18	250
18	258
18	303
18	304
18	339
18	345
18	362
18	382
18	404
18	427
18	483
18	490
18	527
18	596
18	804
18	842
19	31
19	71
19	79
19	94
19	101
19	111
19	134
19	138
19	182
19	185
19	195
19	201
19	229
19	267
19	273
19	285
19	334
19	346
19	371
19	410
19	413
19	449
19	480
19	493
19	501
19	528
19	539
19	556
19	573
19	601
19	603
19	680
19	738
19	789
19	844
19	937
19	977
19	981
19	989
20	24
20	29
20	30
20	31
20	39
20	40
20	44
20	46
20	47
20	50
20	56
20	75
20	82
20	93
20	96
20	106
20	124
20	150
20	169
20	174
20	186
20	188
20	225
20	230
20	258
20	259
20	297
20	304
20	331
20	444
20	596
20	672
20	686
20	947
20	968
21	22
21	29
21	51
21	58
21	62
21	65
21	69
21	83
21	85
21	96
21	102
21	106
21	125
21	154
21	163
21	167
21	188
21	199
21	213
21	244
21	253
21	274
21	323
21	337
21	365
21	447
21	454
21	572
21	579
21	604
21	622
21	658
21	675
21	804
21	825
21	844
21	877
22	29
22	51
22	53
22	62
22	65
22	69
22	83
22	96
22	102
22	112
22	157
22	163
22	167
22	168
22	213
22	229
22	253
22	255
22	274
22	337
22	365
22	404
22	426
22	447
22	449
22	454
22	521
22	579
22	604
22	741
22	805
22	830
22	850
22	931
22	935
22	958
22	971
22	976
23	30
23	37
23	38
23	42
23	45
23	66
23	76
23	92
23	108
23	113
23	194
23	238
23	260
23	284
23	286
23	292
23	329
23	358
23	370
23	402
23	414
23	425
23	487
23	488
23	551
23	568
23	602
23	731
23	742
23	750
23	798
23	802
23	825
23	901
23	910
24	30
24	31
24	39
24	40
24	44
24	46
24	47
24	50
24	56
24	75
24	106
24	124
24	150
24	169
24	258
24	259
24	280
24	404
24	411
24	427
24	434
24	440
24	490
24	508
24	612
24	626
24	672
24	868
24	968
25	39
25	40
25	59
25	111
25	112
25	116
25	141
25	160
25	162
25	181
25	220
25	263
25	288
25	297
25	355
25	399
25	415
25	450
25	458
25	507
25	557
25	566
25	589
25	647
25	710
25	773
25	779
25	787
25	803
25	807
25	838
25	860
25	885
25	908
25	953
26	27
26	28
26	34
26	73
26	82
26	86
26	100
26	101
26	109
26	110
26	114
26	155
26	192
26	233
26	244
26	246
26	281
26	373
26	417
26	435
26	478
26	493
26	497
26	518
26	555
26	623
26	628
26	873
26	990
27	28
27	34
27	73
27	86
27	100
27	101
27	110
27	114
27	155
27	187
27	192
27	224
27	233
27	246
27	288
27	337
27	353
27	358
27	386
27	443
27	497
27	532
27	585
27	742
27	759
27	797
27	939
28	34
28	66
28	71
28	73
28	86
28	100
28	101
28	110
28	114
28	138
28	155
28	192
28	243
28	263
28	276
28	280
28	442
28	497
28	560
28	613
28	628
28	671
28	675
28	873
28	933
28	990
29	51
29	59
29	62
29	65
29	69
29	83
29	96
29	102
29	167
29	206
29	213
29	225
29	253
29	255
29	274
29	337
29	365
29	416
29	426
29	447
29	521
29	572
29	604
29	675
29	705
29	739
29	741
29	931
30	31
30	39
30	40
30	44
30	46
30	47
30	50
30	56
30	75
30	132
30	150
30	161
30	169
30	188
30	195
30	212
30	225
30	250
30	304
30	328
30	407
30	527
30	633
30	799
30	947
31	39
31	40
31	44
31	46
31	47
31	50
31	56
31	76
31	106
31	150
31	161
31	186
31	303
31	304
31	404
31	411
31	421
31	489
31	540
31	620
31	672
31	686
31	687
32	41
32	44
32	55
32	68
32	90
32	107
32	109
32	120
32	122
32	184
32	267
32	274
32	355
32	360
32	367
32	412
32	427
32	436
32	491
32	619
32	872
33	35
33	36
33	38
33	43
33	53
33	67
33	72
33	80
33	89
33	107
33	115
33	133
33	152
33	159
33	161
33	293
33	373
33	384
33	389
33	395
33	465
33	513
33	562
33	590
33	608
33	654
33	769
33	793
33	829
33	876
34	63
34	73
34	75
34	86
34	100
34	101
34	110
34	114
34	155
34	243
34	244
34	303
34	309
34	311
34	615
34	713
34	795
34	832
34	880
34	978
35	36
35	38
35	43
35	53
35	67
35	72
35	80
35	84
35	86
35	115
35	133
35	156
35	159
35	290
35	293
35	321
35	395
35	398
35	413
35	465
35	500
35	520
35	632
35	639
35	861
35	924
36	38
36	43
36	53
36	58
36	67
36	72
36	81
36	82
36	115
36	133
36	159
36	293
36	301
36	321
36	349
36	373
36	384
36	388
36	389
36	395
36	500
36	563
36	728
36	824
36	876
36	920
36	924
37	42
37	45
37	59
37	66
37	76
37	92
37	96
37	113
37	189
37	194
37	242
37	284
37	292
37	329
37	402
37	425
37	487
37	551
37	602
37	707
37	750
37	833
37	836
37	887
37	894
37	942
37	952
38	43
38	53
38	67
38	72
38	80
38	84
38	115
38	133
38	143
38	159
38	290
38	349
38	384
38	389
38	410
38	465
38	590
38	639
38	681
38	769
38	805
38	811
38	861
38	976
39	40
39	44
39	46
39	47
39	50
39	56
39	62
39	75
39	106
39	124
39	161
39	169
39	201
39	225
39	303
39	569
39	602
39	849
39	968
40	44
40	46
40	47
40	50
40	56
40	75
40	97
40	106
40	119
40	186
40	250
40	259
40	477
40	483
40	490
40	728
40	845
41	54
41	55
41	68
41	89
41	93
41	94
41	97
41	107
41	120
41	122
41	164
41	195
41	499
41	515
41	519
41	547
41	833
42	44
42	45
42	66
42	76
42	92
42	113
42	174
42	231
42	292
42	358
42	414
42	435
42	463
42	487
42	707
42	736
42	750
42	802
42	833
42	901
42	910
42	952
42	993
43	47
43	53
43	67
43	72
43	80
43	115
43	133
43	142
43	159
43	180
43	349
43	373
43	389
43	398
43	520
43	563
43	608
43	814
43	957
44	46
44	47
44	50
44	56
44	75
44	83
44	106
44	124
44	150
44	188
44	225
44	378
44	432
44	447
44	570
44	910
45	56
45	66
45	92
45	111
45	194
45	284
45	292
45	329
45	342
45	414
45	425
45	488
45	551
45	602
45	656
45	742
45	825
45	836
45	901
45	905
45	942
45	952
45	993
46	47
46	65
46	71
46	75
46	124
46	133
46	161
46	250
46	258
46	280
46	328
46	411
46	473
46	490
46	531
46	594
46	972
47	50
47	56
47	60
47	102
47	106
47	161
47	250
47	256
47	280
47	328
47	546
47	596
47	973
48	60
48	99
48	119
48	125
48	205
48	229
48	236
48	342
48	451
48	473
48	536
48	578
48	610
48	645
48	665
48	684
48	760
48	763
48	768
48	945
48	950
48	969
48	997
49	72
49	94
49	95
49	103
49	129
49	144
49	153
49	245
49	276
49	278
49	306
49	322
49	327
49	395
49	437
49	559
49	567
49	587
49	682
49	715
49	827
49	914
49	964
49	965
49	999
50	56
50	161
50	169
50	258
50	259
50	316
50	345
50	390
50	475
50	490
50	762
50	780
50	845
50	1000
51	62
51	65
51	69
51	83
51	96
51	102
51	163
51	167
51	255
51	337
51	383
51	572
51	579
51	604
51	675
51	715
51	741
51	877
51	966
52	70
52	76
52	117
52	147
52	171
52	174
52	231
52	294
52	316
52	317
52	338
52	364
52	388
52	419
52	434
52	458
52	540
52	636
52	808
52	813
52	834
52	917
52	993
53	67
53	80
53	115
53	133
53	159
53	187
53	196
53	224
53	321
53	384
53	398
53	465
53	590
53	608
53	654
54	57
54	85
54	90
54	118
54	130
54	149
54	191
54	240
54	252
54	283
54	305
54	308
54	361
54	439
54	444
54	580
54	692
54	713
54	730
54	824
54	881
54	912
55	57
55	64
55	68
55	107
55	109
55	164
55	176
55	180
55	207
55	430
55	649
55	890
55	982
56	106
56	122
56	154
56	169
56	225
56	307
56	312
56	328
56	345
56	378
57	85
57	90
57	105
57	118
57	130
57	191
57	192
57	240
57	252
57	283
57	298
57	308
57	336
57	350
57	580
57	674
57	697
57	713
57	799
57	824
57	881
58	134
58	179
58	199
58	218
58	294
58	315
58	372
58	403
58	505
58	512
58	583
58	591
58	671
58	688
58	781
58	812
58	820
58	826
58	828
58	869
58	874
59	107
59	111
59	112
59	116
59	160
59	162
59	263
59	355
59	399
59	507
59	647
59	860
59	877
59	885
59	892
59	908
59	953
59	963
60	79
60	99
60	119
60	125
60	145
60	186
60	205
60	236
60	342
60	451
60	473
60	506
60	536
60	578
60	665
60	757
60	760
60	847
60	950
60	997
61	87
61	108
61	203
61	216
61	222
61	254
61	314
61	325
61	461
61	529
61	557
61	590
61	626
61	627
61	651
61	739
61	748
61	762
61	835
61	991
62	83
62	96
62	107
62	167
62	177
62	213
62	253
62	255
62	292
62	521
62	572
62	579
62	622
62	642
62	790
62	804
62	805
63	131
63	138
63	140
63	224
63	351
63	366
63	368
63	400
63	503
63	554
63	592
63	744
63	871
63	916
63	922
63	965
63	1000
64	68
64	79
64	97
64	101
64	142
64	202
64	269
64	318
64	424
64	518
64	573
64	582
64	733
64	758
64	768
64	771
64	850
64	918
64	919
64	966
65	69
65	83
65	96
65	102
65	155
65	163
65	167
65	274
65	323
65	426
65	456
65	622
65	679
65	790
65	804
66	76
66	92
66	113
66	194
66	284
66	292
66	358
66	372
66	402
66	425
66	479
66	708
66	731
66	833
66	993
67	72
67	80
67	133
67	146
67	298
67	334
67	349
67	373
67	398
67	558
67	684
67	861
67	924
68	77
68	109
68	116
68	117
68	145
68	158
68	823
69	76
69	83
69	96
69	102
69	154
69	163
69	255
69	310
69	337
69	365
69	426
69	521
69	663
69	675
69	735
69	931
70	85
70	117
70	147
70	167
70	171
70	174
70	183
70	231
70	316
70	317
70	388
70	419
70	431
70	441
70	458
70	463
70	540
70	780
70	834
71	79
71	94
71	182
71	185
71	271
71	273
71	287
71	334
71	346
71	367
71	501
71	545
71	556
71	680
71	738
71	786
71	937
72	112
72	115
72	133
72	159
72	276
72	290
72	293
72	313
72	520
72	654
72	670
72	728
73	86
73	100
73	101
73	155
73	233
73	237
73	262
73	297
73	796
73	991
74	78
74	89
74	93
74	104
74	128
74	238
74	397
74	470
74	496
74	535
74	606
74	757
74	775
74	788
74	819
74	823
74	927
74	936
74	948
75	115
75	116
75	124
75	134
75	161
75	186
75	188
75	378
75	552
76	92
76	113
76	167
76	194
76	284
76	292
76	329
76	358
76	402
76	798
76	836
77	91
77	123
77	151
77	305
77	423
77	456
77	529
77	562
77	572
77	659
77	677
77	743
77	806
77	856
77	862
77	879
77	883
77	920
78	93
78	128
78	150
78	238
78	358
78	397
78	470
78	630
78	679
78	757
78	775
78	788
78	816
78	819
78	823
78	921
78	948
79	166
79	182
79	185
79	195
79	201
79	229
79	413
79	449
79	538
79	556
79	573
79	618
79	848
79	946
80	115
80	133
80	244
80	290
80	384
80	398
80	610
80	681
80	814
80	943
81	121
81	135
81	173
81	178
81	199
81	217
81	232
81	450
81	464
81	531
81	561
81	575
81	614
81	687
81	784
81	817
81	870
82	187
82	190
82	227
82	267
82	375
82	489
82	492
82	546
82	635
82	638
82	815
82	842
82	895
83	99
83	102
83	257
83	323
83	365
83	426
83	629
83	790
83	976
84	89
84	105
84	180
84	210
84	275
84	279
84	363
84	407
84	560
84	602
84	629
84	645
84	656
84	737
84	796
84	959
85	90
85	118
85	130
85	240
85	266
85	269
85	298
85	308
85	310
85	350
85	444
85	730
85	881
86	114
86	262
86	294
86	894
87	104
87	118
87	175
87	179
87	196
87	219
87	246
87	324
87	336
87	486
87	674
87	747
87	792
87	849
87	923
88	149
88	207
88	393
88	406
88	432
88	467
88	544
88	619
88	642
88	718
88	756
88	853
88	962
88	974
88	990
89	105
89	180
89	210
89	275
89	279
89	363
89	407
89	560
89	656
89	737
89	791
89	796
90	91
90	118
90	130
90	191
90	240
90	298
90	308
90	356
90	361
90	439
90	444
90	957
91	123
91	151
91	213
91	305
91	380
91	423
91	456
91	459
91	659
91	677
91	694
91	743
91	879
91	883
92	96
92	113
92	152
92	194
92	487
92	707
92	736
92	798
92	942
93	128
93	148
93	238
93	389
93	470
93	496
93	535
93	606
93	679
93	788
93	816
93	948
94	121
94	182
94	185
94	285
94	334
94	346
94	371
94	410
94	501
94	601
94	826
94	848
94	981
95	103
95	144
95	153
95	219
95	327
95	437
95	567
95	587
95	664
95	862
95	914
95	943
95	964
95	999
96	102
96	323
96	454
96	622
96	877
97	142
97	172
97	202
97	269
97	318
97	424
97	501
97	582
97	733
97	768
97	771
97	918
97	919
97	966
98	206
98	277
98	286
98	391
98	460
98	461
98	466
98	483
98	508
98	511
98	615
98	685
98	719
98	720
98	761
98	913
99	119
99	125
99	205
99	283
99	342
99	578
99	632
99	645
99	665
99	756
99	847
99	945
100	110
100	141
100	273
100	346
100	461
100	493
100	722
101	192
101	237
101	246
102	163
102	253
102	256
102	447
102	553
102	668
102	844
103	144
103	153
103	201
103	245
103	276
103	327
103	431
103	437
103	559
103	652
103	664
103	943
104	150
104	175
104	179
104	196
104	219
104	281
104	290
104	295
104	324
104	674
104	792
104	849
104	923
105	180
105	210
105	255
105	275
105	279
105	363
105	407
105	467
105	737
105	791
105	856
105	959
105	979
106	124
106	618
107	234
108	216
108	222
108	243
108	254
108	428
108	529
108	576
108	626
108	627
108	739
108	748
108	835
108	991
109	114
109	190
109	308
110	114
110	164
110	171
110	192
110	657
111	112
111	116
111	141
111	162
111	181
111	220
111	297
111	415
111	647
111	801
112	116
112	181
112	200
112	220
112	251
112	263
112	355
112	399
112	801
112	838
112	908
113	388
113	390
113	431
113	488
113	731
113	736
113	742
113	802
114	123
114	338
115	160
115	321
115	769
116	141
116	288
116	415
116	480
116	507
116	589
116	710
116	892
117	147
117	171
117	174
117	208
117	231
117	333
117	388
117	401
117	458
117	463
117	540
117	636
118	252
118	298
118	336
118	350
118	361
118	701
118	799
118	824
118	912
119	125
119	205
119	236
119	342
119	360
119	451
119	511
119	760
119	891
119	950
119	997
120	131
120	444
120	621
120	648
121	135
121	173
121	199
121	217
121	232
121	450
121	464
121	496
121	575
121	651
121	687
121	784
121	974
122	130
122	226
123	151
123	305
123	456
123	459
123	472
123	659
123	677
123	862
123	879
123	920
124	186
124	420
124	551
125	236
125	342
125	451
125	473
125	506
125	544
125	632
125	740
125	847
126	156
126	209
126	262
126	269
126	332
126	472
126	611
126	686
126	698
126	701
126	703
126	724
126	864
126	995
127	197
127	208
127	289
127	353
127	386
127	534
127	541
127	564
127	636
127	658
127	699
127	851
127	958
128	238
128	314
128	397
128	470
128	535
128	679
128	819
128	823
128	878
128	927
129	154
129	261
129	408
129	443
129	472
129	569
129	586
129	665
129	717
129	828
129	915
130	191
130	240
130	283
130	298
130	361
130	439
130	799
131	138
131	224
131	348
131	351
131	366
131	368
131	503
131	548
131	586
131	744
131	965
132	309
132	418
132	457
132	494
132	538
132	650
132	714
132	840
132	906
132	909
132	929
132	941
133	395
133	766
134	309
134	315
134	372
134	505
134	512
134	591
134	688
134	820
134	828
134	874
135	173
135	183
135	217
135	232
135	450
135	575
135	784
135	870
135	880
135	983
136	178
136	381
136	438
136	522
136	577
136	637
136	655
136	696
136	709
136	846
136	903
136	930
137	168
137	204
137	215
137	242
137	396
137	402
137	474
137	479
137	517
137	577
137	588
137	661
138	140
138	224
138	348
138	351
138	366
138	400
138	509
138	744
139	189
139	349
139	383
139	401
139	403
139	448
139	502
139	509
139	587
139	653
139	726
139	736
139	955
140	192
140	224
140	337
140	348
140	368
140	400
140	525
140	548
140	554
140	592
140	970
141	160
141	162
141	181
141	297
141	352
141	376
141	399
141	507
141	860
142	202
142	223
142	318
142	406
142	424
142	518
142	582
142	768
142	850
142	966
143	211
143	228
143	499
143	533
143	574
143	599
143	657
143	723
143	785
143	897
143	944
143	951
144	153
144	245
144	322
144	327
144	541
144	559
144	563
144	758
144	914
144	943
145	866
145	899
146	152
146	260
146	299
146	307
146	410
146	478
146	648
146	888
146	898
146	982
147	174
147	223
147	231
147	316
147	317
147	338
147	419
147	434
147	603
148	177
148	271
148	331
148	363
148	370
148	607
148	700
148	754
148	781
148	855
148	878
148	919
149	207
149	406
149	467
149	619
149	642
149	662
149	718
149	851
149	962
150	161
150	203
150	466
151	163
151	164
151	280
151	305
151	459
151	677
151	743
151	806
151	862
152	260
152	299
152	307
152	478
152	570
152	648
152	746
152	888
152	981
152	986
153	276
153	278
153	322
153	333
153	664
153	999
154	261
154	408
154	443
154	568
154	569
154	586
154	717
154	719
155	193
155	893
156	209
156	472
156	488
156	611
156	653
156	701
156	703
156	787
156	995
157	233
157	270
157	385
157	555
157	631
157	693
157	716
157	778
157	822
157	852
157	996
158	201
158	462
158	485
159	199
159	639
160	181
160	220
160	297
160	344
160	368
160	779
160	838
160	963
161	643
162	181
162	326
162	477
162	507
162	649
162	803
162	892
162	953
163	167
163	213
163	805
163	876
165	247
165	341
165	369
165	380
165	495
165	565
165	667
165	683
165	711
165	727
165	807
165	817
166	306
166	391
166	562
166	574
166	666
166	673
166	743
166	745
166	863
166	932
167	274
167	323
167	764
168	204
168	215
168	242
168	396
168	474
168	479
168	588
168	673
168	766
169	447
169	595
170	214
170	221
170	251
170	265
170	298
170	354
170	359
170	433
170	519
170	717
170	836
170	843
171	174
171	231
171	316
171	434
171	463
171	499
171	813
172	193
172	195
172	336
172	550
172	571
172	598
172	690
172	867
172	890
172	907
172	949
173	199
173	232
173	477
173	487
173	582
173	652
173	817
173	870
173	904
174	231
174	316
174	338
174	603
174	808
175	179
175	196
175	219
175	247
175	281
175	295
175	324
175	486
175	664
176	183
176	673
176	723
177	218
177	271
177	331
177	370
177	607
177	755
177	773
177	855
177	878
178	381
178	384
178	438
178	522
178	637
178	655
178	707
178	846
178	903
178	930
179	196
179	197
179	324
179	674
179	702
179	747
179	792
179	849
180	210
180	275
180	560
180	629
180	820
180	979
181	297
181	345
181	432
181	589
181	954
182	195
182	201
182	207
182	367
182	459
182	502
182	556
183	326
183	377
183	462
183	565
183	644
183	767
183	770
183	899
184	361
184	995
185	195
185	273
185	334
185	601
185	618
185	947
186	249
187	190
187	442
187	492
187	635
187	638
187	696
187	842
187	846
188	280
188	345
188	596
188	962
189	383
189	401
189	403
189	448
189	509
189	517
189	653
189	726
190	442
190	490
190	492
190	533
190	546
190	660
190	696
190	813
191	240
191	252
191	283
191	505
191	896
191	957
193	551
193	571
193	598
193	641
193	670
193	690
193	890
193	907
193	949
194	402
194	488
194	495
195	201
195	410
195	981
195	989
196	219
196	281
196	295
196	486
196	686
197	353
197	386
197	387
197	452
197	541
197	875
197	958
197	994
198	241
198	390
198	395
198	514
198	616
198	634
198	721
198	783
198	934
198	980
199	217
199	232
199	464
199	477
199	531
200	311
200	339
200	362
200	393
200	405
200	424
200	705
200	782
200	900
200	939
201	346
201	501
201	680
201	946
202	269
202	318
202	363
202	424
202	518
202	582
202	919
203	223
203	227
203	375
203	457
203	524
203	749
203	751
203	811
203	818
204	215
204	242
204	474
204	479
204	605
204	661
204	720
204	752
205	236
205	272
205	665
205	763
205	945
206	277
206	286
206	460
206	466
206	511
206	685
206	754
206	902
207	406
207	432
207	544
207	642
207	662
207	756
208	301
208	312
208	343
208	394
208	422
208	470
208	476
208	793
209	332
209	472
209	611
209	698
209	703
209	724
209	859
209	870
209	904
210	275
210	279
210	554
210	734
210	791
210	796
211	306
211	657
211	723
211	753
211	785
211	819
211	859
211	897
211	944
212	234
212	376
212	542
212	620
212	697
212	702
212	837
212	857
213	255
213	344
213	354
213	454
214	265
214	354
214	359
214	455
214	498
214	519
214	730
214	843
215	242
215	396
215	474
215	517
215	583
215	588
216	222
216	254
216	307
216	461
216	557
216	710
216	748
216	991
217	232
217	240
217	477
217	531
217	561
218	242
218	294
218	315
218	512
218	606
218	826
218	828
218	874
219	281
219	324
219	486
219	747
220	263
220	288
220	312
220	350
220	777
220	803
221	226
221	251
221	265
221	287
221	354
221	498
221	517
221	566
222	314
222	325
222	387
222	557
222	576
222	651
223	225
223	227
223	382
223	457
223	524
223	749
223	889
224	273
224	400
224	548
224	871
226	257
226	371
226	482
226	621
226	858
226	926
226	936
226	975
227	252
227	382
227	457
227	751
227	811
227	818
227	956
228	248
228	499
228	599
228	723
228	859
228	944
228	951
228	960
229	285
229	371
229	410
229	413
229	480
229	573
230	334
230	340
230	436
230	441
230	510
230	605
230	794
230	911
230	998
231	251
231	636
231	808
232	464
232	628
232	904
233	437
234	376
234	542
234	609
234	620
234	697
234	702
234	853
234	925
235	252
235	257
235	335
235	379
235	392
235	482
235	537
235	621
235	885
236	268
236	460
236	506
236	536
236	645
237	352
237	357
237	523
237	709
237	839
237	884
237	896
238	496
238	685
238	757
238	775
239	257
239	282
239	335
239	379
239	392
239	714
239	776
239	936
239	984
240	298
240	474
241	330
241	390
241	514
241	543
241	616
241	721
241	783
242	661
242	752
242	766
243	292
245	302
245	322
245	559
245	567
245	827
247	341
247	369
247	495
247	683
247	807
247	821
248	249
248	268
248	374
248	421
248	452
248	624
248	960
249	268
249	374
249	452
249	455
249	624
249	732
249	759
250	300
250	303
250	988
251	287
251	433
251	566
251	843
252	336
252	350
252	361
253	255
253	897
253	976
254	314
254	325
254	576
254	762
254	929
254	951
255	325
256	289
256	429
256	469
256	481
256	725
256	827
256	938
257	272
257	284
257	335
257	379
257	740
258	266
259	690
260	299
260	478
260	648
260	746
260	888
261	443
261	504
261	568
261	719
261	840
261	915
262	986
263	288
263	297
263	801
263	989
264	414
264	564
265	287
265	433
265	455
265	566
266	420
266	504
266	530
266	552
266	735
266	864
266	940
268	374
268	452
268	732
268	759
268	960
269	518
269	733
269	758
270	385
270	471
270	555
270	693
270	729
270	972
271	331
271	398
271	700
271	754
271	755
271	773
272	335
272	392
272	393
272	482
272	621
272	926
272	984
273	334
273	545
273	977
274	505
274	844
275	363
275	369
276	278
276	431
276	827
277	286
277	360
277	378
277	460
277	508
277	954
278	339
278	437
278	567
278	622
278	715
279	305
279	629
279	959
281	295
281	321
281	674
282	429
282	469
282	481
282	668
282	684
282	725
283	308
283	350
283	369
284	329
285	321
285	367
285	480
285	789
286	381
286	460
286	685
286	913
287	354
287	359
287	498
287	585
288	415
288	710
288	980
289	422
289	429
289	469
289	668
289	684
289	938
290	711
290	829
291	302
291	313
291	319
291	485
291	704
291	790
291	795
293	500
293	821
293	979
294	372
294	505
294	663
294	812
295	324
295	513
295	923
296	320
296	330
296	346
296	446
296	484
296	584
296	643
296	933
299	307
299	511
299	847
299	982
299	986
301	312
301	343
301	422
301	476
301	533
301	774
302	313
302	319
302	549
302	682
302	795
302	987
303	529
304	889
304	952
305	423
305	806
306	391
306	562
306	625
306	666
306	745
307	478
307	898
307	982
308	486
308	580
309	494
309	538
309	650
309	714
309	840
311	339
311	362
311	418
311	617
311	705
311	831
312	394
312	422
312	774
312	793
313	409
313	485
313	549
313	704
313	835
314	627
314	835
314	886
314	902
315	323
315	341
315	372
315	505
315	512
316	317
316	863
317	419
317	458
317	545
317	879
318	471
318	738
318	771
318	850
319	348
319	409
319	485
319	549
319	987
320	324
320	330
320	446
320	513
320	584
322	431
322	808
322	977
323	427
325	557
325	651
326	333
326	510
326	767
326	770
326	899
327	431
327	587
327	858
328	335
329	647
330	484
330	597
330	643
331	370
331	607
331	754
332	627
332	698
332	701
332	716
332	724
333	377
333	565
333	644
333	764
335	379
335	975
336	350
336	730
338	388
338	616
338	917
339	362
339	782
339	939
340	406
340	436
340	581
340	605
340	911
341	495
341	553
341	692
341	821
342	473
343	476
343	525
343	793
343	935
346	545
347	409
347	417
347	515
347	516
347	706
347	734
348	400
348	548
349	727
351	366
351	368
351	374
351	970
352	357
352	526
352	709
352	839
352	905
353	386
353	387
353	688
353	699
354	455
355	516
355	589
355	885
356	428
356	440
356	689
356	712
356	786
356	830
357	526
357	588
357	884
357	896
357	905
358	825
359	455
359	566
359	898
361	580
362	617
362	831
362	900
363	560
365	968
366	554
366	802
366	1000
367	912
367	946
367	977
368	491
368	1000
369	495
369	711
369	727
370	700
370	878
371	449
371	573
371	634
372	591
373	548
373	563
374	421
374	666
374	810
375	442
375	533
375	635
375	815
375	895
376	531
376	542
376	609
376	620
377	522
377	565
377	764
377	770
379	392
379	740
380	495
380	498
380	667
380	683
380	692
381	522
381	577
381	637
382	411
382	457
382	749
382	811
383	401
383	403
383	509
383	797
385	471
385	693
385	996
386	387
386	646
386	775
387	564
387	631
387	658
388	834
389	741
390	514
390	634
390	934
391	574
391	625
391	673
392	600
392	832
393	467
393	544
393	619
393	662
394	422
394	476
394	774
394	922
394	935
396	479
396	588
396	747
397	606
397	852
397	927
399	647
399	699
400	911
401	448
401	502
403	448
403	509
405	617
405	782
405	831
405	875
405	987
406	642
407	656
407	979
408	443
408	451
408	586
408	973
409	485
409	553
409	795
412	433
412	651
413	549
413	680
414	425
415	704
415	748
417	475
417	516
417	633
417	669
418	494
418	538
418	650
418	906
419	780
419	792
420	504
420	530
420	612
420	640
421	470
421	759
421	960
423	613
423	920
424	626
425	484
426	454
428	440
428	691
428	712
428	809
429	469
429	481
429	527
432	467
432	962
433	446
433	519
434	463
434	950
435	755
436	510
436	794
436	911
438	577
438	903
438	930
439	713
439	912
439	967
440	689
440	691
440	786
441	510
441	928
441	998
442	489
442	546
443	586
444	957
445	928
446	513
446	616
446	643
448	502
449	528
450	476
450	974
451	645
452	624
453	689
453	691
453	786
453	830
453	967
456	691
456	694
457	491
458	917
459	659
459	856
460	720
461	576
461	886
462	644
462	767
462	921
463	636
464	465
464	477
466	508
466	615
467	756
468	575
468	869
469	500
469	725
471	631
471	716
471	822
472	787
473	969
474	766
475	516
475	633
475	868
476	935
478	570
479	517
480	603
480	848
481	668
481	684
482	600
482	740
482	798
483	765
484	584
484	597
484	933
485	704
486	718
487	910
489	492
489	660
489	842
492	985
494	714
494	909
496	535
496	679
498	519
499	657
499	859
500	584
501	618
502	509
502	955
503	592
503	772
503	922
504	530
504	864
504	887
506	779
506	867
506	969
508	761
508	913
510	581
510	998
511	761
511	902
512	869
513	584
513	597
514	934
515	669
515	868
515	953
515	956
516	633
520	841
522	577
523	526
523	589
523	709
523	884
524	818
524	889
525	554
525	965
526	839
528	601
528	646
528	989
529	627
530	659
530	777
533	638
534	564
534	658
534	875
534	941
535	630
536	632
537	600
537	621
537	753
537	961
540	751
541	564
541	994
542	857
543	616
543	721
543	816
543	980
544	619
546	660
549	553
550	641
550	907
552	640
552	735
552	887
553	987
555	729
555	972
559	888
561	575
561	974
562	673
565	899
568	569
568	992
569	992
570	648
570	898
571	641
571	690
571	895
574	625
574	863
578	610
578	900
581	605
581	928
583	663
583	688
583	826
587	664
591	820
592	611
593	975
597	984
598	712
598	890
599	753
599	783
599	897
600	858
601	729
603	937
604	680
605	752
606	816
607	755
608	861
609	620
609	702
610	763
612	735
612	864
612	887
613	721
615	843
615	902
617	705
618	906
624	810
625	785
625	932
626	739
631	693
631	852
633	669
634	783
634	980
635	726
635	815
637	655
637	694
638	696
639	689
640	771
640	777
640	940
641	670
643	933
644	921
646	851
646	958
646	994
650	800
650	909
653	726
653	955
654	695
655	846
655	924
656	672
657	753
658	699
660	895
660	931
661	752
662	718
662	930
663	688
666	863
666	988
667	727
667	737
667	807
668	938
669	956
670	690
670	867
676	914
678	683
685	954
689	809
691	967
692	711
692	821
693	731
694	883
697	837
698	722
706	734
706	956
706	996
712	967
715	964
716	778
717	719
720	954
725	865
729	852
732	744
732	810
734	868
738	789
745	988
746	845
746	986
749	794
751	889
758	918
760	822
761	942
762	886
764	921
773	855
776	882
776	975
777	940
778	972
779	963
780	813
781	812
781	869
785	951
787	995
788	946
794	928
801	992
809	830
810	945
812	926
814	948
817	904
822	996
829	998
837	853
840	941
851	875
853	857
855	932
856	883
858	926
860	907
867	949
871	970
882	936
882	984
892	937
896	905
900	939
906	929
915	992
918	964
922	970
929	941
932	988
