1	2
1	3
1	4
1	5
1	6
1	7
1	8
1	9
1	10
1	11
1	12
1	14
1	15
1	16
1	17
1	22
1	23
1	26
1	27
1	28
1	31
1	32
1	35
1	43
1	44
1	46
1	47
1	48
1	53
1	54
1	55
1	56
1	58
1	63
1	66
1	70
1	72
1	73
1	95
1	101
1	110
1	115
1	117
1	124
1	125
1	127
1	135
1	139
1	145
1	153
1	172
1	174
1	177
1	189
1	205
1	211
1	223
1	228
1	231
1	237
1	252
1	267
1	280
1	289
1	316
1	324
1	349
1	350
1	362
1	365
1	409
1	410
1	422
1	465
1	476
1	502
1	569
1	570
1	595
1	613
1	633
1	636
1	672
1	683
1	684
1	719
1	720
1	742
1	750
1	756
1	773
1	781
1	810
1	812
1	824
1	832
1	867
1	910
1	974
2	3
2	4
2	5
2	6
2	7
2	8
2	9
2	10
2	13
2	14
2	15
2	16
2	17
2	23
2	24
2	26
2	28
2	31
2	33
2	34
2	35
2	40
2	43
2	44
2	45
2	47
2	48
2	53
2	55
2	56
2	63
2	70
2	71
2	72
2	73
2	91
2	110
2	111
2	115
2	117
2	121
2	125
2	126
2	139
2	144
2	145
2	147
2	153
2	168
2	174
2	177
2	178
2	189
2	192
2	211
2	223
2	235
2	236
2	256
2	257
2	264
2	265
2	267
2	291
2	321
2	324
2	327
2	337
2	342
2	369
2	370
2	407
2	409
2	414
2	421
2	426
2	440
2	446
2	477
2	529
2	563
2	569
2	576
2	627
2	701
2	720
2	735
2	758
2	810
2	824
2	854
2	911
2	974
2	979
3	4
3	5
3	6
3	7
3	8
3	9
3	10
3	14
3	15
3	16
3	17
3	23
3	26
3	28
3	35
3	43
3	44
3	47
3	48
3	53
3	54
3	55
3	56
3	58
3	62
3	63
3	70
3	71
3	81
3	95
3	101
3	111
3	115
3	117
3	118
3	124
3	125
3	144
3	145
3	147
3	153
3	165
3	173
3	177
3	178
3	189
3	214
3	223
3	235
3	247
3	295
3	327
3	329
3	337
3	346
3	350
3	356
3	362
3	365
3	378
3	404
3	408
3	410
3	420
3	436
3	458
3	485
3	544
3	570
3	583
3	603
3	605
3	611
3	613
3	622
3	639
3	651
3	682
3	722
3	750
3	824
3	832
3	834
3	835
3	866
3	867
3	907
3	995
4	5
4	6
4	7
4	8
4	9
4	10
4	11
4	14
4	15
4	16
4	17
4	22
4	23
4	26
4	28
4	35
4	41
4	43
4	44
4	47
4	48
4	53
4	54
4	55
4	56
4	58
4	63
4	65
4	70
4	71
4	73
4	76
4	91
4	95
4	101
4	110
4	111
4	112
4	115
4	117
4	121
4	124
4	125
4	126
4	136
4	137
4	139
4	144
4	145
4	147
4	150
4	161
4	174
4	187
4	189
4	214
4	222
4	223
4	228
4	235
4	252
4	267
4	331
4	342
4	355
4	370
4	404
4	405
4	416
4	455
4	539
4	583
4	622
4	636
4	672
4	747
4	758
4	833
4	867
4	868
4	919
4	952
4	979
4	993
5	6
5	7
5	8
5	9
5	10
5	14
5	15
5	16
5	17
5	20
5	23
5	26
5	28
5	35
5	36
5	43
5	44
5	47
5	48
5	51
5	53
5	54
5	55
5	56
5	58
5	70
5	71
5	95
5	101
5	110
5	115
5	120
5	124
5	125
5	127
5	135
5	137
5	139
5	144
5	145
5	147
5	153
5	174
5	177
5	178
5	189
5	208
5	211
5	216
5	235
5	236
5	252
5	277
5	313
5	321
5	326
5	337
5	362
5	369
5	370
5	373
5	400
5	409
5	410
5	421
5	433
5	436
5	446
5	464
5	511
5	519
5	535
5	569
5	618
5	643
5	645
5	651
5	679
5	724
5	834
5	911
5	995
6	7
6	8
6	9
6	10
6	14
6	15
6	16
6	17
6	23
6	25
6	26
6	28
6	35
6	39
6	43
6	44
6	46
6	47
6	48
6	53
6	54
6	55
6	56
6	58
6	63
6	67
6	71
6	73
6	95
6	101
6	110
6	111
6	115
6	117
6	125
6	126
6	127
6	133
6	135
6	136
6	137
6	139
6	145
6	147
6	148
6	157
6	177
6	178
6	189
6	208
6	237
6	239
6	244
6	252
6	342
6	362
6	365
6	410
6	446
6	501
6	504
6	528
6	530
6	544
6	549
6	556
6	585
6	595
6	615
6	622
6	691
6	707
6	720
6	722
6	735
6	757
6	839
6	846
6	958
6	961
6	979
7	8
7	9
7	10
7	11
7	12
7	14
7	15
7	16
7	17
7	23
7	26
7	28
7	35
7	43
7	48
7	53
7	54
7	55
7	56
7	61
7	63
7	64
7	70
7	71
7	73
7	77
7	78
7	91
7	95
7	101
7	105
7	110
7	112
7	116
7	117
7	124
7	126
7	135
7	139
7	144
7	147
7	152
7	170
7	172
7	174
7	177
7	178
7	183
7	189
7	224
7	228
7	236
7	237
7	291
7	293
7	362
7	365
7	369
7	409
7	426
7	544
7	595
7	615
7	637
7	644
7	732
7	742
7	783
7	807
7	812
7	853
8	9
8	10
8	12
8	14
8	15
8	16
8	17
8	20
8	22
8	26
8	28
8	32
8	43
8	47
8	48
8	53
8	54
8	55
8	58
8	63
8	70
8	71
8	72
8	73
8	74
8	99
8	101
8	104
8	115
8	117
8	124
8	125
8	126
8	127
8	137
8	139
8	147
8	149
8	187
8	228
8	235
8	244
8	291
8	308
8	321
8	324
8	327
8	337
8	342
8	350
8	356
8	409
8	412
8	426
8	446
8	523
8	611
8	636
8	644
8	648
8	651
8	727
8	731
8	756
8	758
8	783
8	829
8	866
8	952
8	975
9	10
9	12
9	13
9	14
9	15
9	16
9	17
9	19
9	23
9	26
9	28
9	29
9	30
9	35
9	44
9	45
9	47
9	53
9	56
9	58
9	59
9	70
9	95
9	110
9	111
9	117
9	134
9	135
9	137
9	139
9	145
9	146
9	171
9	172
9	174
9	177
9	187
9	207
9	214
9	222
9	223
9	228
9	236
9	237
9	252
9	267
9	354
9	365
9	369
9	381
9	421
9	553
9	611
9	633
9	664
9	707
9	781
9	801
9	839
9	854
9	911
9	954
10	14
10	15
10	16
10	17
10	23
10	26
10	27
10	28
10	31
10	33
10	35
10	40
10	43
10	44
10	47
10	53
10	54
10	55
10	56
10	63
10	70
10	71
10	73
10	95
10	111
10	113
10	124
10	126
10	127
10	135
10	137
10	144
10	178
10	187
10	207
10	211
10	217
10	228
10	230
10	236
10	237
10	267
10	291
10	294
10	323
10	324
10	350
10	414
10	468
10	485
10	544
10	558
10	569
10	571
10	615
10	672
10	812
10	834
10	866
10	919
11	12
11	13
11	16
11	18
11	19
11	20
11	22
11	26
11	29
11	30
11	31
11	32
11	33
11	36
11	37
11	39
11	40
11	42
11	45
11	46
11	52
11	64
11	75
11	81
11	85
11	106
11	129
11	130
11	146
11	149
11	157
11	158
11	163
11	182
11	213
11	221
11	233
11	234
11	264
11	268
11	271
11	296
11	306
11	332
11	386
11	391
11	429
11	434
11	438
11	474
11	478
11	514
11	550
11	638
11	661
11	694
11	733
11	772
11	796
11	860
11	907
11	926
11	927
11	934
11	957
11	972
12	13
12	15
12	17
12	18
12	19
12	20
12	21
12	22
12	29
12	30
12	31
12	32
12	33
12	36
12	37
12	39
12	40
12	42
12	45
12	51
12	52
12	63
12	64
12	75
12	81
12	85
12	137
12	143
12	146
12	149
12	157
12	204
12	227
12	234
12	251
12	262
12	268
12	276
12	318
12	332
12	394
12	429
12	435
12	459
12	461
12	472
12	503
12	527
12	541
12	638
12	661
12	669
12	688
12	772
12	808
12	814
12	835
12	860
12	884
12	931
12	970
12	976
13	17
13	18
13	19
13	20
13	22
13	27
13	28
13	29
13	30
13	31
13	32
13	33
13	34
13	36
13	39
13	40
13	42
13	45
13	52
13	64
13	71
13	75
13	78
13	81
13	84
13	85
13	146
13	147
13	149
13	156
13	157
13	158
13	164
13	203
13	239
13	262
13	306
13	317
13	318
13	332
13	343
13	352
13	386
13	394
13	429
13	451
13	453
13	468
13	478
13	638
13	650
13	666
13	669
13	688
13	715
13	730
13	753
13	772
13	815
13	935
13	955
13	957
13	970
14	15
14	16
14	17
14	21
14	22
14	23
14	26
14	29
14	31
14	35
14	44
14	47
14	48
14	50
14	53
14	55
14	56
14	58
14	70
14	71
14	73
14	75
14	86
14	94
14	101
14	110
14	111
14	115
14	117
14	127
14	137
14	232
14	236
14	286
14	325
14	327
14	330
14	337
14	350
14	381
14	421
14	570
14	573
14	582
14	633
14	702
14	735
14	783
14	824
14	839
14	887
14	919
15	16
15	17
15	23
15	26
15	28
15	35
15	42
15	43
15	44
15	47
15	48
15	53
15	54
15	58
15	61
15	67
15	68
15	70
15	71
15	73
15	75
15	101
15	124
15	135
15	144
15	147
15	174
15	177
15	189
15	193
15	356
15	369
15	401
15	404
15	421
15	442
15	446
15	478
15	530
15	536
15	595
15	654
15	719
15	722
15	771
15	801
15	812
15	833
15	853
16	17
16	21
16	23
16	27
16	35
16	43
16	44
16	47
16	53
16	54
16	56
16	58
16	68
16	71
16	87
16	88
16	94
16	95
16	101
16	111
16	115
16	117
16	126
16	127
16	133
16	147
16	149
16	153
16	172
16	174
16	177
16	187
16	189
16	214
16	223
16	235
16	256
16	342
16	365
16	404
16	409
16	487
16	636
16	726
16	738
16	801
16	829
17	21
17	23
17	28
17	35
17	40
17	42
17	43
17	44
17	48
17	53
17	54
17	55
17	56
17	58
17	63
17	69
17	70
17	73
17	95
17	101
17	115
17	124
17	127
17	153
17	172
17	211
17	225
17	267
17	327
17	345
17	369
17	414
17	430
17	470
17	605
17	643
17	671
17	707
17	719
17	756
17	911
17	932
17	974
18	19
18	20
18	21
18	22
18	29
18	30
18	31
18	32
18	33
18	36
18	39
18	40
18	42
18	45
18	52
18	60
18	64
18	75
18	81
18	85
18	99
18	100
18	102
18	146
18	149
18	157
18	158
18	163
18	171
18	203
18	239
18	297
18	306
18	363
18	380
18	435
18	438
18	441
18	469
18	516
18	552
18	583
18	648
18	661
18	684
18	694
18	753
18	796
18	818
18	835
18	849
18	907
18	945
18	993
19	20
19	21
19	22
19	29
19	30
19	31
19	32
19	33
19	36
19	39
19	40
19	42
19	45
19	48
19	49
19	52
19	64
19	75
19	81
19	85
19	123
19	146
19	149
19	153
19	157
19	158
19	163
19	190
19	193
19	218
19	232
19	234
19	239
19	262
19	268
19	306
19	386
19	429
19	438
19	461
19	478
19	514
19	517
19	654
19	666
19	783
19	847
19	945
19	971
19	972
20	22
20	29
20	30
20	31
20	32
20	33
20	35
20	36
20	39
20	40
20	42
20	45
20	51
20	52
20	64
20	75
20	81
20	85
20	86
20	88
20	146
20	149
20	157
20	158
20	163
20	167
20	234
20	239
20	262
20	270
20	332
20	386
20	394
20	455
20	476
20	493
20	499
20	514
20	552
20	652
20	692
20	718
20	763
20	796
20	808
20	815
20	920
20	957
21	24
21	27
21	34
21	37
21	38
21	41
21	46
21	50
21	57
21	123
21	131
21	132
21	152
21	154
21	173
21	192
21	218
21	221
21	247
21	250
21	252
21	273
21	280
21	336
21	361
21	372
21	377
21	380
21	433
21	452
21	465
21	477
21	500
21	502
21	538
21	550
21	564
21	598
21	655
21	698
21	718
21	761
21	800
21	853
21	858
21	880
21	952
21	964
22	26
22	29
22	30
22	31
22	32
22	33
22	36
22	39
22	40
22	42
22	45
22	47
22	52
22	58
22	64
22	66
22	75
22	81
22	85
22	127
22	146
22	149
22	157
22	173
22	191
22	239
22	262
22	268
22	334
22	354
22	446
22	461
22	491
22	544
22	561
22	666
22	694
22	741
22	770
22	815
22	847
22	884
22	904
23	26
23	28
23	29
23	35
23	43
23	44
23	47
23	48
23	50
23	54
23	55
23	56
23	58
23	95
23	101
23	107
23	110
23	135
23	137
23	144
23	187
23	223
23	235
23	236
23	237
23	324
23	327
23	353
23	474
23	530
23	576
23	578
23	605
23	748
23	767
23	995
23	997
24	27
24	34
24	37
24	38
24	41
24	46
24	50
24	57
24	86
24	115
24	123
24	128
24	132
24	152
24	154
24	173
24	192
24	193
24	210
24	213
24	250
24	344
24	361
24	372
24	377
24	397
24	414
24	452
24	465
24	477
24	479
24	502
24	538
24	548
24	598
24	655
24	698
24	761
24	823
24	876
24	901
24	909
25	37
25	49
25	59
25	60
25	76
25	79
25	86
25	98
25	104
25	112
25	116
25	141
25	166
25	175
25	184
25	189
25	190
25	198
25	212
25	266
25	336
25	341
25	345
25	359
25	368
25	370
25	378
25	408
25	415
25	556
25	599
25	634
25	647
25	665
25	676
25	693
25	747
25	843
25	864
25	927
25	930
25	954
26	28
26	35
26	43
26	44
26	47
26	53
26	56
26	63
26	70
26	73
26	78
26	95
26	105
26	110
26	135
26	139
26	143
26	153
26	223
26	228
26	238
26	300
26	370
26	402
26	615
26	643
26	761
26	875
27	34
27	37
27	38
27	41
27	43
27	46
27	50
27	57
27	60
27	104
27	123
27	132
27	152
27	154
27	171
27	173
27	192
27	218
27	250
27	327
27	361
27	380
27	383
27	433
27	447
27	452
27	477
27	492
27	500
27	548
27	565
27	620
27	653
27	655
27	800
27	964
27	965
28	33
28	35
28	43
28	47
28	53
28	54
28	55
28	56
28	95
28	98
28	105
28	110
28	124
28	125
28	145
28	153
28	163
28	172
28	208
28	211
28	226
28	297
28	324
28	404
28	694
28	699
28	862
29	30
29	31
29	32
29	33
29	36
29	37
29	39
29	40
29	42
29	45
29	49
29	52
29	64
29	70
29	75
29	81
29	132
29	146
29	149
29	160
29	190
29	258
29	262
29	429
29	478
29	600
29	638
29	667
29	717
29	884
29	931
29	972
30	31
30	32
30	33
30	36
30	39
30	40
30	42
30	45
30	52
30	57
30	64
30	75
30	85
30	122
30	146
30	158
30	172
30	234
30	262
30	268
30	297
30	423
30	461
30	489
30	559
30	572
30	666
30	669
30	717
30	938
30	971
30	993
31	32
31	33
31	36
31	39
31	40
31	42
31	45
31	52
31	64
31	70
31	75
31	81
31	85
31	100
31	103
31	158
31	176
31	234
31	268
31	273
31	301
31	476
31	524
31	552
31	644
31	680
31	931
31	971
32	33
32	36
32	39
32	40
32	42
32	45
32	52
32	64
32	73
32	75
32	81
32	85
32	101
32	149
32	158
32	163
32	237
32	262
32	268
32	316
32	394
32	413
32	424
32	438
32	476
32	627
32	661
32	669
32	917
33	36
33	39
33	40
33	42
33	45
33	52
33	56
33	64
33	75
33	81
33	82
33	85
33	157
33	239
33	283
33	387
33	394
33	476
33	521
33	548
33	704
33	717
33	785
33	808
33	847
33	945
34	37
34	38
34	41
34	43
34	46
34	50
34	57
34	96
34	123
34	132
34	152
34	154
34	173
34	174
34	218
34	222
34	250
34	271
34	307
34	352
34	377
34	433
34	465
34	479
34	492
34	500
34	502
34	550
34	594
34	630
34	653
34	718
34	880
34	964
35	37
35	44
35	47
35	55
35	56
35	61
35	63
35	71
35	73
35	114
35	115
35	117
35	126
35	236
35	312
35	321
35	356
35	494
35	687
35	717
35	725
35	750
36	39
36	40
36	42
36	45
36	48
36	52
36	54
36	64
36	75
36	81
36	85
36	92
36	115
36	157
36	163
36	234
36	236
36	257
36	259
36	332
36	358
36	623
36	669
36	688
36	860
37	38
37	40
37	41
37	46
37	50
37	57
37	123
37	132
37	152
37	154
37	173
37	176
37	192
37	250
37	276
37	361
37	372
37	397
37	452
37	477
37	538
37	550
37	653
37	800
37	826
37	852
37	880
37	957
38	41
38	46
38	50
38	57
38	123
38	132
38	135
38	152
38	154
38	173
38	192
38	218
38	224
38	234
38	250
38	298
38	328
38	380
38	385
38	387
38	397
38	414
38	465
38	479
38	500
38	565
38	582
38	655
38	718
38	775
38	803
38	909
39	40
39	42
39	45
39	52
39	64
39	65
39	73
39	75
39	76
39	81
39	130
39	149
39	163
39	263
39	306
39	552
39	607
39	641
39	710
39	782
39	802
39	811
39	966
40	42
40	45
40	47
40	52
40	58
40	64
40	75
40	81
40	85
40	99
40	119
40	146
40	164
40	239
40	487
40	860
40	960
40	993
41	42
41	46
41	50
41	57
41	91
41	106
41	123
41	132
41	152
41	154
41	173
41	192
41	194
41	218
41	266
41	377
41	397
41	433
41	452
41	479
41	486
41	492
41	522
41	548
41	550
41	565
41	640
41	931
41	999
42	45
42	52
42	64
42	69
42	75
42	81
42	85
42	90
42	158
42	163
42	291
42	295
42	332
42	655
42	694
42	883
42	970
42	991
43	47
43	48
43	54
43	73
43	110
43	126
43	144
43	157
43	174
43	208
43	251
43	267
43	356
43	357
43	381
43	534
43	742
43	834
44	46
44	47
44	48
44	50
44	53
44	58
44	59
44	63
44	124
44	125
44	139
44	142
44	210
44	211
44	214
44	242
44	355
44	381
44	651
44	968
45	52
45	75
45	123
45	149
45	163
45	306
45	341
45	367
45	386
45	430
45	514
45	533
45	628
45	781
45	835
45	907
46	50
46	57
46	67
46	123
46	132
46	152
46	154
46	192
46	218
46	250
46	285
46	361
46	372
46	377
46	380
46	452
46	512
46	538
46	598
46	698
46	833
46	888
46	999
47	51
47	55
47	58
47	101
47	172
47	174
47	178
47	187
47	260
47	262
47	321
47	446
47	602
47	978
48	54
48	55
48	56
48	58
48	70
48	71
48	187
48	245
48	267
48	337
48	370
48	426
48	450
48	617
48	633
48	810
48	970
49	59
49	60
49	76
49	79
49	84
49	86
49	104
49	112
49	145
49	152
49	184
49	190
49	198
49	212
49	263
49	341
49	359
49	415
49	471
49	628
49	634
49	662
49	695
49	760
49	864
49	927
49	930
49	954
49	959
49	964
50	57
50	88
50	123
50	132
50	152
50	154
50	173
50	192
50	196
50	226
50	250
50	321
50	372
50	433
50	500
50	538
50	548
50	565
50	795
50	796
50	967
50	999
51	62
51	66
51	79
51	87
51	106
51	110
51	114
51	133
51	179
51	232
51	294
51	305
51	322
51	357
51	382
51	390
51	399
51	454
51	460
51	509
51	574
51	617
51	650
51	692
51	800
51	830
51	920
51	967
51	994
52	64
52	81
52	85
52	145
52	158
52	189
52	234
52	311
52	317
52	321
52	438
52	481
52	753
52	872
52	922
53	63
53	70
53	79
53	137
53	153
53	208
53	304
53	382
53	425
53	580
53	583
53	644
53	672
53	773
53	985
54	58
54	61
54	63
54	66
54	70
54	95
54	126
54	144
54	183
54	247
54	356
54	369
54	378
54	395
54	426
54	604
55	58
55	70
55	71
55	103
55	145
55	167
55	184
55	321
55	370
55	381
55	421
55	643
55	674
55	949
55	953
56	58
56	95
56	111
56	153
56	188
56	215
56	236
56	252
56	274
56	368
56	397
56	414
56	422
57	71
57	123
57	132
57	154
57	156
57	173
57	192
57	284
57	361
57	380
57	397
57	479
57	490
57	492
57	515
57	550
57	653
57	675
57	761
58	64
58	71
58	148
58	187
58	228
58	348
58	398
58	583
58	781
59	60
59	76
59	79
59	86
59	104
59	112
59	123
59	175
59	184
59	190
59	194
59	198
59	212
59	336
59	359
59	378
59	411
59	556
59	581
59	599
59	628
59	695
59	797
59	930
60	76
60	79
60	86
60	98
60	104
60	112
60	129
60	142
60	175
60	184
60	190
60	198
60	212
60	266
60	292
60	336
60	341
60	369
60	438
60	628
60	662
60	676
60	959
61	67
61	72
61	77
61	92
61	97
61	103
61	106
61	117
61	141
61	251
61	270
61	331
61	352
61	413
61	434
61	448
61	522
61	531
61	543
61	603
61	737
61	926
61	948
61	980
62	66
62	87
62	106
62	114
62	122
62	133
62	147
62	181
62	232
62	294
62	305
62	322
62	357
62	382
62	390
62	393
62	469
62	509
62	574
62	659
62	685
62	692
62	771
62	920
62	994
63	92
63	125
63	139
63	187
63	237
63	291
63	314
63	384
63	413
63	493
63	515
64	65
64	81
64	186
64	206
64	406
64	514
64	806
65	68
65	90
65	96
65	99
65	100
65	299
65	319
65	449
65	459
65	488
65	503
65	519
65	524
65	549
65	678
65	715
65	748
65	799
65	819
65	846
65	959
65	994
65	996
66	80
66	87
66	106
66	114
66	133
66	140
66	158
66	232
66	294
66	305
66	357
66	390
66	454
66	460
66	469
66	509
66	574
66	617
66	685
66	692
66	830
67	72
67	77
67	92
67	97
67	102
67	103
67	251
67	270
67	352
67	364
67	382
67	434
67	443
67	448
67	522
67	531
67	603
67	673
67	699
67	767
67	868
67	983
68	90
68	96
68	100
68	232
68	253
68	254
68	319
68	398
68	449
68	488
68	503
68	519
68	524
68	549
68	555
68	575
68	635
68	748
68	799
68	819
68	846
68	863
69	91
69	93
69	123
69	155
69	180
69	191
69	280
69	316
69	392
69	401
69	455
69	530
69	562
69	577
69	596
69	600
69	626
69	731
69	741
69	928
69	941
69	943
69	977
70	137
70	147
70	177
70	275
70	854
70	885
71	73
71	135
71	230
71	406
71	453
71	821
71	832
71	853
72	77
72	92
72	97
72	103
72	163
72	251
72	270
72	352
72	364
72	434
72	518
72	522
72	531
72	543
72	603
72	616
72	699
72	767
72	983
73	127
73	208
73	239
73	252
73	525
73	614
73	644
73	677
74	78
74	80
74	109
74	135
74	141
74	151
74	205
74	215
74	260
74	275
74	299
74	301
74	318
74	348
74	360
74	374
74	427
74	441
74	517
74	563
74	701
74	775
74	785
75	85
75	186
75	272
75	362
75	945
76	79
76	86
76	98
76	104
76	109
76	112
76	137
76	190
76	378
76	408
76	475
76	526
76	628
76	634
76	843
76	858
76	927
76	959
77	83
77	92
77	97
77	103
77	251
77	270
77	278
77	352
77	364
77	370
77	413
77	448
77	449
77	603
77	688
77	690
77	742
77	790
77	838
77	868
78	80
78	109
78	131
78	151
78	167
78	205
78	260
78	301
78	318
78	348
78	360
78	374
78	425
78	427
78	517
78	558
78	606
78	653
78	775
78	877
79	86
79	98
79	104
79	112
79	198
79	336
79	345
79	359
79	415
79	426
79	556
79	614
79	636
79	695
79	861
79	864
79	939
80	99
80	109
80	131
80	151
80	215
80	269
80	301
80	318
80	360
80	374
80	425
80	441
80	517
80	558
80	563
80	586
80	744
80	785
80	897
80	956
81	180
81	438
81	484
81	589
81	981
82	105
82	165
82	204
82	220
82	245
82	277
82	302
82	346
82	383
82	468
82	507
82	537
82	541
82	579
82	623
82	690
82	755
82	888
82	891
82	896
82	901
82	978
83	89
83	97
83	100
83	113
83	130
83	134
83	148
83	165
83	214
83	273
83	308
83	507
83	673
83	714
83	729
83	777
83	821
83	864
83	951
83	960
83	987
83	988
84	102
84	107
84	120
84	150
84	164
84	166
84	231
84	246
84	288
84	293
84	302
84	371
84	494
84	496
84	498
84	511
84	584
84	803
84	878
84	946
85	120
85	133
85	146
85	162
85	175
85	241
86	104
86	112
86	184
86	198
86	266
86	341
86	345
86	359
86	599
86	662
86	695
86	882
87	106
87	114
87	122
87	154
87	232
87	243
87	305
87	322
87	382
87	454
87	460
87	469
87	624
87	645
87	650
87	685
87	771
88	94
88	99
88	108
88	247
88	271
88	295
88	353
88	404
88	437
88	497
88	576
88	663
88	730
88	780
88	807
88	818
88	857
88	951
89	113
89	127
89	130
89	134
89	148
89	165
89	194
89	273
89	309
89	393
89	482
89	507
89	508
89	591
89	673
89	763
89	777
89	821
89	960
89	988
90	96
90	100
90	151
90	170
90	299
90	306
90	319
90	398
90	437
90	449
90	459
90	488
90	503
90	519
90	549
90	556
90	715
90	996
91	93
91	112
91	155
91	180
91	191
91	280
91	316
91	401
91	455
91	480
91	562
91	600
91	626
91	654
91	869
91	928
92	97
92	103
92	155
92	255
92	352
92	364
92	413
92	448
92	531
92	532
92	543
92	767
92	790
92	868
92	926
93	119
93	155
93	161
93	168
93	180
93	191
93	209
93	280
93	316
93	455
93	480
93	545
93	600
93	626
93	654
93	731
93	741
93	977
94	99
94	106
94	108
94	247
94	271
94	295
94	333
94	437
94	535
94	663
94	730
94	774
94	818
94	857
94	866
94	924
94	985
95	127
95	272
95	291
95	388
95	523
96	100
96	299
96	319
96	339
96	395
96	449
96	503
96	519
96	524
96	551
96	635
96	698
96	715
96	819
96	863
97	103
97	182
97	230
97	251
97	352
97	364
97	448
97	522
97	699
97	790
97	890
97	980
97	983
98	104
98	112
98	190
98	198
98	212
98	246
98	266
98	335
98	345
98	378
98	408
98	492
98	676
98	979
99	108
99	247
99	295
99	497
99	535
99	576
99	663
99	768
99	818
99	857
99	924
99	985
100	259
100	299
100	314
100	319
100	398
100	459
100	524
100	609
100	635
100	722
100	799
100	846
101	170
101	235
101	276
101	905
101	918
102	107
102	120
102	122
102	150
102	164
102	166
102	231
102	288
102	293
102	396
102	494
102	496
102	511
102	739
102	772
102	934
103	138
103	251
103	270
103	364
103	413
103	434
103	543
103	699
103	848
103	926
103	980
104	179
104	180
104	184
104	245
104	341
104	345
104	599
104	858
104	939
105	135
105	204
105	220
105	245
105	277
105	346
105	383
105	515
105	690
105	726
105	755
105	869
105	888
105	896
105	901
106	114
106	133
106	139
106	232
106	294
106	322
106	357
106	382
106	460
106	469
106	920
107	109
107	113
107	120
107	150
107	164
107	166
107	231
107	288
107	293
107	371
107	432
107	498
107	511
107	739
107	803
107	874
108	247
108	271
108	283
108	295
108	410
108	437
108	473
108	497
108	511
108	535
108	730
108	768
108	807
108	924
108	951
108	988
109	151
109	188
109	200
109	215
109	260
109	301
109	318
109	348
109	427
109	441
109	606
109	701
109	792
110	144
110	211
110	310
110	510
110	996
111	145
111	214
111	223
111	356
111	390
111	530
111	557
111	629
111	928
112	133
112	175
112	190
112	336
112	556
112	747
112	939
113	130
113	146
113	148
113	165
113	273
113	308
113	309
113	533
113	591
113	673
113	749
113	821
113	873
113	988
114	133
114	202
114	288
114	294
114	305
114	339
114	454
114	574
114	617
114	685
114	967
114	994
115	214
115	337
115	342
115	381
115	982
116	167
116	197
116	276
116	278
116	331
116	439
116	520
116	560
116	593
116	647
116	677
116	813
116	831
116	949
116	989
116	1000
117	124
117	130
117	187
117	340
117	366
118	121
118	200
118	225
118	402
118	557
118	566
118	585
118	641
118	646
118	684
118	754
118	769
118	938
118	961
118	986
118	989
119	151
119	196
119	241
119	244
119	257
119	300
119	313
119	367
119	456
119	596
119	696
119	728
119	865
119	903
119	915
120	150
120	159
120	164
120	166
120	231
120	288
120	371
120	494
120	511
120	584
120	739
120	942
121	169
121	200
121	225
121	344
121	523
121	557
121	585
121	608
121	614
121	675
121	684
121	938
121	961
121	986
122	125
122	138
122	156
122	206
122	304
122	338
122	457
122	573
122	825
122	850
122	885
122	912
122	929
123	218
123	502
123	909
124	311
124	344
124	546
124	605
125	126
125	185
125	211
125	364
125	850
126	158
126	172
126	223
126	528
126	569
127	137
127	214
127	651
127	984
128	181
128	222
128	242
128	268
128	330
128	400
128	732
128	746
128	752
128	766
128	784
128	849
128	916
128	953
128	984
129	230
129	233
129	281
129	284
129	419
129	440
129	481
129	578
129	617
129	632
129	656
129	697
129	871
129	913
130	134
130	148
130	165
130	309
130	591
130	673
130	763
130	777
130	987
131	151
131	205
131	210
131	260
131	296
131	301
131	318
131	428
131	441
131	558
131	606
131	721
132	394
132	465
132	554
132	915
133	305
133	322
133	390
133	469
133	509
133	692
134	148
134	165
134	273
134	308
134	404
134	479
134	507
134	591
134	598
134	729
134	960
135	362
135	389
136	193
136	206
136	215
136	248
136	283
136	386
136	431
136	442
136	588
136	620
136	745
136	776
136	963
137	412
137	462
138	156
138	267
138	304
138	338
138	457
138	489
138	572
138	573
138	575
138	825
138	842
138	885
138	912
139	235
139	543
140	182
140	183
140	298
140	322
140	379
140	422
140	514
140	521
140	668
140	782
140	875
140	887
140	914
141	142
141	194
141	199
141	395
141	423
141	534
141	723
141	802
141	844
141	937
141	947
142	194
142	207
142	289
142	385
142	395
142	418
142	689
142	700
142	844
142	933
142	937
143	209
143	241
143	261
143	265
143	279
143	443
143	506
143	542
143	610
143	681
143	816
143	874
144	365
144	402
144	969
145	208
145	768
146	301
147	338
147	643
148	165
148	273
148	288
148	309
148	380
148	579
148	987
149	642
150	164
150	166
150	293
150	371
150	392
150	494
150	498
150	672
150	934
151	215
151	260
151	517
151	548
151	701
151	721
151	897
152	155
152	173
152	433
153	178
153	199
153	448
154	158
154	218
154	707
155	191
155	316
155	392
155	401
155	455
155	600
155	869
155	977
156	304
156	338
156	457
156	573
156	575
156	625
156	825
156	842
156	850
157	265
157	598
159	160
159	189
159	199
159	315
159	431
159	496
159	582
159	604
159	631
159	680
159	733
159	981
160	191
160	199
160	315
160	496
160	526
160	582
160	664
160	680
160	832
160	838
160	981
161	264
161	417
161	475
161	501
161	503
161	513
161	526
161	586
161	759
161	770
161	787
162	185
162	220
162	229
162	240
162	407
162	473
162	490
162	551
162	559
162	640
162	798
162	903
163	255
163	532
164	166
164	218
164	231
164	288
164	293
164	803
165	308
165	309
165	729
165	873
165	892
166	231
166	233
166	371
166	584
166	613
166	934
167	176
167	259
167	274
167	314
167	467
167	516
167	792
167	929
167	962
168	179
168	202
168	226
168	231
168	248
168	307
168	518
168	540
168	686
168	797
168	895
169	188
169	218
169	241
169	282
169	285
169	302
169	379
169	546
169	774
169	778
169	793
169	841
170	219
170	258
170	363
170	368
170	462
170	601
170	678
170	704
170	727
170	848
171	210
171	253
171	290
171	452
171	471
171	493
171	527
171	621
171	809
171	822
172	306
172	426
172	473
172	613
173	343
174	208
174	525
175	212
175	213
175	266
175	408
175	415
175	808
175	954
176	217
176	259
176	274
176	314
176	467
176	516
176	649
176	929
176	962
177	181
177	567
178	315
178	410
178	549
178	914
179	202
179	226
179	307
179	401
179	540
179	797
179	823
179	881
179	895
180	280
180	392
180	401
180	504
180	562
180	943
180	977
181	222
181	242
181	330
181	353
181	372
181	746
181	766
181	849
181	953
182	183
182	298
182	521
182	564
182	744
182	799
182	875
182	887
182	900
183	379
183	422
183	521
183	564
183	668
183	744
183	798
183	914
184	190
184	198
184	212
184	258
184	666
185	195
185	198
185	229
185	240
185	407
185	490
185	551
185	559
185	640
185	798
186	203
186	312
186	334
186	391
186	470
186	474
186	528
186	609
186	671
186	757
187	208
188	282
188	285
188	302
188	451
188	546
188	774
188	778
188	826
188	902
190	266
190	359
191	280
191	316
191	480
191	562
191	943
191	990
192	342
192	670
193	206
193	248
193	431
193	588
193	620
193	702
193	745
193	859
194	207
194	272
194	297
194	385
194	534
194	933
194	937
195	287
195	354
195	366
195	396
195	513
195	536
195	554
195	568
195	630
195	789
195	895
196	244
196	257
196	300
196	310
196	377
196	504
196	525
196	596
196	696
196	728
197	254
197	539
197	553
197	565
197	580
197	590
197	625
197	639
197	828
197	862
197	889
198	203
198	336
198	408
199	315
199	582
199	604
199	631
199	664
199	680
199	733
199	753
200	225
200	238
200	254
200	585
200	614
200	641
200	754
200	845
200	946
201	253
201	256
201	292
201	343
201	420
201	428
201	467
201	510
201	665
201	716
201	762
201	998
202	307
202	430
202	492
202	518
202	547
202	555
202	686
202	881
202	890
203	312
203	334
203	470
203	474
203	618
203	671
203	780
203	935
204	245
204	415
204	468
204	515
204	579
204	755
204	759
204	891
204	978
205	215
205	260
205	360
205	416
205	425
205	563
205	701
206	248
206	283
206	588
206	620
206	702
206	745
206	776
207	272
207	381
207	405
207	456
207	700
207	723
207	802
208	833
208	921
209	241
209	261
209	265
209	279
209	328
209	506
209	703
209	816
209	874
210	253
210	290
210	471
210	527
210	713
210	809
210	822
211	497
211	762
212	347
212	415
212	845
212	939
213	317
213	323
213	367
213	373
213	484
213	725
213	883
213	958
214	632
214	909
215	260
215	374
215	427
215	897
216	255
216	296
216	358
216	388
216	463
216	519
216	623
216	712
216	738
216	884
217	263
217	391
217	561
217	709
217	740
217	788
217	877
217	902
217	941
219	258
219	335
219	363
219	368
219	512
219	711
219	727
219	734
219	848
219	886
220	282
220	346
220	359
220	383
220	468
220	726
220	901
220	978
221	451
221	458
221	471
221	499
221	637
221	687
221	856
221	893
221	936
222	242
222	330
222	353
222	400
222	746
222	953
223	843
224	375
224	406
224	510
224	560
224	659
224	743
224	827
224	955
224	992
225	240
225	344
225	523
225	557
225	684
225	946
225	961
226	430
226	432
226	440
226	518
226	540
226	555
226	890
227	311
227	339
227	340
227	384
227	399
227	445
227	477
227	660
227	966
227	973
228	527
228	588
228	816
229	237
229	240
229	420
229	473
229	490
229	551
229	559
229	776
229	798
230	233
230	419
230	440
230	632
230	840
230	878
230	976
231	371
231	494
231	913
232	357
232	382
232	509
233	281
233	440
233	632
233	656
233	828
233	878
233	976
234	445
234	758
235	324
235	842
236	751
237	262
238	250
238	387
238	443
238	464
238	483
238	578
238	711
238	876
239	398
240	375
240	473
240	490
240	551
240	640
240	736
241	261
241	265
241	279
241	542
241	681
242	338
242	400
242	502
242	732
242	784
242	908
243	349
243	424
243	444
243	472
243	691
243	693
243	737
243	819
243	856
244	257
244	300
244	313
244	504
244	525
244	903
245	346
245	383
245	515
245	891
245	896
246	326
246	387
246	464
246	483
246	627
246	711
246	876
246	906
247	271
247	437
247	535
248	283
248	431
248	442
248	447
248	620
248	859
249	355
249	411
249	486
249	487
249	518
249	545
249	547
249	589
249	649
249	791
250	394
251	270
251	543
252	291
252	719
253	290
253	471
253	527
253	621
253	713
253	809
254	541
254	553
254	590
254	639
254	892
254	918
254	968
255	358
255	466
255	482
255	623
255	670
255	679
255	738
256	292
256	329
256	428
256	489
256	571
256	602
256	665
257	300
257	313
257	504
257	525
257	903
258	462
258	512
258	601
258	734
258	820
258	848
259	274
259	314
259	516
259	649
259	792
259	929
260	348
260	809
261	265
261	279
261	328
261	506
261	529
261	542
261	873
263	391
263	709
263	740
263	788
263	794
263	851
263	941
264	269
264	319
264	417
264	501
264	513
264	787
264	882
265	279
265	506
265	542
265	610
266	378
266	634
268	356
269	417
269	475
269	501
269	526
269	724
269	871
269	942
270	777
270	995
271	497
271	535
271	768
272	297
272	385
272	423
272	619
272	700
273	308
273	507
274	314
274	333
274	467
274	516
274	792
275	286
275	436
275	646
275	682
275	814
275	921
275	944
276	278
276	331
276	593
276	647
276	677
277	324
277	346
277	468
277	515
277	690
277	726
278	331
278	421
278	813
278	831
278	917
278	949
279	328
279	449
279	681
279	950
280	306
280	316
281	284
281	374
281	481
281	656
281	847
281	878
281	976
282	285
282	450
282	774
282	826
282	841
282	902
283	442
283	588
283	702
283	776
284	419
284	481
284	674
284	713
284	871
284	913
285	302
285	546
285	778
285	793
285	863
286	393
286	436
286	646
286	814
286	815
286	944
286	969
287	390
287	447
287	563
287	568
287	630
287	736
287	789
287	872
288	293
288	745
289	320
289	376
289	657
289	898
289	904
289	982
289	991
290	417
290	493
290	527
290	621
290	765
290	962
291	555
292	329
292	428
292	489
292	505
292	571
292	762
293	498
293	906
294	612
294	650
294	967
295	663
295	807
295	951
296	358
296	388
296	463
296	466
296	482
296	738
297	385
297	395
297	456
297	925
298	379
298	422
298	564
298	601
298	782
298	900
299	357
299	748
299	863
299	996
300	313
300	329
300	865
300	915
301	348
301	425
302	546
302	826
302	841
302	902
303	335
303	412
303	453
303	532
303	619
303	631
303	675
303	697
303	870
304	309
304	338
304	457
304	842
304	850
305	399
305	460
305	784
307	432
307	439
307	612
307	797
307	881
308	348
308	763
309	591
309	873
310	389
310	533
310	629
310	795
310	811
310	879
311	340
311	384
311	445
311	706
311	905
312	334
312	342
312	416
312	528
312	780
313	419
313	596
313	696
314	649
314	962
315	604
315	608
315	631
315	680
317	323
317	367
317	484
317	883
317	997
318	775
319	488
319	840
320	376
320	590
320	657
320	668
320	674
320	817
320	940
322	454
322	580
323	367
323	373
323	649
323	725
323	997
325	333
325	435
325	491
325	566
325	658
325	751
325	932
326	418
326	464
326	483
326	627
326	906
326	910
327	513
328	542
328	590
328	610
328	681
329	343
329	428
329	602
329	616
330	353
330	592
330	752
330	908
331	439
331	520
331	593
332	349
332	822
333	435
333	491
333	658
333	932
333	956
334	618
334	648
334	667
334	930
335	403
335	412
335	532
335	749
335	779
336	351
337	375
338	572
338	912
339	340
339	399
339	445
339	660
339	966
340	491
340	660
340	706
340	905
341	345
341	522
343	420
343	861
343	965
343	998
344	402
344	523
344	608
344	986
345	461
346	383
346	919
347	389
347	703
347	723
347	795
347	806
347	811
347	879
348	721
349	424
349	444
349	472
349	508
349	737
350	385
350	635
350	829
351	456
351	485
351	486
351	547
351	589
351	791
351	794
353	400
353	752
353	849
354	396
354	447
354	536
354	554
354	683
355	411
355	487
355	545
355	589
355	948
357	830
358	359
358	388
358	482
358	623
360	427
360	441
360	575
360	897
361	463
361	999
362	657
363	462
363	512
363	531
363	727
363	886
364	805
365	613
366	396
366	554
366	645
366	683
366	736
366	881
367	373
367	725
367	958
368	462
368	512
368	678
368	886
371	696
372	676
373	484
373	933
373	997
374	785
374	936
375	529
375	577
375	659
375	743
376	657
376	817
376	904
376	908
376	991
377	804
379	521
379	744
379	1000
383	754
384	445
384	650
384	706
384	905
385	802
386	743
387	443
387	464
387	876
388	463
388	466
388	670
389	629
389	703
389	773
389	879
390	771
391	851
391	877
391	941
392	480
392	626
392	869
393	682
393	814
393	921
393	969
395	423
395	689
396	610
396	683
396	872
397	570
398	449
398	488
399	445
399	660
399	973
400	732
400	766
401	741
402	523
402	608
402	938
403	453
403	619
403	697
403	728
403	769
403	852
405	423
405	456
405	534
405	581
405	925
406	450
406	529
406	659
406	899
407	473
407	498
407	551
407	640
408	889
409	587
410	924
411	486
411	487
411	791
411	794
412	532
412	675
412	852
413	434
414	952
415	572
416	609
416	648
416	667
416	671
417	513
417	586
417	786
418	534
418	581
418	689
418	925
418	947
419	481
419	656
419	787
420	489
420	571
420	665
422	564
422	887
423	483
423	723
424	444
424	472
424	606
424	607
425	558
425	577
427	441
427	706
428	665
428	965
429	638
429	755
430	432
430	555
430	890
431	791
431	859
431	963
432	540
432	570
432	612
434	693
435	658
435	751
435	932
436	646
436	682
436	969
437	470
437	985
439	520
439	677
439	813
439	1000
440	840
440	871
442	702
442	766
442	963
443	578
443	710
443	910
444	508
444	686
444	691
444	712
445	609
447	568
447	736
447	789
448	586
450	577
450	743
450	955
450	992
451	458
451	499
451	637
451	870
453	532
453	679
453	749
454	626
456	581
457	572
457	851
458	499
458	637
458	870
459	549
459	605
460	983
461	633
462	601
463	670
463	712
464	711
466	482
466	712
466	879
467	516
467	685
470	648
470	780
471	493
472	607
472	737
474	618
474	935
475	526
475	586
475	786
476	621
478	891
480	495
480	731
481	840
482	670
483	627
483	710
484	883
484	958
485	486
485	545
485	547
486	948
487	794
488	553
489	861
490	735
491	566
491	760
493	621
495	537
495	599
495	652
495	705
495	764
496	838
496	981
497	576
498	584
499	687
499	936
500	554
501	759
501	880
504	915
505	537
505	587
505	764
505	820
505	986
506	816
506	855
507	661
508	593
508	607
508	691
509	972
510	804
510	827
510	899
512	678
513	759
517	606
518	895
520	540
520	560
520	677
521	668
524	923
525	865
526	882
528	609
528	618
529	804
529	955
530	746
531	894
533	629
533	703
533	795
534	947
536	554
536	595
536	645
537	587
537	597
537	652
538	810
539	580
539	622
539	805
539	918
540	686
541	639
541	828
541	918
542	700
544	773
545	547
545	739
546	793
547	552
552	615
553	805
553	892
555	823
557	769
557	845
558	893
559	581
560	647
560	831
561	740
561	788
561	877
562	681
566	658
566	956
567	592
567	624
567	855
567	922
568	683
568	839
571	716
573	597
574	825
575	885
577	804
578	910
579	690
579	888
580	916
584	662
585	899
587	597
587	705
589	948
590	968
592	594
592	708
592	714
593	1000
594	714
594	855
594	898
596	947
597	652
597	990
601	704
602	616
602	762
604	664
607	693
608	614
610	874
611	624
611	992
612	750
612	823
616	716
616	965
619	697
619	749
622	937
624	922
624	975
625	828
625	892
625	916
629	806
630	645
630	872
631	733
632	913
634	837
635	925
637	870
639	642
641	769
641	946
642	805
642	889
642	968
646	944
647	989
652	820
654	928
656	709
657	991
658	940
659	899
660	695
662	747
663	912
664	838
667	671
667	757
668	980
674	904
674	982
675	679
676	829
678	704
679	779
682	921
686	859
687	841
687	893
688	896
689	721
689	933
691	693
696	728
697	836
698	974
700	844
703	900
704	734
705	790
705	820
705	990
708	764
708	855
708	894
709	851
710	906
713	765
714	894
716	844
720	779
724	770
724	950
729	752
734	788
740	827
751	760
754	845
756	789
757	935
760	956
764	990
765	822
765	963
770	923
778	793
779	836
782	900
784	984
786	837
786	867
787	923
801	971
806	811
813	830
817	836
817	940
827	992
831	987
836	852
837	882
837	950
843	858
854	998
856	893
856	936
857	943
861	998
862	889
862	916
865	886
875	914
894	975
898	940
898	982
908	984
917	949
917	989
922	975
923	942
942	950
944	973
966	973
