1	2
1	5
1	6
1	7
1	8
1	9
1	10
1	11
1	14
1	23
1	24
1	26
1	40
1	53
1	54
1	66
1	74
1	78
1	86
1	91
1	99
1	111
1	112
1	119
1	125
1	129
1	131
1	143
1	173
1	176
1	187
1	204
1	220
1	227
1	234
1	238
1	240
1	248
1	256
1	277
1	280
1	286
1	296
1	316
1	330
1	343
1	347
1	350
1	351
1	398
1	400
1	430
1	448
1	453
1	469
1	482
1	485
1	495
1	507
1	517
1	518
1	548
1	566
1	580
1	594
1	600
1	619
1	630
1	642
1	656
1	672
1	691
1	712
1	739
1	747
1	762
1	768
1	802
1	808
1	834
1	835
1	873
1	876
1	893
2	5
2	6
2	7
2	9
2	10
2	11
2	22
2	24
2	26
2	32
2	50
2	53
2	55
2	59
2	66
2	74
2	78
2	86
2	91
2	99
2	112
2	117
2	119
2	125
2	129
2	131
2	133
2	137
2	143
2	166
2	167
2	173
2	176
2	180
2	187
2	204
2	212
2	220
2	227
2	234
2	238
2	269
2	277
2	280
2	286
2	295
2	296
2	305
2	316
2	347
2	350
2	398
2	400
2	448
2	469
2	474
2	482
2	495
2	518
2	566
2	567
2	594
2	602
2	644
2	661
2	672
2	691
2	699
2	712
2	722
2	729
2	747
2	762
2	768
2	787
2	834
2	876
2	936
2	988
2	1000
3	4
3	7
3	8
3	11
3	17
3	20
3	21
3	23
3	32
3	42
3	45
3	49
3	53
3	62
3	65
3	73
3	84
3	89
3	96
3	108
3	116
3	123
3	128
3	135
3	157
3	179
3	186
3	212
3	222
3	233
3	247
3	270
3	317
3	324
3	327
3	361
3	370
3	371
3	373
3	374
3	379
3	404
3	406
3	428
3	491
3	494
3	511
3	554
3	573
3	621
3	676
3	695
3	706
3	756
3	779
3	816
3	856
3	868
3	873
3	887
3	931
3	950
3	961
3	973
3	991
4	5
4	12
4	13
4	15
4	16
4	19
4	28
4	30
4	36
4	37
4	63
4	71
4	83
4	92
4	102
4	106
4	123
4	173
4	186
4	191
4	224
4	225
4	230
4	235
4	239
4	257
4	283
4	294
4	311
4	339
4	369
4	376
4	389
4	438
4	443
4	466
4	485
4	497
4	501
4	526
4	538
4	573
4	591
4	595
4	633
4	642
4	653
4	658
4	660
4	711
4	735
4	763
4	773
4	783
4	825
4	853
4	869
4	890
4	925
4	939
4	946
4	967
4	989
5	6
5	8
5	9
5	10
5	11
5	19
5	24
5	26
5	53
5	57
5	66
5	69
5	74
5	78
5	86
5	91
5	99
5	109
5	112
5	117
5	119
5	120
5	125
5	131
5	143
5	173
5	176
5	220
5	227
5	234
5	238
5	286
5	296
5	316
5	317
5	320
5	347
5	393
5	398
5	400
5	474
5	482
5	518
5	528
5	538
5	594
5	600
5	602
5	660
5	663
5	712
5	713
5	717
5	722
5	732
5	751
5	762
5	768
5	802
5	893
6	9
6	10
6	11
6	15
6	16
6	19
6	24
6	51
6	53
6	64
6	66
6	71
6	73
6	74
6	78
6	80
6	86
6	91
6	99
6	112
6	117
6	119
6	125
6	130
6	143
6	176
6	187
6	204
6	220
6	227
6	238
6	277
6	306
6	430
6	453
6	517
6	566
6	580
6	594
6	600
6	656
6	661
6	722
6	732
6	753
6	808
6	815
6	879
6	888
6	977
6	983
6	988
7	8
7	21
7	23
7	27
7	32
7	42
7	49
7	62
7	65
7	68
7	73
7	83
7	84
7	89
7	102
7	116
7	128
7	135
7	162
7	175
7	179
7	212
7	222
7	247
7	317
7	327
7	341
7	353
7	361
7	379
7	404
7	428
7	451
7	459
7	491
7	494
7	554
7	591
7	621
7	674
7	700
7	706
7	816
7	821
7	822
7	851
7	856
7	887
7	905
7	973
8	9
8	21
8	23
8	32
8	42
8	47
8	49
8	62
8	65
8	73
8	84
8	89
8	109
8	116
8	128
8	142
8	162
8	179
8	184
8	200
8	201
8	222
8	247
8	266
8	270
8	317
8	324
8	327
8	370
8	371
8	373
8	379
8	404
8	428
8	471
8	482
8	491
8	554
8	706
8	714
8	742
8	756
8	851
8	873
8	887
8	905
8	973
8	976
9	10
9	11
9	24
9	26
9	29
9	53
9	66
9	78
9	86
9	91
9	98
9	99
9	112
9	117
9	125
9	173
9	176
9	187
9	204
9	220
9	227
9	277
9	280
9	286
9	289
9	308
9	316
9	355
9	384
9	430
9	453
9	469
9	495
9	580
9	600
9	619
9	656
9	662
9	665
9	817
9	826
9	857
9	879
9	893
9	977
9	1000
10	11
10	20
10	24
10	26
10	40
10	53
10	66
10	74
10	78
10	86
10	91
10	99
10	104
10	110
10	112
10	114
10	117
10	125
10	131
10	132
10	143
10	173
10	188
10	190
10	204
10	217
10	227
10	277
10	347
10	398
10	448
10	474
10	517
10	561
10	602
10	699
10	751
10	753
10	775
10	807
10	808
10	857
10	876
10	879
11	12
11	24
11	26
11	35
11	39
11	53
11	66
11	74
11	77
11	78
11	86
11	91
11	99
11	112
11	117
11	119
11	125
11	131
11	143
11	153
11	176
11	187
11	204
11	206
11	234
11	238
11	280
11	286
11	316
11	336
11	372
11	400
11	440
11	469
11	516
11	580
11	619
11	672
11	732
11	753
11	802
11	965
12	13
12	15
12	16
12	19
12	28
12	33
12	36
12	37
12	41
12	44
12	63
12	83
12	89
12	108
12	118
12	147
12	180
12	191
12	224
12	225
12	230
12	235
12	239
12	257
12	268
12	294
12	311
12	376
12	399
12	485
12	526
12	583
12	653
12	660
12	662
12	672
12	701
12	773
12	793
12	853
12	890
12	927
12	945
12	967
12	989
13	15
13	16
13	19
13	25
13	28
13	30
13	31
13	36
13	37
13	58
13	63
13	70
13	83
13	138
13	186
13	191
13	194
13	224
13	230
13	235
13	239
13	257
13	283
13	294
13	339
13	369
13	378
13	388
13	391
13	399
13	432
13	501
13	513
13	559
13	658
13	660
13	662
13	711
13	731
13	735
13	925
13	939
13	945
13	972
14	20
14	36
14	44
14	51
14	58
14	61
14	69
14	71
14	96
14	103
14	109
14	110
14	121
14	140
14	158
14	161
14	185
14	207
14	281
14	340
14	409
14	479
14	504
14	523
14	550
14	595
14	605
14	609
14	630
14	646
14	678
14	689
14	690
14	692
14	766
14	778
14	785
14	803
14	836
14	915
14	957
14	964
14	978
15	16
15	19
15	28
15	36
15	37
15	50
15	63
15	83
15	85
15	128
15	186
15	191
15	218
15	224
15	235
15	239
15	257
15	299
15	311
15	339
15	369
15	376
15	388
15	438
15	485
15	497
15	552
15	560
15	653
15	735
15	743
15	763
15	793
15	820
15	939
15	946
15	972
15	994
16	19
16	28
16	36
16	37
16	39
16	58
16	63
16	83
16	98
16	147
16	153
16	183
16	186
16	191
16	224
16	225
16	230
16	239
16	319
16	339
16	485
16	497
16	501
16	519
16	552
16	573
16	591
16	632
16	658
16	711
16	773
16	783
16	869
16	927
16	945
16	972
17	23
17	25
17	28
17	31
17	35
17	43
17	86
17	116
17	154
17	196
17	259
17	263
17	305
17	323
17	332
17	368
17	395
17	402
17	455
17	461
17	467
17	468
17	549
17	596
17	628
17	640
17	652
17	673
17	685
17	688
17	716
17	740
17	757
17	846
17	871
17	884
17	895
17	896
17	948
17	986
18	33
18	37
18	88
18	96
18	100
18	118
18	129
18	147
18	295
18	296
18	301
18	319
18	320
18	330
18	342
18	345
18	382
18	408
18	418
18	419
18	427
18	520
18	550
18	557
18	586
18	587
18	588
18	624
18	683
18	706
18	710
18	731
18	742
18	791
18	800
18	827
18	847
18	849
18	944
18	954
19	26
19	28
19	36
19	37
19	60
19	63
19	78
19	83
19	216
19	225
19	230
19	235
19	239
19	270
19	283
19	285
19	294
19	376
19	399
19	501
19	548
19	552
19	573
19	591
19	633
19	662
19	763
19	793
19	869
19	927
19	967
19	969
20	51
20	61
20	69
20	71
20	103
20	110
20	121
20	140
20	147
20	161
20	185
20	193
20	205
20	281
20	362
20	407
20	409
20	504
20	523
20	568
20	576
20	587
20	595
20	605
20	609
20	630
20	646
20	678
20	689
20	692
20	749
20	778
20	823
20	836
20	915
20	957
21	23
21	32
21	42
21	62
21	65
21	73
21	84
21	89
21	116
21	128
21	135
21	198
21	200
21	212
21	220
21	232
21	311
21	318
21	324
21	341
21	361
21	370
21	371
21	463
21	494
21	501
21	507
21	520
21	571
21	646
21	714
21	816
21	856
21	931
21	961
22	29
22	34
22	43
22	48
22	55
22	56
22	87
22	88
22	113
22	240
22	264
22	270
22	304
22	331
22	389
22	391
22	394
22	443
22	446
22	456
22	460
22	477
22	488
22	569
22	584
22	590
22	606
22	651
22	666
22	671
22	708
22	774
22	824
22	908
22	983
22	998
23	32
23	42
23	65
23	68
23	73
23	103
23	116
23	128
23	135
23	179
23	200
23	214
23	237
23	247
23	265
23	270
23	341
23	361
23	373
23	396
23	428
23	451
23	494
23	676
23	715
23	733
23	779
23	789
23	851
23	868
24	26
24	48
24	49
24	53
24	74
24	78
24	99
24	117
24	123
24	127
24	143
24	150
24	173
24	186
24	204
24	220
24	227
24	234
24	286
24	316
24	347
24	361
24	430
24	453
24	518
24	747
24	901
24	922
24	977
25	31
25	35
25	72
25	131
25	154
25	160
25	259
25	305
25	323
25	332
25	338
25	368
25	390
25	395
25	455
25	464
25	468
25	496
25	596
25	652
25	685
25	688
25	708
25	740
25	871
25	884
25	894
25	895
25	941
25	947
25	948
25	985
25	999
26	34
26	66
26	74
26	77
26	78
26	86
26	91
26	99
26	117
26	119
26	125
26	143
26	183
26	204
26	211
26	254
26	280
26	296
26	341
26	347
26	350
26	369
26	469
26	661
26	691
26	920
27	39
27	41
27	46
27	50
27	57
27	59
27	97
27	98
27	148
27	152
27	206
27	256
27	291
27	309
27	315
27	354
27	357
27	368
27	553
27	561
27	582
27	649
27	687
27	737
27	764
27	859
27	864
27	874
27	917
27	930
27	942
27	987
27	994
28	36
28	37
28	63
28	83
28	85
28	155
28	156
28	186
28	224
28	235
28	292
28	311
28	339
28	388
28	399
28	487
28	526
28	559
28	583
28	633
28	783
28	795
28	802
28	843
28	890
28	946
29	34
29	43
29	48
29	55
29	56
29	87
29	113
29	199
29	240
29	250
29	304
29	389
29	391
29	394
29	401
29	440
29	477
29	488
29	514
29	590
29	606
29	651
29	664
29	666
29	736
29	774
29	783
29	876
29	885
29	908
29	909
30	44
30	60
30	70
30	79
30	106
30	153
30	193
30	241
30	303
30	405
30	410
30	415
30	427
30	457
30	465
30	466
30	480
30	493
30	512
30	549
30	575
30	601
30	623
30	697
30	786
30	796
30	814
30	818
30	881
30	985
31	35
31	56
31	76
31	90
31	99
31	154
31	259
31	305
31	323
31	368
31	395
31	455
31	461
31	464
31	468
31	570
31	596
31	628
31	640
31	652
31	673
31	681
31	698
31	716
31	846
31	884
31	895
31	941
31	999
32	42
32	49
32	65
32	73
32	79
32	135
32	162
32	174
32	200
32	247
32	269
32	341
32	370
32	371
32	396
32	406
32	417
32	428
32	491
32	714
32	733
32	779
32	873
32	940
32	963
32	991
33	53
33	88
33	96
33	100
33	118
33	129
33	135
33	147
33	221
33	294
33	295
33	319
33	330
33	345
33	382
33	418
33	427
33	520
33	550
33	557
33	586
33	624
33	683
33	731
33	742
33	790
33	832
33	954
34	43
34	55
34	56
34	66
34	87
34	113
34	193
34	287
34	304
34	327
34	331
34	389
34	394
34	443
34	473
34	477
34	542
34	543
34	569
34	584
34	606
34	664
34	666
34	760
34	774
34	908
34	983
35	154
35	205
35	259
35	297
35	318
35	323
35	332
35	368
35	395
35	461
35	464
35	468
35	496
35	596
35	673
35	688
35	715
35	720
35	757
35	797
35	871
35	941
35	947
35	948
35	986
36	37
36	47
36	49
36	53
36	63
36	77
36	83
36	113
36	191
36	230
36	376
36	388
36	497
36	515
36	526
36	560
36	633
36	653
36	853
36	925
37	62
37	63
37	83
37	225
37	235
37	252
37	258
37	294
37	339
37	369
37	399
37	476
37	538
37	552
37	559
37	560
37	583
37	918
37	987
38	41
38	46
38	67
38	107
38	133
38	160
38	165
38	178
38	191
38	245
38	261
38	281
38	308
38	318
38	320
38	352
38	353
38	439
38	442
38	459
38	467
38	531
38	645
38	675
38	709
38	728
38	901
38	968
39	50
39	56
39	57
39	59
39	89
39	98
39	148
39	152
39	168
39	206
39	309
39	315
39	354
39	357
39	553
39	582
39	643
39	649
39	660
39	769
39	917
39	924
39	930
39	994
40	48
40	52
40	70
40	82
40	86
40	105
40	111
40	123
40	139
40	163
40	172
40	176
40	207
40	228
40	356
40	434
40	437
40	446
40	515
40	527
40	694
40	804
40	841
40	898
41	67
41	91
41	96
41	107
41	133
41	165
41	261
41	308
41	318
41	320
41	351
41	352
41	353
41	422
41	442
41	459
41	465
41	467
41	645
41	675
41	709
41	901
41	968
42	49
42	54
42	62
42	65
42	84
42	89
42	94
42	116
42	128
42	135
42	179
42	222
42	227
42	244
42	270
42	323
42	327
42	451
42	733
42	860
43	55
43	56
43	87
43	113
43	240
43	304
43	331
43	385
43	391
43	425
43	440
43	443
43	477
43	560
43	569
43	606
43	640
43	651
43	664
43	860
43	909
43	955
44	45
44	60
44	79
44	106
44	153
44	193
44	280
44	303
44	366
44	405
44	410
44	415
44	465
44	492
44	493
44	512
44	530
44	559
44	697
44	796
44	814
44	864
44	966
45	46
45	76
45	80
45	94
45	125
45	134
45	157
45	185
45	198
45	251
45	262
45	284
45	373
45	433
45	507
45	519
45	618
45	625
45	671
45	761
45	854
45	855
45	870
45	960
46	76
46	80
46	94
46	112
46	157
46	198
46	251
46	262
46	433
46	439
46	504
46	507
46	519
46	539
46	618
46	671
46	684
46	745
46	761
46	786
46	855
46	960
46	968
47	54
47	77
47	85
47	122
47	126
47	168
47	263
47	265
47	313
47	359
47	378
47	394
47	424
47	429
47	449
47	489
47	589
47	599
47	689
47	776
47	788
47	865
47	958
48	52
48	70
48	103
48	105
48	111
48	123
48	139
48	146
48	154
48	172
48	207
48	226
48	422
48	437
48	438
48	515
48	527
48	694
48	696
48	701
48	804
49	62
49	65
49	67
49	84
49	93
49	114
49	128
49	162
49	179
49	222
49	247
49	324
49	327
49	404
49	463
49	900
49	961
50	57
50	59
50	98
50	111
50	122
50	148
50	152
50	198
50	224
50	315
50	354
50	357
50	553
50	561
50	649
50	920
50	921
50	972
50	984
50	994
51	61
51	69
51	71
51	89
51	103
51	110
51	121
51	140
51	181
51	197
51	302
51	479
51	504
51	568
51	595
51	605
51	630
51	736
51	766
51	785
51	912
52	70
52	76
52	105
52	111
52	123
52	156
52	172
52	207
52	234
52	334
52	356
52	362
52	437
52	446
52	473
52	483
52	553
52	643
52	694
52	701
52	841
52	906
53	125
53	173
53	176
53	187
53	238
53	286
53	296
53	499
53	517
53	518
53	758
53	926
54	77
54	85
54	117
54	126
54	142
54	149
54	168
54	176
54	265
54	313
54	424
54	449
54	489
54	512
54	589
54	599
54	727
54	776
54	788
54	865
55	56
55	57
55	113
55	186
55	189
55	240
55	264
55	389
55	391
55	394
55	440
55	488
55	543
55	590
55	708
55	824
55	860
55	909
56	61
56	87
56	113
56	240
56	276
56	304
56	331
56	394
56	443
56	470
56	584
56	719
56	736
56	760
56	885
56	998
57	59
57	98
57	124
57	148
57	152
57	206
57	309
57	315
57	357
57	457
57	484
57	553
57	575
57	769
57	859
57	942
57	984
57	987
58	72
58	75
58	92
58	102
58	104
58	114
58	155
58	215
58	268
58	387
58	409
58	447
58	460
58	478
58	562
58	892
58	919
58	931
58	953
59	63
59	98
59	148
59	152
59	180
59	243
59	309
59	315
59	354
59	357
59	510
59	561
59	582
59	764
59	769
59	921
59	930
60	106
60	126
60	153
60	193
60	241
60	311
60	410
60	413
60	415
60	465
60	480
60	493
60	512
60	530
60	549
60	580
60	601
60	697
60	881
61	69
61	71
61	103
61	110
61	121
61	140
61	161
61	185
61	242
61	281
61	464
61	678
61	690
61	744
61	836
61	863
61	912
61	957
62	65
62	84
62	89
62	90
62	116
62	135
62	162
62	222
62	324
62	373
62	463
62	510
62	715
62	788
63	88
63	94
63	107
63	191
63	257
63	283
63	284
63	294
63	538
63	563
63	662
64	129
64	138
64	242
64	253
64	324
64	343
64	346
64	387
64	421
64	484
64	502
64	589
64	607
64	610
64	703
64	726
64	797
64	821
64	825
64	838
65	84
65	89
65	135
65	162
65	197
65	278
65	373
65	406
65	523
65	606
65	676
65	761
66	74
66	75
66	91
66	109
66	112
66	119
66	255
66	299
66	537
66	619
66	699
66	1000
67	107
67	133
67	139
67	166
67	170
67	178
67	245
67	261
67	308
67	318
67	320
67	353
67	442
67	459
67	645
67	659
67	675
67	804
68	130
68	166
68	170
68	177
68	367
68	372
68	426
68	481
68	497
68	508
68	525
68	581
68	638
68	746
68	833
68	848
68	877
68	911
68	923
69	71
69	93
69	103
69	110
69	121
69	131
69	342
69	409
69	504
69	523
69	568
69	587
69	678
69	689
69	704
69	863
70	105
70	111
70	123
70	207
70	226
70	334
70	362
70	364
70	415
70	434
70	446
70	473
70	569
70	696
70	877
70	883
71	75
71	103
71	108
71	110
71	140
71	159
71	161
71	568
71	587
71	595
71	609
71	646
71	803
72	75
72	91
72	92
72	100
72	102
72	104
72	105
72	114
72	215
72	268
72	371
72	387
72	447
72	478
72	533
72	670
72	910
72	954
73	122
73	135
73	179
73	212
73	370
73	463
73	571
73	621
73	700
73	715
73	916
73	950
73	966
74	98
74	99
74	131
74	177
74	187
74	239
74	363
74	517
74	738
74	857
74	988
75	92
75	102
75	104
75	114
75	119
75	149
75	215
75	268
75	387
75	447
75	478
75	533
75	653
75	670
75	810
75	892
76	80
76	94
76	157
76	198
76	251
76	262
76	433
76	439
76	519
76	539
76	659
76	839
76	855
76	870
76	933
76	991
77	85
77	126
77	168
77	173
77	265
77	313
77	378
77	424
77	429
77	449
77	489
77	589
77	809
77	924
78	99
78	125
78	161
78	277
78	474
78	656
78	688
78	829
78	882
79	106
79	153
79	193
79	241
79	303
79	405
79	415
79	464
79	512
79	530
79	585
79	638
79	818
79	864
79	903
79	985
80	85
80	94
80	157
80	198
80	244
80	251
80	262
80	400
80	418
80	433
80	439
80	539
80	604
80	625
80	854
81	146
81	167
81	196
81	258
81	285
81	336
81	363
81	442
81	456
81	461
81	545
81	654
81	713
81	750
81	800
81	831
81	878
81	896
81	955
82	108
82	137
82	141
82	142
82	159
82	197
82	226
82	252
82	264
82	307
82	312
82	494
82	540
82	607
82	655
82	724
82	749
82	993
83	179
83	186
83	230
83	257
83	311
83	317
83	573
83	582
83	591
84	89
84	161
84	162
84	187
84	247
84	302
84	406
84	494
84	700
84	887
84	927
85	126
85	168
85	265
85	280
85	381
85	424
85	429
85	449
85	727
85	776
85	788
85	865
85	924
86	143
86	187
86	300
86	350
86	448
86	474
86	528
86	942
87	113
87	182
87	240
87	392
87	440
87	461
87	486
87	584
87	651
87	666
87	708
87	736
87	860
88	96
88	118
88	129
88	136
88	168
88	319
88	382
88	408
88	419
88	586
88	596
88	791
88	827
88	847
89	116
89	200
89	334
89	341
89	379
89	571
89	594
90	93
90	122
90	163
90	201
90	210
90	279
90	326
90	364
90	368
90	455
90	486
90	510
90	541
90	616
90	724
90	759
91	131
91	297
91	399
91	453
91	602
91	661
91	849
92	102
92	104
92	114
92	130
92	215
92	268
92	337
92	387
92	448
92	533
92	672
92	751
92	776
92	792
93	98
93	122
93	163
93	201
93	279
93	326
93	453
93	486
93	510
93	532
93	616
93	759
93	941
93	969
94	157
94	198
94	207
94	503
94	507
94	519
94	618
94	665
94	745
94	761
94	960
95	101
95	109
95	133
95	150
95	151
95	216
95	231
95	255
95	263
95	360
95	361
95	639
95	644
95	835
95	926
95	959
95	963
96	100
96	129
96	298
96	330
96	408
96	418
96	419
96	427
96	557
96	849
96	954
97	99
97	120
97	127
97	132
97	210
97	250
97	314
97	349
97	383
97	521
97	579
97	717
97	767
97	826
97	857
97	886
98	152
98	206
98	309
98	354
98	357
98	395
98	920
98	942
99	112
99	119
99	173
99	799
100	118
100	129
100	147
100	168
100	295
100	330
100	522
100	624
100	710
100	735
100	742
100	764
100	944
101	109
101	150
101	151
101	209
101	219
101	223
101	231
101	263
101	360
101	644
101	832
101	852
101	881
101	885
101	959
101	962
102	104
102	105
102	114
102	215
102	267
102	447
102	478
102	533
102	562
102	910
102	919
103	121
103	125
103	140
103	161
103	185
103	388
103	479
103	523
103	867
104	114
104	140
104	162
104	215
104	236
104	268
104	329
104	343
104	387
104	740
104	892
105	111
105	117
105	139
105	172
105	207
105	226
105	356
105	434
105	578
105	701
106	121
106	202
106	241
106	303
106	415
106	480
106	490
106	549
106	575
106	786
106	985
107	133
107	144
107	165
107	178
107	245
107	306
107	318
107	320
107	352
107	470
107	645
107	728
108	137
108	142
108	159
108	195
108	264
108	307
108	312
108	328
108	476
108	540
108	823
108	993
109	150
109	151
109	223
109	231
109	263
109	832
109	835
109	844
109	852
109	963
110	121
110	161
110	185
110	281
110	335
110	406
110	673
110	692
110	912
111	118
111	123
111	139
111	172
111	226
111	356
111	408
111	438
111	883
112	119
112	163
112	176
112	448
112	458
112	793
113	202
113	240
113	331
113	437
113	472
113	488
113	569
113	998
114	215
114	268
114	326
114	387
114	447
114	562
114	586
114	670
115	284
115	340
115	374
115	445
115	509
115	542
115	546
115	558
115	563
115	650
115	667
115	677
115	805
115	949
115	971
116	212
116	270
116	463
116	546
116	770
116	784
117	183
117	196
117	220
117	280
117	398
118	295
118	319
118	345
118	408
118	557
118	683
118	710
118	791
118	808
119	131
119	143
119	157
119	398
119	951
120	127
120	132
120	184
120	210
120	250
120	314
120	383
120	470
120	491
120	579
120	604
120	704
120	717
121	161
121	185
121	285
121	405
121	409
121	630
121	766
122	145
122	163
122	201
122	279
122	326
122	364
122	380
122	486
122	510
122	541
123	139
123	334
123	362
123	437
123	438
123	515
123	527
124	202
124	265
124	302
124	338
124	384
124	393
124	506
124	511
124	613
124	629
124	650
124	721
124	837
124	889
125	167
125	277
125	540
126	265
126	313
126	378
126	393
126	429
126	478
126	489
126	727
126	869
127	132
127	210
127	314
127	383
127	603
127	604
127	668
127	670
127	704
127	767
127	826
128	135
128	162
128	194
128	590
128	782
128	991
129	147
129	215
129	319
129	419
129	427
129	550
130	145
130	203
130	254
130	297
130	321
130	358
130	377
130	598
130	631
130	771
130	850
131	238
131	329
131	495
131	523
132	210
132	250
132	314
132	383
132	470
132	579
132	603
132	604
132	704
132	875
133	165
133	261
133	318
133	320
133	352
133	565
133	659
133	680
134	149
134	160
134	205
134	342
134	385
134	450
134	498
134	547
134	613
134	679
134	695
134	775
134	875
135	286
135	379
135	626
136	138
136	188
136	266
136	309
136	337
136	359
136	423
136	564
136	647
136	810
136	912
136	929
136	951
137	142
137	159
137	197
137	258
137	264
137	307
137	412
137	436
137	655
137	724
137	993
138	242
138	253
138	343
138	421
138	484
138	502
138	607
138	703
138	825
138	838
138	844
139	148
139	172
139	191
139	334
139	434
139	515
139	527
139	635
140	161
140	185
140	350
140	646
140	778
140	871
140	915
141	142
141	195
141	197
141	246
141	307
141	312
141	322
141	476
141	544
141	576
141	618
141	938
142	159
142	197
142	264
142	376
142	540
142	777
142	823
143	162
143	260
143	430
144	155
144	218
144	275
144	281
144	372
144	551
144	574
144	592
144	679
144	794
144	811
144	891
145	203
145	254
145	297
145	321
145	377
145	475
145	598
145	631
145	771
145	819
145	850
146	167
146	196
146	258
146	285
146	363
146	612
146	694
146	709
146	831
146	878
146	896
147	319
147	345
147	408
147	586
147	624
147	849
148	206
148	307
148	315
148	354
148	386
148	764
148	920
149	160
149	205
149	342
149	385
149	491
149	498
149	547
149	637
149	775
149	875
150	151
150	223
150	231
150	263
150	360
150	616
150	637
150	644
150	963
151	152
151	231
151	360
151	391
151	639
151	644
151	814
151	959
151	962
152	309
152	410
152	831
152	859
152	921
152	984
153	193
153	405
153	480
153	485
153	493
153	512
153	861
154	259
154	332
154	395
154	463
154	468
154	516
154	640
154	740
155	218
155	275
155	315
155	372
155	404
155	551
155	574
155	592
155	768
155	891
156	174
156	246
156	267
156	357
156	358
156	521
156	674
156	784
156	787
156	792
156	840
157	198
157	251
157	507
157	592
157	665
157	671
158	200
158	229
158	255
158	260
158	386
158	514
158	585
158	725
158	780
158	795
158	894
158	902
159	188
159	197
159	252
159	307
159	479
159	724
159	777
159	872
160	205
160	385
160	450
160	498
160	547
160	637
160	695
160	722
161	803
161	928
162	371
162	561
163	201
163	246
163	279
163	326
163	364
163	532
163	616
164	184
164	211
164	236
164	269
164	275
164	277
164	299
164	390
164	522
164	565
164	620
164	772
165	261
165	308
165	356
165	459
165	467
165	558
165	718
165	728
166	170
166	177
166	367
166	419
166	426
166	508
166	581
166	627
166	638
167	196
167	205
167	258
167	285
167	363
167	456
167	612
167	654
168	265
168	378
168	424
168	449
168	924
169	214
169	306
169	333
169	381
169	435
169	472
169	475
169	532
169	564
169	634
169	822
169	916
170	177
170	222
170	426
170	525
170	633
170	638
170	833
170	877
170	911
171	195
171	322
171	380
171	397
171	524
171	770
171	790
171	907
171	938
171	940
171	970
171	974
172	260
172	282
172	414
172	422
172	446
172	473
173	350
173	834
174	201
174	246
174	267
174	402
174	492
174	521
174	572
174	674
174	784
174	792
175	278
175	407
175	503
175	535
175	663
175	669
175	820
175	834
175	899
175	918
175	980
176	187
176	609
177	283
177	367
177	481
177	508
177	652
177	848
177	923
178	208
178	245
178	261
178	350
178	371
178	442
178	467
178	659
179	437
179	571
179	945
180	209
180	284
180	414
180	608
180	668
180	813
180	982
180	996
181	230
181	232
181	291
181	292
181	420
181	432
181	493
181	705
181	843
181	958
182	212
182	229
182	260
182	413
182	482
182	483
182	585
182	707
182	725
182	754
183	243
183	375
183	441
183	686
183	718
183	738
183	900
183	928
184	211
184	236
184	299
184	316
184	390
184	522
184	565
184	772
185	198
185	504
185	863
186	191
186	311
187	412
188	233
188	266
188	337
188	423
188	647
188	810
188	889
188	978
189	256
189	417
189	460
189	528
189	743
189	806
189	861
189	867
189	929
189	981
190	194
190	216
190	248
190	577
190	657
190	682
190	691
190	698
190	862
190	975
191	224
192	245
192	288
192	365
192	411
192	509
192	617
192	623
192	681
192	739
192	903
192	1000
193	303
193	405
193	452
193	575
194	199
194	216
194	300
194	546
194	657
194	682
194	895
194	975
195	197
195	202
195	252
195	264
195	312
195	476
195	540
195	544
196	258
196	285
196	654
196	878
196	944
196	955
197	252
197	548
197	678
198	684
198	870
199	216
199	233
199	300
199	577
199	657
199	675
199	698
199	862
199	975
200	222
200	317
200	348
200	404
200	488
201	279
201	364
201	379
201	541
201	969
202	302
202	338
202	384
202	393
202	629
202	642
202	721
203	254
203	293
203	297
203	346
203	358
203	771
203	798
203	850
203	971
204	278
204	399
205	342
205	385
205	450
205	637
206	229
206	582
206	917
206	987
207	356
207	450
207	883
208	274
208	290
208	328
208	335
208	648
208	748
208	952
208	979
208	988
209	284
209	414
209	608
209	614
209	668
209	747
209	813
209	982
210	265
210	314
210	524
210	604
210	767
211	269
211	298
211	299
211	354
211	620
211	730
211	812
212	317
212	697
212	868
213	273
213	276
213	336
213	402
213	465
213	466
213	498
213	755
213	799
213	922
214	333
214	381
214	435
214	475
214	526
214	597
214	822
214	916
215	598
215	919
216	300
216	415
216	546
216	657
216	698
217	282
217	305
217	329
217	397
217	452
217	578
217	845
217	956
217	996
218	275
218	332
218	372
218	592
218	679
218	811
218	891
219	349
219	458
219	516
219	632
219	723
219	866
219	934
219	952
219	953
220	910
220	995
221	233
221	237
221	249
221	444
221	556
221	560
221	570
221	729
221	819
222	327
222	621
223	231
223	242
223	303
223	791
223	835
223	844
223	852
224	283
224	733
225	257
225	283
225	345
225	388
225	880
226	251
226	438
226	554
226	696
226	804
227	400
227	566
228	490
228	588
228	593
228	635
228	693
228	771
228	789
228	829
228	880
229	386
229	413
229	506
229	565
229	754
229	780
229	902
230	434
230	989
231	263
231	830
231	923
231	962
232	253
232	291
232	292
232	529
232	705
232	842
232	843
232	958
233	237
233	249
233	444
233	556
233	687
233	819
234	273
234	296
234	482
234	700
235	310
235	505
235	658
236	298
236	299
236	390
236	431
236	730
236	812
236	939
237	249
237	444
237	458
237	570
237	687
237	729
237	948
238	435
238	535
238	566
239	369
239	459
239	961
240	559
240	723
241	312
241	765
241	796
241	814
241	966
241	992
242	253
242	346
242	502
242	610
242	936
243	375
243	567
243	686
243	714
243	718
243	738
243	900
244	301
244	355
244	454
244	499
244	757
244	897
244	997
245	352
245	575
245	655
245	901
246	267
246	521
246	572
246	787
246	858
247	522
247	692
248	255
248	412
248	511
248	734
248	815
248	817
248	913
249	411
249	444
249	496
249	570
249	819
249	997
250	314
250	383
250	579
250	614
250	717
251	279
251	665
251	854
252	335
252	408
252	548
252	576
253	343
253	346
253	607
253	610
253	811
254	297
254	321
254	358
254	519
254	762
255	366
255	412
255	511
255	817
255	914
256	417
256	460
256	528
256	806
256	867
256	981
257	583
257	654
258	654
258	713
258	955
259	283
259	496
259	846
259	891
260	325
260	365
260	483
260	514
260	707
261	272
261	348
261	353
262	316
262	330
262	625
262	671
262	684
263	832
263	844
264	777
264	823
266	359
266	388
266	647
266	810
266	929
266	979
267	492
267	572
267	625
267	792
267	858
268	405
268	910
269	298
269	390
269	431
269	522
269	772
270	341
270	756
271	301
271	355
271	425
271	600
271	620
271	702
271	720
271	839
271	897
272	310
272	351
272	421
272	471
272	555
272	830
272	874
272	935
273	276
273	336
273	466
273	468
273	537
273	755
273	845
274	290
274	328
274	370
274	597
274	648
274	781
274	952
274	979
275	372
275	395
275	679
275	811
275	840
276	336
276	402
276	531
276	551
276	622
276	725
277	872
278	396
278	407
278	503
278	663
278	820
278	899
279	323
279	759
279	841
280	495
281	409
281	690
281	937
282	329
282	397
282	578
282	752
282	777
282	845
282	882
283	773
284	414
284	668
284	943
284	982
285	363
285	800
285	831
286	716
287	289
287	293
287	500
287	536
287	545
287	641
287	758
288	290
288	411
288	509
288	624
288	680
288	681
288	809
289	293
289	500
289	545
289	719
289	904
289	990
290	344
290	362
290	781
290	794
290	979
291	292
291	420
291	425
291	432
291	843
292	420
292	529
292	833
292	842
293	416
293	500
293	641
293	758
293	904
294	656
295	418
295	520
295	863
296	848
297	321
297	631
298	304
298	390
298	522
298	620
299	431
299	730
300	546
300	577
300	682
300	862
301	406
301	425
301	454
301	499
301	997
302	384
302	613
302	837
302	889
303	410
303	711
304	488
304	658
305	323
305	628
305	685
306	333
306	472
306	475
306	597
306	634
307	312
307	503
308	675
308	709
308	962
309	684
310	351
310	403
310	487
310	613
310	636
310	830
312	666
312	749
313	429
313	589
313	593
313	854
314	772
314	902
315	643
317	821
318	968
319	919
320	353
321	358
321	377
321	489
321	855
322	380
322	401
322	524
322	938
322	940
322	974
323	986
324	359
324	676
325	386
325	413
325	514
325	870
325	894
325	902
325	977
326	486
326	616
326	766
327	905
328	335
328	344
328	541
328	794
328	801
329	397
329	578
329	752
329	882
330	731
330	847
331	378
331	454
331	543
332	455
332	757
332	999
333	423
333	435
333	472
333	490
333	634
334	422
334	446
334	556
335	344
335	748
335	794
335	952
336	402
336	466
336	922
337	359
337	423
337	428
337	929
337	978
338	393
338	506
338	613
338	779
338	837
339	500
339	986
340	439
340	542
340	563
340	611
340	667
340	949
341	539
342	385
342	875
343	421
343	797
344	551
344	648
344	676
344	781
345	382
345	552
346	447
346	726
346	936
347	489
348	349
348	458
348	505
348	866
348	932
349	615
349	723
349	976
349	990
351	403
351	487
351	874
352	664
352	785
353	925
355	499
355	702
355	720
355	839
356	643
358	377
358	798
359	564
359	951
360	639
360	755
360	926
361	950
362	473
362	643
363	456
363	667
364	510
364	959
365	441
365	617
365	623
365	739
365	809
366	412
366	456
366	511
366	913
366	914
367	481
367	525
367	877
367	967
368	464
369	974
370	657
372	679
373	801
374	445
374	611
374	650
374	949
374	971
375	441
375	696
375	718
375	738
375	928
376	702
377	598
377	631
377	930
378	599
379	584
380	534
380	770
380	790
380	938
381	435
381	475
381	597
381	639
382	418
382	543
382	944
383	576
383	603
384	393
384	506
384	642
385	450
386	483
386	585
386	677
389	741
389	885
390	620
391	590
392	401
392	416
392	741
392	807
392	933
392	995
393	506
394	443
396	820
396	899
396	918
396	980
397	452
397	845
397	956
398	751
400	710
401	416
401	457
401	807
401	965
402	531
402	622
403	471
403	555
403	636
403	750
403	763
404	670
406	821
407	535
407	663
407	669
407	734
409	414
410	480
410	864
411	478
411	617
411	623
411	681
412	817
412	913
413	444
413	483
413	754
414	513
414	813
416	457
416	615
416	741
416	965
417	422
417	743
417	861
417	867
419	827
420	432
420	529
420	957
421	667
421	797
422	898
423	564
423	978
424	497
425	499
425	737
426	508
426	581
426	610
427	571
429	434
430	935
431	565
431	581
431	812
432	529
432	705
433	539
433	636
435	916
436	544
436	547
436	548
436	655
436	872
439	745
440	664
441	567
441	686
441	928
442	879
444	556
445	467
445	563
445	677
445	906
449	631
450	695
451	859
451	897
451	931
452	475
452	578
452	882
454	702
454	720
454	737
455	998
456	896
457	744
457	995
458	866
458	934
460	528
460	743
461	947
462	490
462	626
462	765
462	866
462	888
462	992
465	480
466	537
469	813
470	603
470	886
471	487
471	782
471	874
472	634
472	661
473	846
474	583
476	513
476	544
477	745
477	759
479	649
479	964
481	627
481	746
481	950
483	725
484	502
484	518
484	936
486	969
487	636
487	935
490	593
490	626
492	619
492	784
492	787
493	682
495	932
496	628
496	673
498	637
498	775
499	712
500	536
500	758
501	505
502	526
502	915
503	669
503	980
505	516
505	632
505	953
506	629
508	627
508	648
509	603
509	680
509	739
511	815
513	614
513	668
513	943
514	707
514	780
515	527
516	932
516	937
517	727
520	550
520	627
521	840
521	858
524	865
524	907
524	970
525	530
525	581
525	627
527	567
528	806
529	705
529	816
530	806
530	818
531	537
531	622
531	781
532	541
532	824
533	554
534	635
534	765
534	828
534	888
535	669
535	918
536	622
536	641
536	842
537	799
538	943
542	650
542	805
543	760
544	767
545	641
545	719
547	913
549	966
551	574
555	721
555	782
555	830
556	570
557	617
558	611
558	677
558	906
562	746
562	847
563	667
564	574
567	900
568	579
572	674
572	728
574	592
576	749
577	699
577	862
585	795
587	858
588	626
588	765
588	880
593	635
593	828
597	822
598	798
599	625
599	632
601	686
601	786
601	881
602	730
605	608
605	732
607	703
608	614
608	996
609	803
610	726
611	818
611	911
612	707
612	750
612	800
614	981
615	632
615	723
615	976
617	681
618	878
621	856
622	799
623	903
626	693
628	886
629	721
629	973
634	853
635	693
636	752
638	833
639	926
640	716
641	663
642	889
645	890
647	683
647	951
648	801
649	827
650	665
651	836
652	999
655	872
659	812
669	946
674	840
677	971
680	809
680	903
685	917
687	729
690	796
693	829
703	838
713	750
719	904
726	949
734	815
734	914
737	897
741	744
744	807
746	923
748	801
748	892
752	956
753	993
754	960
755	922
756	947
760	774
769	780
770	907
778	905
782	935
785	964
789	829
789	992
790	940
795	894
798	898
805	906
805	980
824	983
825	838
826	886
828	852
828	880
837	904
839	997
841	898
842	958
848	911
850	883
851	921
861	981
868	970
884	975
888	992
893	984
899	934
907	914
908	989
909	982
932	990
933	965
933	995
934	937
937	990
943	996
953	976
956	964
970	974
