1	3
1	6
1	7
1	9
1	10
1	20
1	21
1	22
1	27
1	30
1	34
1	45
1	49
1	50
1	54
1	72
1	76
1	78
1	85
1	92
1	105
1	106
1	112
1	125
1	147
1	159
1	161
1	184
1	186
1	187
1	211
1	220
1	263
1	274
1	295
1	299
1	385
1	399
1	405
1	425
1	440
1	458
1	480
1	484
1	502
1	524
1	535
1	536
1	550
1	554
1	557
1	559
1	564
1	572
1	580
1	605
1	631
1	683
1	685
1	691
1	692
1	705
1	744
1	745
1	751
1	758
1	774
1	778
1	799
1	814
1	820
1	829
1	842
1	882
1	914
1	954
1	971
2	3
2	4
2	5
2	6
2	7
2	8
2	13
2	23
2	26
2	33
2	38
2	42
2	50
2	53
2	58
2	64
2	70
2	79
2	84
2	88
2	89
2	105
2	145
2	146
2	147
2	148
2	162
2	168
2	181
2	186
2	213
2	214
2	235
2	248
2	261
2	263
2	271
2	294
2	306
2	309
2	314
2	330
2	347
2	358
2	379
2	403
2	423
2	439
2	477
2	513
2	571
2	613
2	614
2	620
2	629
2	642
2	670
2	677
2	686
2	713
2	731
2	742
2	769
2	789
2	798
2	849
2	860
2	865
2	938
2	947
2	958
2	965
3	20
3	21
3	22
3	30
3	33
3	45
3	54
3	69
3	72
3	76
3	85
3	92
3	106
3	112
3	125
3	143
3	144
3	146
3	159
3	161
3	163
3	184
3	187
3	211
3	220
3	226
3	263
3	274
3	299
3	333
3	341
3	379
3	385
3	399
3	413
3	440
3	480
3	490
3	502
3	511
3	535
3	536
3	554
3	559
3	567
3	580
3	592
3	605
3	631
3	634
3	658
3	683
3	685
3	705
3	736
3	745
3	751
3	752
3	778
3	810
3	814
3	820
3	842
3	864
3	876
3	894
3	943
3	954
3	971
4	5
4	6
4	7
4	8
4	13
4	23
4	26
4	33
4	40
4	50
4	53
4	64
4	67
4	79
4	84
4	88
4	89
4	105
4	120
4	146
4	148
4	162
4	168
4	186
4	197
4	213
4	214
4	232
4	261
4	309
4	314
4	330
4	332
4	347
4	358
4	388
4	436
4	449
4	484
4	513
4	523
4	544
4	593
4	595
4	600
4	609
4	620
4	621
4	629
4	636
4	699
4	702
4	733
4	742
4	761
4	769
4	776
4	789
4	802
4	804
4	845
4	849
4	878
4	911
4	925
4	927
4	938
4	958
4	994
5	6
5	7
5	8
5	9
5	13
5	23
5	26
5	33
5	50
5	52
5	53
5	54
5	64
5	71
5	79
5	84
5	88
5	89
5	109
5	131
5	146
5	147
5	162
5	168
5	197
5	214
5	230
5	240
5	271
5	272
5	289
5	291
5	309
5	314
5	330
5	347
5	352
5	358
5	432
5	523
5	609
5	614
5	620
5	621
5	625
5	652
5	670
5	677
5	726
5	727
5	733
5	786
5	798
5	802
5	815
5	847
5	857
5	912
5	927
5	938
5	948
5	956
5	965
5	969
5	994
5	997
6	7
6	8
6	9
6	10
6	11
6	13
6	23
6	26
6	31
6	33
6	50
6	53
6	64
6	76
6	79
6	81
6	84
6	88
6	89
6	105
6	125
6	132
6	146
6	147
6	148
6	162
6	168
6	186
6	213
6	214
6	261
6	271
6	272
6	330
6	347
6	352
6	403
6	407
6	436
6	438
6	439
6	481
6	491
6	520
6	533
6	571
6	595
6	613
6	620
6	692
6	733
6	749
6	761
6	786
6	789
6	852
6	865
6	910
6	912
6	958
6	997
7	8
7	12
7	13
7	19
7	23
7	26
7	33
7	50
7	53
7	63
7	64
7	76
7	79
7	84
7	88
7	89
7	98
7	105
7	119
7	128
7	147
7	148
7	186
7	203
7	204
7	213
7	240
7	271
7	272
7	289
7	314
7	339
7	358
7	436
7	466
7	483
7	513
7	514
7	562
7	571
7	625
7	629
7	642
7	677
7	731
7	741
7	773
7	860
7	871
7	912
7	927
7	965
7	994
7	997
8	13
8	23
8	26
8	33
8	47
8	50
8	53
8	59
8	64
8	66
8	79
8	84
8	88
8	89
8	105
8	134
8	145
8	146
8	147
8	148
8	186
8	196
8	197
8	214
8	225
8	235
8	240
8	261
8	271
8	272
8	289
8	309
8	360
8	367
8	386
8	450
8	514
8	523
8	528
8	562
8	613
8	621
8	625
8	642
8	670
8	741
8	762
8	796
8	802
8	852
8	865
8	910
8	911
8	925
9	10
9	13
9	14
9	17
9	24
9	27
9	32
9	34
9	35
9	36
9	42
9	48
9	56
9	63
9	84
9	96
9	113
9	128
9	138
9	170
9	178
9	188
9	205
9	208
9	222
9	233
9	247
9	251
9	252
9	254
9	308
9	327
9	329
9	351
9	357
9	369
9	429
9	450
9	511
9	583
9	585
9	596
9	604
9	647
9	671
9	678
9	679
9	682
9	683
9	713
9	743
9	749
9	836
9	902
9	991
10	14
10	15
10	17
10	27
10	34
10	35
10	42
10	63
10	99
10	102
10	106
10	113
10	128
10	162
10	170
10	178
10	188
10	205
10	222
10	231
10	233
10	246
10	251
10	252
10	254
10	272
10	299
10	327
10	329
10	338
10	351
10	369
10	387
10	390
10	429
10	439
10	450
10	456
10	506
10	511
10	546
10	583
10	585
10	596
10	604
10	671
10	679
10	682
10	690
10	749
10	885
10	902
10	934
10	970
10	999
11	15
11	25
11	28
11	57
11	66
11	75
11	81
11	87
11	101
11	176
11	178
11	185
11	190
11	269
11	270
11	278
11	298
11	305
11	318
11	324
11	350
11	386
11	394
11	398
11	432
11	468
11	498
11	509
11	518
11	540
11	545
11	554
11	559
11	576
11	578
11	593
11	603
11	622
11	630
11	739
11	790
11	795
11	811
11	883
11	897
11	900
11	901
11	909
11	949
11	959
11	984
12	18
12	19
12	23
12	64
12	65
12	80
12	95
12	103
12	137
12	139
12	155
12	166
12	182
12	212
12	225
12	228
12	234
12	247
12	300
12	312
12	319
12	328
12	345
12	362
12	372
12	379
12	381
12	412
12	427
12	473
12	503
12	512
12	534
12	543
12	619
12	652
12	664
12	671
12	719
12	767
12	806
12	837
12	848
12	877
12	886
12	929
12	934
12	950
12	974
12	987
13	17
13	23
13	26
13	33
13	39
13	50
13	53
13	57
13	64
13	79
13	84
13	88
13	89
13	99
13	100
13	105
13	147
13	148
13	168
13	186
13	213
13	261
13	289
13	307
13	309
13	314
13	329
13	388
13	391
13	439
13	514
13	562
13	571
13	621
13	670
13	741
13	769
13	784
13	843
13	863
13	925
14	15
14	19
14	27
14	34
14	35
14	42
14	60
14	63
14	113
14	128
14	170
14	178
14	188
14	205
14	218
14	222
14	233
14	254
14	329
14	334
14	340
14	351
14	369
14	374
14	387
14	411
14	429
14	450
14	502
14	543
14	565
14	585
14	596
14	642
14	647
14	671
14	678
14	681
14	682
14	713
14	836
14	837
14	862
14	902
14	991
15	17
15	29
15	36
15	84
15	119
15	141
15	151
15	154
15	163
15	170
15	199
15	238
15	258
15	260
15	279
15	293
15	309
15	319
15	348
15	365
15	393
15	400
15	401
15	418
15	424
15	457
15	467
15	488
15	497
15	500
15	532
15	636
15	680
15	776
15	813
15	853
15	863
15	874
15	935
15	957
15	960
15	992
16	18
16	55
16	56
16	58
16	63
16	70
16	71
16	77
16	81
16	110
16	216
16	235
16	255
16	267
16	291
16	325
16	377
16	422
16	447
16	462
16	464
16	467
16	480
16	486
16	527
16	541
16	557
16	575
16	619
16	622
16	624
16	638
16	648
16	672
16	693
16	700
16	720
16	748
16	793
16	851
16	881
16	911
16	999
17	29
17	36
17	66
17	83
17	87
17	91
17	119
17	125
17	141
17	151
17	154
17	238
17	258
17	260
17	279
17	348
17	365
17	401
17	418
17	424
17	442
17	447
17	457
17	477
17	488
17	497
17	500
17	514
17	532
17	680
17	712
17	776
17	813
17	822
17	853
17	863
17	874
17	957
17	960
18	19
18	64
18	80
18	95
18	98
18	102
18	117
18	132
18	137
18	139
18	155
18	166
18	225
18	228
18	234
18	237
18	240
18	312
18	319
18	328
18	345
18	362
18	372
18	377
18	381
18	427
18	473
18	503
18	512
18	534
18	543
18	555
18	652
18	815
18	824
18	837
18	886
18	929
18	934
19	44
19	63
19	80
19	95
19	121
19	137
19	139
19	155
19	166
19	216
19	225
19	228
19	234
19	247
19	312
19	319
19	328
19	345
19	362
19	372
19	427
19	473
19	503
19	512
19	534
19	590
19	592
19	777
19	800
19	815
19	848
19	905
19	950
19	974
19	976
19	987
20	21
20	22
20	45
20	62
20	70
20	72
20	85
20	92
20	97
20	106
20	125
20	159
20	161
20	181
20	184
20	220
20	226
20	253
20	289
20	343
20	399
20	405
20	433
20	484
20	502
20	521
20	550
20	559
20	592
20	601
20	605
20	657
20	692
20	736
20	878
20	904
20	943
20	954
21	22
21	30
21	34
21	45
21	54
21	72
21	76
21	85
21	87
21	106
21	119
21	125
21	152
21	159
21	187
21	211
21	220
21	234
21	274
21	277
21	295
21	343
21	405
21	425
21	440
21	458
21	480
21	484
21	490
21	653
21	734
21	744
21	766
21	799
21	842
21	935
22	40
22	45
22	53
22	54
22	72
22	76
22	77
22	82
22	85
22	92
22	95
22	103
22	106
22	125
22	152
22	159
22	169
22	184
22	187
22	226
22	295
22	299
22	369
22	379
22	405
22	413
22	502
22	535
22	799
22	876
22	894
22	904
23	26
23	33
23	50
23	53
23	64
23	84
23	88
23	105
23	108
23	146
23	147
23	162
23	168
23	197
23	215
23	258
23	271
23	289
23	324
23	352
23	388
23	403
23	464
23	501
23	562
23	583
23	629
23	642
24	28
24	32
24	38
24	39
24	51
24	62
24	71
24	78
24	79
24	102
24	138
24	149
24	175
24	193
24	221
24	237
24	250
24	296
24	359
24	363
24	370
24	380
24	396
24	456
24	516
24	531
24	597
24	606
24	633
24	703
24	722
24	928
24	936
24	942
24	969
25	28
25	33
25	46
25	57
25	87
25	101
25	119
25	146
25	176
25	185
25	190
25	278
25	298
25	305
25	318
25	324
25	347
25	386
25	394
25	432
25	468
25	540
25	576
25	578
25	662
25	690
25	795
25	883
25	900
25	901
25	906
25	909
25	913
25	959
25	989
26	33
26	39
26	50
26	53
26	64
26	65
26	79
26	84
26	88
26	106
26	162
26	170
26	186
26	213
26	249
26	267
26	289
26	347
26	352
26	381
26	403
26	500
26	595
26	609
26	742
26	860
26	911
27	34
27	35
27	42
27	63
27	70
27	113
27	128
27	158
27	170
27	178
27	188
27	205
27	222
27	238
27	252
27	254
27	369
27	387
27	411
27	427
27	456
27	499
27	511
27	585
27	604
27	643
27	678
27	682
27	749
27	797
27	866
28	57
28	87
28	101
28	108
28	176
28	185
28	223
28	279
28	298
28	305
28	318
28	323
28	386
28	398
28	428
28	468
28	497
28	498
28	509
28	518
28	545
28	578
28	587
28	593
28	630
28	690
28	770
28	790
28	811
28	949
29	36
29	37
29	43
29	56
29	119
29	123
29	141
29	151
29	154
29	258
29	260
29	279
29	316
29	348
29	365
29	401
29	415
29	418
29	442
29	497
29	532
29	604
29	619
29	636
29	813
29	822
29	853
29	858
29	957
29	960
29	992
30	45
30	54
30	76
30	87
30	92
30	125
30	155
30	184
30	187
30	211
30	226
30	280
30	295
30	327
30	343
30	379
30	385
30	410
30	411
30	423
30	425
30	458
30	550
30	611
30	683
30	685
30	971
31	32
31	40
31	44
31	46
31	47
31	49
31	53
31	61
31	82
31	86
31	165
31	174
31	224
31	301
31	304
31	322
31	343
31	376
31	423
31	443
31	449
31	517
31	529
31	549
31	609
31	832
31	898
31	932
31	946
32	38
32	39
32	45
32	51
32	62
32	71
32	78
32	87
32	149
32	175
32	209
32	237
32	250
32	296
32	363
32	370
32	380
32	396
32	420
32	567
32	597
32	602
32	633
32	722
32	738
32	942
32	980
33	40
33	53
33	64
33	79
33	88
33	162
33	175
33	197
33	240
33	272
33	352
33	358
33	463
33	523
33	625
33	849
33	857
33	949
34	35
34	42
34	63
34	75
34	128
34	144
34	178
34	205
34	251
34	252
34	254
34	329
34	378
34	411
34	429
34	450
34	456
34	511
34	596
34	616
34	623
34	743
35	42
35	49
35	63
35	88
35	123
35	128
35	170
35	233
35	251
35	305
35	315
35	327
35	351
35	355
35	369
35	387
35	445
35	448
35	583
35	604
35	679
35	836
35	991
36	83
36	119
36	141
36	147
36	151
36	154
36	192
36	238
36	258
36	279
36	348
36	365
36	401
36	413
36	418
36	488
36	512
36	532
36	680
36	712
36	822
36	841
36	867
36	992
37	55
37	57
37	68
37	73
37	74
37	90
37	108
37	216
37	244
37	287
37	315
37	417
37	443
37	491
37	594
37	714
37	747
37	826
37	839
37	845
37	871
37	912
37	936
37	940
37	989
37	1000
38	39
38	47
38	51
38	62
38	71
38	78
38	122
38	149
38	175
38	189
38	221
38	237
38	255
38	296
38	363
38	396
38	516
38	531
38	633
38	657
38	703
38	722
38	768
38	960
39	51
39	55
39	62
39	71
39	78
39	118
39	149
39	221
39	237
39	241
39	253
39	274
39	363
39	380
39	420
39	458
39	531
39	657
39	662
39	738
39	892
39	942
40	46
40	47
40	49
40	61
40	86
40	109
40	165
40	168
40	172
40	301
40	322
40	332
40	376
40	409
40	423
40	492
40	517
40	661
40	669
40	819
40	832
40	889
40	932
41	84
41	100
41	111
41	115
41	123
41	136
41	171
41	193
41	200
41	203
41	268
41	313
41	338
41	460
41	470
41	589
41	606
41	644
41	681
41	730
41	748
41	768
41	805
41	888
41	951
41	966
42	63
42	113
42	126
42	128
42	176
42	178
42	222
42	251
42	254
42	288
42	327
42	335
42	429
42	526
42	647
42	671
42	679
42	743
42	950
43	52
43	60
43	127
43	129
43	166
43	205
43	206
43	239
43	281
43	317
43	321
43	346
43	389
43	419
43	566
43	582
43	651
43	706
43	707
43	764
43	820
43	947
43	952
43	986
44	46
44	47
44	49
44	61
44	86
44	165
44	172
44	174
44	224
44	265
44	301
44	304
44	332
44	354
44	376
44	449
44	490
44	517
44	608
44	711
44	898
44	932
44	971
45	54
45	72
45	76
45	85
45	92
45	106
45	125
45	153
45	226
45	263
45	274
45	295
45	299
45	440
45	557
45	880
45	883
45	943
46	47
46	49
46	61
46	69
46	86
46	165
46	172
46	174
46	224
46	301
46	322
46	332
46	356
46	394
46	430
46	482
46	687
46	807
46	828
46	918
46	946
47	49
47	61
47	86
47	104
47	131
47	174
47	224
47	322
47	351
47	409
47	423
47	441
47	449
47	687
47	711
47	832
47	834
47	889
47	898
48	64
48	74
48	76
48	130
48	248
48	290
48	294
48	303
48	316
48	344
48	433
48	519
48	565
48	641
48	695
48	727
48	731
48	797
48	827
48	835
48	843
48	901
48	955
48	996
49	61
49	86
49	137
49	165
49	172
49	213
49	268
49	301
49	322
49	376
49	409
49	423
49	549
49	661
49	736
49	819
49	828
49	918
50	53
50	64
50	88
50	160
50	162
50	264
50	330
50	371
50	397
50	439
50	440
50	613
50	614
50	798
51	62
51	71
51	78
51	112
51	149
51	155
51	175
51	197
51	221
51	241
51	250
51	296
51	396
51	425
51	434
51	531
51	567
51	597
51	674
51	969
52	60
52	123
52	127
52	206
52	230
52	251
52	281
52	284
52	321
52	346
52	419
52	518
52	582
52	651
52	706
52	707
52	764
52	772
52	937
52	947
52	952
52	953
53	84
53	89
53	168
53	197
53	226
53	240
53	297
53	328
53	330
53	731
53	852
54	69
54	76
54	85
54	92
54	161
54	337
54	343
54	490
54	550
54	580
54	592
54	685
54	758
54	874
54	914
54	953
55	66
55	83
55	98
55	99
55	138
55	232
55	264
55	265
55	320
55	346
55	438
55	551
55	602
55	617
55	744
55	762
55	831
55	868
55	916
55	990
56	58
56	70
56	77
56	81
56	93
56	187
56	267
56	291
56	377
56	422
56	462
56	464
56	478
56	486
56	512
56	557
56	638
56	793
56	869
56	999
57	87
57	101
57	118
57	176
57	185
57	190
57	318
57	456
57	509
57	593
57	675
57	795
57	814
57	883
57	900
57	949
57	984
58	70
58	77
58	81
58	104
58	110
58	226
58	248
58	255
58	267
58	422
58	462
58	541
58	575
58	624
58	626
58	672
58	693
58	718
58	851
59	82
59	102
59	112
59	118
59	204
59	236
59	311
59	340
59	382
59	451
59	517
59	555
59	588
59	601
59	646
59	656
59	724
59	796
59	830
59	967
59	988
60	127
60	150
60	206
60	281
60	284
60	321
60	345
60	346
60	389
60	524
60	566
60	577
60	582
60	706
60	707
60	740
60	952
60	958
60	986
61	74
61	86
61	165
61	174
61	322
61	334
61	449
61	517
61	527
61	529
61	549
61	661
61	725
61	733
61	946
61	978
62	71
62	78
62	102
62	133
62	149
62	237
62	250
62	370
62	380
62	387
62	396
62	420
62	516
62	597
62	657
62	774
63	113
63	128
63	170
63	188
63	205
63	351
63	411
63	438
63	612
63	647
63	713
63	794
64	79
64	89
64	148
64	213
64	706
64	786
64	910
65	69
65	82
65	132
65	148
65	153
65	155
65	273
65	276
65	302
65	378
65	390
65	404
65	453
65	504
65	526
65	561
65	576
65	676
65	920
66	99
66	138
66	165
66	186
66	232
66	264
66	265
66	357
66	438
66	551
66	553
66	602
66	765
66	823
66	867
66	868
66	916
67	98
67	126
67	160
67	173
67	195
67	198
67	299
67	323
67	333
67	397
67	468
67	469
67	472
67	528
67	574
67	580
67	723
67	962
67	963
68	73
68	80
68	90
68	108
68	216
68	244
68	278
68	315
68	321
68	343
68	416
68	443
68	491
68	714
68	741
68	936
68	940
68	978
68	1000
69	82
69	132
69	153
69	273
69	276
69	302
69	378
69	404
69	453
69	493
69	504
69	526
69	561
69	689
69	920
69	977
70	77
70	110
70	267
70	291
70	377
70	447
70	462
70	541
70	557
70	608
70	648
70	684
70	742
70	869
71	78
71	79
71	149
71	161
71	175
71	237
71	370
71	420
71	633
71	738
71	802
71	892
72	74
72	76
72	85
72	92
72	122
72	143
72	161
72	199
72	220
72	226
72	299
72	658
72	737
72	774
73	89
73	90
73	108
73	216
73	244
73	315
73	416
73	417
73	435
73	598
73	614
73	682
73	839
73	845
73	871
73	936
73	978
73	989
74	130
74	156
74	248
74	290
74	303
74	316
74	448
74	519
74	565
74	589
74	695
74	729
74	783
74	827
74	835
74	917
75	104
75	117
75	131
75	134
75	152
75	181
75	202
75	224
75	310
75	371
75	460
75	470
75	475
75	646
75	684
75	882
75	931
76	85
76	159
76	184
76	295
76	447
76	631
76	657
76	829
77	81
77	97
77	137
77	141
77	255
77	291
77	447
77	622
77	624
77	648
77	672
77	700
77	769
77	869
78	241
78	296
78	340
78	370
78	380
78	458
78	507
78	567
78	662
78	908
78	928
79	100
79	146
79	148
79	168
79	366
79	424
79	857
80	139
80	225
80	228
80	247
80	265
80	319
80	328
80	362
80	479
80	534
80	588
80	652
80	664
80	886
81	110
81	134
81	143
81	422
81	464
81	467
81	486
81	507
81	527
81	608
81	622
81	638
82	132
82	153
82	273
82	276
82	302
82	313
82	390
82	404
82	453
82	504
82	526
82	561
82	584
83	86
83	93
83	109
83	114
83	143
83	144
83	166
83	256
83	307
83	339
83	383
83	572
83	598
83	924
83	998
84	147
84	148
84	214
84	504
84	614
85	92
85	107
85	220
85	367
85	498
85	778
85	809
85	904
85	967
86	172
86	174
86	179
86	224
86	310
86	332
86	673
86	819
86	856
86	918
87	101
87	176
87	185
87	298
87	376
87	587
87	603
87	630
87	739
87	908
88	105
88	269
88	388
88	513
88	641
88	825
89	147
89	165
89	186
89	347
89	436
89	437
89	500
90	97
90	108
90	132
90	200
90	216
90	244
90	315
90	416
90	417
90	491
90	605
90	826
90	978
90	989
91	97
91	163
91	183
91	192
91	207
91	212
91	285
91	334
91	335
91	390
91	538
91	659
91	795
91	840
91	897
91	972
92	242
92	343
92	425
92	490
92	552
92	559
92	661
92	751
93	109
93	114
93	144
93	250
93	256
93	259
93	307
93	339
93	377
93	383
93	572
93	598
93	964
93	998
94	111
94	115
94	122
94	218
94	297
94	487
94	535
94	547
94	560
94	599
94	618
94	626
94	708
94	777
94	850
94	983
95	100
95	139
95	155
95	166
95	225
95	234
95	288
95	328
95	543
95	652
95	757
95	905
96	147
96	157
96	326
96	353
96	430
96	454
96	510
96	515
96	548
96	555
96	568
96	669
96	752
96	923
96	970
97	163
97	192
97	212
97	334
97	522
97	538
97	659
97	840
97	895
97	897
97	907
97	972
98	126
98	140
98	173
98	195
98	198
98	323
98	333
98	389
98	469
98	675
98	704
98	962
99	138
99	232
99	264
99	265
99	438
99	553
99	602
99	639
99	762
99	765
99	867
99	952
100	136
100	171
100	193
100	200
100	589
100	606
100	644
100	681
100	724
100	730
100	748
100	966
101	116
101	185
101	190
101	261
101	316
101	386
101	394
101	417
101	468
101	587
101	790
102	112
102	118
102	204
102	236
102	271
102	601
102	702
102	724
102	726
102	796
102	988
103	116
103	145
103	283
103	478
103	525
103	612
103	632
103	656
103	663
103	771
103	872
103	906
103	926
104	117
104	131
104	134
104	181
104	191
104	202
104	470
104	475
104	698
104	831
104	858
104	979
105	228
105	261
105	383
105	388
105	595
105	933
106	182
106	379
106	385
106	605
106	658
106	814
106	894
107	120
107	243
107	288
107	366
107	375
107	455
107	520
107	582
107	623
107	650
107	720
107	737
107	809
107	870
108	110
108	216
108	244
108	315
108	417
108	594
108	714
108	871
108	940
109	114
109	144
109	244
109	286
109	307
109	339
109	572
109	716
109	875
109	964
110	255
110	301
110	342
110	447
110	486
110	507
110	541
110	575
110	779
111	122
111	152
111	297
111	487
111	547
111	599
111	618
111	626
111	644
111	775
111	850
111	983
112	118
112	236
112	340
112	348
112	382
112	451
112	588
112	702
112	726
113	120
113	151
113	233
113	252
113	327
113	387
113	424
113	926
114	143
114	144
114	198
114	256
114	290
114	339
114	383
114	686
114	875
114	955
114	964
115	135
115	215
115	223
115	293
115	300
115	317
115	342
115	389
115	649
115	666
115	710
115	785
116	145
116	157
116	188
116	393
116	533
116	632
116	654
116	656
116	725
116	872
116	906
116	965
117	134
117	152
117	181
117	202
117	337
117	470
117	475
117	858
117	889
117	893
117	968
118	204
118	236
118	311
118	340
118	360
118	382
118	451
118	633
118	988
119	141
119	154
119	258
119	348
119	442
119	776
119	801
120	156
120	168
120	185
120	366
120	375
120	446
120	569
120	581
120	584
120	639
120	818
121	169
121	210
121	249
121	269
121	270
121	359
121	421
121	426
121	719
121	734
121	825
121	875
121	922
122	215
122	297
122	487
122	547
122	599
122	626
122	708
122	728
122	983
123	129
123	229
123	435
123	560
123	718
123	766
123	817
123	881
123	907
124	158
124	162
124	219
124	266
124	270
124	286
124	302
124	325
124	326
124	566
124	728
124	810
124	948
125	187
125	263
125	357
125	502
126	154
126	160
126	173
126	217
126	323
126	397
126	528
126	561
126	579
126	615
127	206
127	281
127	389
127	419
127	582
127	680
127	740
127	764
127	782
127	946
128	252
128	291
128	329
128	703
129	229
129	435
129	445
129	560
129	718
129	759
129	766
129	817
129	856
129	881
129	929
130	239
130	290
130	303
130	395
130	537
130	565
130	677
130	727
130	746
130	783
130	917
131	134
131	152
131	202
131	337
131	470
131	687
131	747
131	780
131	979
132	153
132	273
132	276
132	302
132	404
132	453
132	977
133	360
133	384
133	406
133	415
133	563
133	577
133	645
133	753
133	824
133	870
133	945
134	152
134	362
134	747
134	858
134	882
134	931
135	215
135	223
135	293
135	300
135	342
135	415
135	571
135	627
135	649
135	710
135	927
136	193
136	200
136	268
136	298
136	313
136	384
136	472
136	768
136	805
136	966
137	166
137	228
137	328
137	473
137	664
137	846
137	987
138	232
138	264
138	357
138	551
138	691
138	823
138	867
139	155
139	225
139	277
139	372
139	489
139	758
139	905
140	160
140	195
140	198
140	323
140	331
140	333
140	420
140	469
140	472
140	574
140	932
141	154
141	198
141	365
141	368
141	636
141	863
142	183
142	209
142	211
142	282
142	373
142	408
142	426
142	454
142	735
142	770
142	801
142	879
143	144
143	256
143	307
143	339
143	383
143	572
143	598
144	256
144	607
144	686
144	716
144	998
145	326
145	525
145	533
145	654
145	656
145	663
145	771
145	906
146	197
146	272
146	607
148	264
148	580
149	250
149	662
149	663
149	667
149	729
150	160
150	173
150	195
150	198
150	397
150	469
150	579
150	593
150	791
150	823
150	963
151	279
151	418
151	457
151	474
151	712
151	761
151	935
152	181
152	202
152	310
152	646
152	979
153	156
153	276
153	378
153	404
153	468
153	526
153	977
154	157
154	188
154	260
154	442
154	636
155	228
155	381
155	427
155	929
156	243
156	446
156	516
156	546
156	569
156	623
156	643
156	755
156	780
157	326
157	353
157	430
157	454
157	455
157	510
157	548
157	752
157	956
158	213
158	219
158	266
158	270
158	286
158	325
158	581
158	691
158	794
158	838
159	211
159	263
159	289
159	391
159	535
159	943
160	173
160	452
160	528
160	540
160	675
160	851
161	276
161	536
161	558
161	744
161	758
162	364
163	212
163	285
163	324
163	335
163	659
163	821
163	972
164	230
164	257
164	287
164	365
164	400
164	476
164	509
164	696
164	830
164	859
164	968
165	224
165	409
165	529
166	372
166	543
166	807
166	974
167	208
167	283
167	392
167	407
167	485
167	524
167	611
167	616
167	668
167	712
167	834
168	977
169	210
169	249
169	320
169	359
169	421
169	696
169	719
169	757
169	923
170	205
170	222
170	416
171	193
171	194
171	203
171	268
171	313
171	338
171	460
171	523
171	644
172	174
172	222
172	304
172	410
172	515
172	687
173	207
173	308
173	452
173	484
173	579
173	962
174	210
174	297
174	449
174	598
175	273
175	380
175	491
175	567
175	892
176	278
176	284
176	498
176	763
176	908
177	349
177	350
177	368
177	402
177	403
177	590
177	668
177	689
177	779
177	919
177	933
178	205
178	456
178	857
178	970
179	189
179	202
179	336
179	406
179	443
179	552
179	558
179	701
179	772
179	800
180	487
180	537
180	544
180	556
180	660
180	676
180	721
180	750
180	879
180	899
180	976
181	202
181	371
181	475
181	649
181	684
182	242
182	364
182	441
182	481
182	640
182	685
182	873
182	915
183	209
183	318
183	373
183	408
183	499
183	770
183	783
183	879
184	570
184	603
184	683
184	838
185	324
185	545
185	865
187	263
187	490
187	904
188	251
188	551
188	583
189	202
189	336
189	406
189	552
189	558
189	701
189	763
189	772
190	298
190	362
190	386
190	398
190	534
190	540
191	194
191	196
191	197
191	245
191	262
191	773
191	778
191	973
191	985
192	212
192	267
192	335
192	538
192	659
192	897
192	921
193	200
193	203
193	681
193	690
193	798
194	196
194	220
194	245
194	262
194	756
194	773
194	973
194	985
195	198
195	333
195	358
195	402
195	574
195	615
196	245
196	262
196	296
196	600
196	697
196	835
196	973
197	937
198	452
198	472
198	704
199	207
199	231
199	253
199	275
199	374
199	483
199	688
199	803
200	453
200	460
200	469
200	644
200	888
201	235
201	292
201	391
201	434
201	461
201	477
201	478
201	482
201	492
201	799
202	358
202	371
203	268
203	540
203	606
203	678
203	730
203	888
204	236
204	340
204	588
204	726
204	967
204	985
205	903
206	284
206	405
206	651
206	696
206	937
206	986
207	231
207	253
207	275
207	483
207	673
207	864
207	887
208	529
208	573
208	610
208	667
208	694
208	788
208	872
208	996
209	282
209	341
209	373
209	426
209	499
209	709
209	746
210	249
210	320
210	359
210	421
210	708
210	734
210	757
211	320
211	379
211	413
211	458
212	334
212	346
212	659
212	840
212	895
214	240
214	530
214	562
215	223
215	293
215	649
215	710
215	714
216	244
216	839
217	306
217	420
217	537
217	556
217	629
217	660
217	676
217	750
218	280
218	308
218	489
218	586
218	754
218	844
218	846
219	266
219	270
219	325
219	392
219	515
219	692
219	948
220	229
220	774
221	241
221	245
221	363
221	703
221	945
222	436
222	939
223	255
223	627
223	649
223	666
223	887
224	304
224	828
225	312
225	647
226	876
227	241
227	243
227	288
227	375
227	581
227	613
227	755
227	780
227	809
228	312
228	314
229	435
229	718
229	759
229	856
229	907
229	920
230	257
230	287
230	476
230	830
230	859
230	968
231	253
231	374
231	432
231	673
231	688
231	803
232	551
232	553
232	622
232	808
233	450
233	507
233	648
233	970
234	247
234	345
234	349
234	877
235	292
235	434
235	492
235	941
235	995
236	293
236	311
236	405
236	588
237	241
237	352
238	258
238	442
238	488
238	500
238	874
239	256
239	277
239	331
239	444
239	466
239	628
239	896
240	519
240	585
241	640
241	873
241	928
242	364
242	481
242	607
242	640
242	715
242	873
242	914
243	249
243	528
243	584
243	639
243	650
243	755
244	651
244	721
245	252
245	262
245	569
245	600
245	697
246	361
246	437
246	459
246	674
246	693
246	844
246	846
246	975
247	282
247	655
247	767
247	877
248	344
248	565
248	783
248	827
248	843
249	269
249	320
249	825
249	922
250	296
250	516
250	743
251	342
252	981
253	275
253	374
253	784
254	482
254	698
255	527
255	638
256	888
256	924
257	287
257	338
257	344
257	400
257	696
257	859
258	988
259	479
259	494
259	590
259	699
259	756
259	854
259	993
260	448
260	488
260	497
260	973
261	678
262	600
262	892
262	905
262	985
263	380
264	357
264	808
265	357
265	438
265	808
266	270
266	286
266	315
266	620
266	728
267	291
267	693
268	352
268	589
268	768
269	359
269	421
269	734
269	825
270	325
270	691
271	959
272	363
273	378
273	390
273	596
274	307
274	413
274	745
275	374
275	483
275	489
275	784
275	941
276	302
276	430
277	331
277	367
277	628
277	637
277	833
278	312
278	318
278	739
278	908
279	388
279	457
280	459
280	586
280	618
280	674
280	961
280	975
281	284
281	346
281	869
281	924
282	341
282	373
282	735
282	754
282	893
283	524
283	573
283	611
283	667
283	833
283	996
284	321
284	378
284	419
285	334
285	335
285	522
285	668
285	821
285	964
286	717
286	728
286	810
286	853
287	476
287	753
287	962
287	968
288	520
288	643
288	650
288	781
290	303
290	433
290	448
290	578
291	608
292	355
292	391
292	431
292	478
292	616
292	921
293	300
293	655
293	887
294	303
294	316
294	433
294	519
294	707
294	729
295	505
295	700
296	963
297	487
297	708
297	775
298	603
298	811
299	820
300	342
300	422
300	655
300	666
301	658
301	807
302	519
302	920
303	494
303	599
303	843
304	330
304	332
304	730
304	889
305	509
305	554
305	805
305	984
306	382
306	537
306	556
306	660
306	899
307	716
308	361
308	459
308	489
308	754
309	694
310	337
310	698
310	821
310	882
311	486
311	610
311	724
311	967
312	934
313	589
313	606
313	808
314	418
316	344
316	729
317	346
317	389
317	566
317	651
317	839
318	578
319	815
319	837
320	719
320	757
321	439
321	566
322	625
323	469
323	792
324	432
324	554
325	336
325	838
326	510
326	548
326	568
327	813
329	471
331	367
331	637
331	665
331	890
332	529
333	414
333	472
334	895
335	522
335	630
336	353
336	558
336	701
336	772
337	371
337	698
337	899
338	460
338	681
338	748
339	745
340	382
341	373
341	452
341	499
341	893
342	655
342	887
344	433
344	746
344	891
345	427
345	715
348	935
349	350
349	402
349	668
349	876
349	919
350	402
350	465
350	689
350	919
351	684
353	454
353	555
353	669
353	923
354	494
354	590
354	699
354	756
354	854
354	993
355	391
355	434
355	478
355	819
355	995
356	395
356	474
356	508
356	539
356	705
356	891
357	617
359	421
359	922
360	415
360	461
360	563
360	870
361	400
361	459
361	489
361	669
361	754
362	848
363	828
364	441
364	481
364	640
364	715
365	385
366	446
366	455
366	650
366	720
367	521
367	890
367	896
368	402
368	668
368	689
368	779
368	933
369	755
370	476
370	969
371	536
371	646
372	399
372	556
373	404
373	957
374	688
374	803
375	393
375	395
375	569
375	623
376	453
376	549
377	700
377	787
378	561
381	433
381	664
382	601
383	924
384	461
384	473
384	563
384	945
385	496
390	504
391	482
392	407
392	524
392	573
392	834
393	612
393	632
393	725
394	398
394	959
395	505
395	806
395	981
396	654
397	662
397	791
398	527
398	545
399	503
399	631
400	476
400	830
401	500
401	688
402	779
403	663
406	763
406	800
406	895
407	485
407	610
407	616
408	426
408	495
408	536
408	735
409	573
409	673
410	530
410	653
410	792
410	866
411	817
412	414
412	493
412	634
412	812
412	903
413	914
414	493
414	634
414	635
414	982
415	461
415	645
416	594
416	679
417	1000
419	740
419	868
421	944
422	980
424	457
424	497
425	635
426	624
426	801
428	431
428	501
428	653
428	866
428	880
429	816
430	923
430	956
431	530
431	591
431	653
431	866
432	576
434	471
434	492
435	759
435	907
436	994
437	489
437	674
437	844
437	930
440	736
441	481
441	873
441	915
442	861
443	491
443	845
444	521
444	665
444	803
444	833
444	896
445	474
445	505
445	508
445	891
446	480
446	546
446	581
448	695
448	955
451	664
451	796
451	854
452	471
452	963
454	510
454	608
455	584
455	639
455	780
457	701
459	586
459	767
460	805
461	577
461	945
462	672
462	999
463	495
463	542
463	570
463	723
463	939
464	507
464	624
465	493
465	634
465	635
465	812
465	915
466	521
466	628
466	637
466	665
467	575
467	680
467	851
470	475
471	478
471	921
471	941
472	675
473	950
474	806
474	917
474	981
475	928
476	753
477	492
477	941
477	995
479	494
479	913
479	918
479	930
480	751
481	607
482	492
482	921
483	514
483	784
484	829
485	496
485	568
485	732
485	847
486	980
487	618
488	998
493	564
493	635
494	699
494	862
495	542
495	570
495	735
495	951
496	667
496	694
496	788
496	885
498	630
498	826
499	709
499	893
501	530
501	531
501	591
501	944
503	695
503	767
504	595
505	781
505	806
505	981
506	676
506	816
506	855
506	939
506	951
507	648
508	539
508	650
508	861
508	925
509	545
510	669
510	877
513	940
515	568
515	956
518	603
518	909
520	818
520	997
521	637
522	617
522	717
525	628
525	656
525	926
530	880
532	597
533	632
533	654
537	804
538	621
538	821
539	645
539	771
539	861
541	579
542	723
542	789
542	939
544	721
544	899
544	976
546	584
546	781
547	777
547	787
548	752
548	818
549	842
550	697
552	763
552	800
553	670
553	831
555	568
556	804
558	938
560	766
560	856
563	665
563	841
564	634
564	903
564	982
569	809
570	855
570	951
573	885
574	716
574	760
575	765
576	690
577	870
577	910
579	615
581	639
586	686
586	846
587	793
587	901
590	913
591	738
591	792
591	880
592	878
594	826
594	855
599	850
600	697
601	702
602	638
607	715
609	761
610	611
610	732
611	694
612	663
612	725
615	760
615	836
616	847
617	762
617	990
618	626
619	672
619	787
623	720
627	655
627	785
627	844
628	833
631	972
632	852
635	812
637	711
640	915
641	695
641	727
641	993
643	737
643	781
645	824
645	841
646	747
653	944
654	926
658	878
660	676
660	722
661	710
665	890
666	785
666	983
667	834
673	864
674	961
675	791
677	886
684	931
686	875
687	860
688	864
689	933
691	794
692	705
693	787
694	732
696	753
697	773
704	759
704	760
709	801
709	829
711	807
717	810
717	838
721	804
723	782
732	942
737	818
739	909
740	986
746	835
750	840
750	976
756	930
760	791
764	811
765	868
770	879
771	872
775	777
775	954
782	816
782	884
785	1000
786	896
788	987
788	996
790	902
792	944
793	980
794	948
797	917
797	955
812	849
816	884
817	881
822	982
823	990
824	841
827	916
831	916
832	966
847	885
848	922
850	961
854	993
855	884
859	992
861	891
862	913
862	930
884	995
890	898
894	991
900	919
903	982
931	974
937	953
947	953
961	975
975	990
979	984
