1	2
1	3
1	10
1	11
1	15
1	18
1	20
1	24
1	25
1	26
1	28
1	30
1	33
1	35
1	38
1	52
1	61
1	70
1	72
1	76
1	79
1	81
1	93
1	102
1	109
1	111
1	115
1	116
1	139
1	151
1	165
1	175
1	184
1	202
1	208
1	222
1	262
1	278
1	281
1	282
1	297
1	315
1	361
1	376
1	377
1	388
1	390
1	402
1	408
1	424
1	435
1	448
1	449
1	453
1	462
1	480
1	508
1	514
1	524
1	545
1	626
1	643
1	668
1	671
1	698
1	702
1	712
1	733
1	746
1	777
1	791
1	797
1	816
1	852
1	870
1	887
1	895
1	906
1	923
1	941
1	971
1	975
2	3
2	8
2	9
2	10
2	11
2	18
2	20
2	23
2	26
2	30
2	33
2	35
2	38
2	52
2	70
2	72
2	76
2	79
2	81
2	102
2	109
2	115
2	119
2	128
2	151
2	165
2	175
2	184
2	200
2	202
2	208
2	239
2	249
2	262
2	278
2	282
2	297
2	307
2	341
2	358
2	361
2	376
2	377
2	388
2	390
2	396
2	397
2	408
2	424
2	427
2	453
2	456
2	462
2	476
2	480
2	482
2	499
2	508
2	514
2	542
2	544
2	545
2	637
2	643
2	668
2	702
2	712
2	779
2	785
2	819
2	866
2	868
2	919
2	927
2	939
2	941
2	963
2	969
2	996
3	10
3	11
3	18
3	20
3	21
3	26
3	30
3	33
3	35
3	38
3	46
3	49
3	51
3	52
3	68
3	70
3	72
3	76
3	79
3	81
3	102
3	111
3	112
3	115
3	146
3	151
3	175
3	184
3	187
3	191
3	202
3	208
3	222
3	230
3	278
3	281
3	282
3	283
3	307
3	328
3	361
3	377
3	384
3	388
3	408
3	427
3	449
3	476
3	480
3	506
3	514
3	544
3	545
3	662
3	668
3	698
3	702
3	718
3	733
3	777
3	834
3	868
3	884
3	906
3	919
3	923
3	932
3	934
3	941
3	942
3	963
3	969
4	6
4	7
4	8
4	13
4	14
4	17
4	19
4	22
4	23
4	24
4	29
4	31
4	32
4	34
4	43
4	48
4	64
4	77
4	84
4	91
4	97
4	99
4	127
4	177
4	193
4	200
4	207
4	242
4	244
4	253
4	276
4	288
4	292
4	321
4	331
4	354
4	356
4	421
4	444
4	447
4	467
4	468
4	483
4	485
4	515
4	534
4	555
4	575
4	577
4	580
4	594
4	617
4	618
4	631
4	689
4	738
4	754
4	758
4	771
4	796
4	861
4	875
4	911
4	934
4	982
4	988
4	994
5	8
5	12
5	13
5	14
5	15
5	19
5	21
5	57
5	62
5	69
5	82
5	85
5	88
5	94
5	103
5	135
5	136
5	144
5	152
5	159
5	160
5	168
5	185
5	195
5	201
5	216
5	225
5	252
5	272
5	293
5	301
5	319
5	324
5	330
5	358
5	368
5	397
5	400
5	434
5	450
5	459
5	497
5	540
5	555
5	584
5	603
5	613
5	630
5	651
5	676
5	681
5	693
5	732
5	756
5	759
5	790
5	793
5	818
5	821
5	825
5	838
5	894
5	908
5	915
5	950
5	953
5	972
6	7
6	13
6	17
6	19
6	24
6	29
6	31
6	32
6	34
6	36
6	43
6	53
6	64
6	70
6	84
6	91
6	97
6	98
6	99
6	103
6	127
6	159
6	168
6	194
6	200
6	242
6	244
6	263
6	276
6	288
6	292
6	302
6	321
6	331
6	373
6	394
6	398
6	421
6	456
6	485
6	496
6	572
6	575
6	580
6	594
6	617
6	631
6	726
6	754
6	771
6	796
6	934
6	944
6	982
6	994
7	12
7	13
7	16
7	17
7	19
7	24
7	25
7	29
7	31
7	32
7	34
7	43
7	52
7	62
7	64
7	84
7	91
7	97
7	99
7	118
7	127
7	148
7	244
7	276
7	292
7	296
7	302
7	311
7	321
7	331
7	354
7	356
7	421
7	435
7	467
7	482
7	483
7	485
7	555
7	564
7	577
7	580
7	617
7	631
7	689
7	699
7	750
7	796
7	805
7	855
7	859
7	903
7	927
7	944
8	9
8	17
8	22
8	23
8	32
8	33
8	46
8	51
8	61
8	71
8	78
8	83
8	92
8	95
8	96
8	155
8	232
8	243
8	275
8	285
8	342
8	343
8	366
8	431
8	438
8	441
8	457
8	565
8	579
8	596
8	601
8	634
8	644
8	675
8	701
8	716
8	717
8	749
8	802
8	819
8	832
8	846
8	851
8	897
8	910
8	914
8	917
8	938
8	961
8	975
8	988
9	25
9	27
9	34
9	37
9	41
9	42
9	60
9	67
9	92
9	111
9	118
9	119
9	130
9	131
9	176
9	179
9	180
9	191
9	193
9	256
9	275
9	317
9	322
9	362
9	378
9	389
9	411
9	415
9	416
9	417
9	438
9	484
9	513
9	523
9	536
9	546
9	566
9	642
9	648
9	649
9	655
9	671
9	753
9	766
9	900
9	904
9	909
9	921
10	11
10	12
10	18
10	20
10	22
10	26
10	30
10	33
10	35
10	38
10	50
10	52
10	59
10	61
10	72
10	76
10	79
10	101
10	102
10	109
10	110
10	115
10	122
10	151
10	175
10	184
10	220
10	222
10	278
10	307
10	418
10	424
10	427
10	453
10	462
10	476
10	482
10	506
10	524
10	746
10	816
10	906
10	937
10	967
10	971
10	993
11	18
11	20
11	30
11	33
11	35
11	38
11	52
11	60
11	70
11	76
11	79
11	81
11	99
11	102
11	109
11	115
11	126
11	151
11	175
11	179
11	205
11	208
11	218
11	293
11	294
11	297
11	376
11	388
11	406
11	424
11	453
11	462
11	482
11	506
11	544
11	558
11	712
11	779
11	816
11	834
11	862
11	868
11	939
11	971
12	14
12	15
12	21
12	24
12	35
12	57
12	68
12	85
12	88
12	94
12	112
12	113
12	135
12	159
12	160
12	164
12	168
12	185
12	195
12	201
12	203
12	225
12	252
12	272
12	293
12	298
12	301
12	324
12	354
12	397
12	400
12	450
12	497
12	567
12	613
12	726
12	825
12	847
12	857
12	894
12	908
12	953
12	972
13	17
13	19
13	23
13	24
13	25
13	29
13	31
13	32
13	34
13	43
13	64
13	70
13	73
13	82
13	84
13	91
13	97
13	99
13	127
13	137
13	200
13	244
13	269
13	276
13	286
13	288
13	317
13	321
13	331
13	354
13	356
13	367
13	447
13	522
13	555
13	564
13	577
13	591
13	754
13	797
13	956
13	994
14	15
14	19
14	21
14	57
14	85
14	88
14	94
14	133
14	134
14	135
14	160
14	168
14	185
14	201
14	213
14	225
14	252
14	272
14	293
14	301
14	319
14	321
14	324
14	330
14	358
14	368
14	397
14	400
14	459
14	475
14	540
14	567
14	603
14	613
14	724
14	732
14	790
14	793
14	796
14	821
14	838
14	857
14	972
15	21
15	53
15	55
15	57
15	85
15	88
15	94
15	107
15	135
15	159
15	160
15	168
15	185
15	195
15	201
15	205
15	216
15	224
15	225
15	240
15	246
15	293
15	301
15	319
15	330
15	375
15	459
15	497
15	512
15	545
15	567
15	584
15	603
15	726
15	727
15	756
15	790
15	793
15	838
15	857
15	894
16	28
16	36
16	40
16	49
16	50
16	54
16	55
16	58
16	76
16	90
16	91
16	128
16	139
16	140
16	158
16	171
16	192
16	219
16	221
16	238
16	258
16	291
16	295
16	318
16	328
16	343
16	393
16	399
16	434
16	468
16	486
16	530
16	579
16	592
16	612
16	624
16	629
16	677
16	898
16	940
16	947
16	949
17	19
17	24
17	29
17	31
17	32
17	34
17	43
17	46
17	62
17	64
17	84
17	91
17	97
17	99
17	127
17	242
17	244
17	276
17	288
17	303
17	308
17	321
17	331
17	354
17	372
17	387
17	421
17	492
17	575
17	591
17	594
17	764
17	842
17	859
17	875
17	934
18	20
18	26
18	30
18	33
18	35
18	38
18	44
18	52
18	70
18	72
18	81
18	85
18	95
18	102
18	184
18	208
18	222
18	281
18	282
18	284
18	291
18	297
18	390
18	559
18	733
18	742
18	753
18	797
18	813
18	834
18	996
19	22
19	24
19	29
19	31
19	32
19	34
19	43
19	45
19	64
19	84
19	91
19	97
19	99
19	120
19	126
19	127
19	173
19	200
19	242
19	264
19	276
19	288
19	292
19	331
19	483
19	547
19	591
19	592
19	617
20	26
20	30
20	33
20	38
20	40
20	52
20	72
20	74
20	84
20	102
20	109
20	115
20	151
20	202
20	222
20	297
20	361
20	376
20	377
20	385
20	422
20	453
20	460
20	506
20	514
20	779
20	781
20	906
20	939
21	23
21	30
21	41
21	57
21	85
21	88
21	94
21	132
21	135
21	159
21	160
21	168
21	185
21	195
21	201
21	216
21	225
21	272
21	286
21	330
21	358
21	400
21	459
21	552
21	681
21	727
21	732
21	818
21	888
21	953
22	23
22	61
22	71
22	78
22	83
22	92
22	95
22	96
22	142
22	155
22	178
22	285
22	349
22	351
22	366
22	431
22	503
22	565
22	634
22	644
22	669
22	701
22	716
22	802
22	819
22	821
22	846
22	938
22	956
22	961
23	27
23	44
23	61
23	71
23	78
23	83
23	92
23	95
23	96
23	155
23	196
23	285
23	366
23	441
23	512
23	601
23	634
23	644
23	663
23	701
23	717
23	802
23	846
23	851
23	897
23	914
23	917
24	29
24	31
24	32
24	34
24	43
24	64
24	84
24	91
24	97
24	99
24	120
24	137
24	200
24	242
24	244
24	483
24	485
24	535
24	564
24	591
24	696
24	735
24	799
24	982
24	985
25	27
25	37
25	42
25	46
25	60
25	63
25	111
25	115
25	118
25	121
25	130
25	176
25	193
25	212
25	299
25	317
25	321
25	411
25	415
25	416
25	417
25	513
25	536
25	546
25	598
25	600
25	642
25	766
26	35
26	52
26	70
26	72
26	76
26	79
26	136
26	151
26	175
26	184
26	251
26	262
26	281
26	361
26	376
26	449
26	462
26	476
26	540
26	663
26	746
26	763
26	948
26	963
26	969
26	995
27	37
27	42
27	55
27	60
27	111
27	118
27	130
27	138
27	170
27	179
27	193
27	212
27	282
27	317
27	330
27	378
27	417
27	436
27	521
27	536
27	598
27	649
27	655
27	694
27	761
27	787
27	839
27	901
28	36
28	40
28	49
28	50
28	54
28	55
28	58
28	79
28	90
28	101
28	118
28	128
28	139
28	171
28	200
28	238
28	295
28	318
28	328
28	344
28	529
28	530
28	690
28	800
28	805
28	905
28	931
28	949
28	968
29	31
29	32
29	34
29	43
29	64
29	84
29	91
29	97
29	99
29	106
29	112
29	127
29	206
29	233
29	318
29	354
29	388
29	467
29	564
29	575
29	715
29	855
29	859
29	990
30	31
30	33
30	38
30	52
30	60
30	79
30	81
30	102
30	105
30	109
30	166
30	202
30	222
30	307
30	346
30	377
30	427
30	449
30	791
30	927
30	964
31	32
31	34
31	43
31	44
31	64
31	91
31	94
31	95
31	99
31	127
31	147
31	163
31	200
31	288
31	292
31	441
31	485
31	533
31	855
31	944
32	34
32	43
32	64
32	84
32	91
32	97
32	99
32	127
32	210
32	242
32	250
32	356
32	467
32	555
32	584
32	611
32	646
32	652
32	875
33	35
33	37
33	49
33	52
33	79
33	81
33	109
33	142
33	151
33	200
33	202
33	210
33	262
33	278
33	388
33	408
33	785
33	848
33	913
33	923
34	43
34	46
34	84
34	91
34	216
34	219
34	242
34	247
34	248
34	421
34	467
34	594
34	689
34	786
34	855
34	886
34	894
35	38
35	52
35	70
35	76
35	79
35	81
35	96
35	100
35	109
35	128
35	175
35	208
35	222
35	276
35	282
35	506
35	524
35	996
35	998
36	40
36	49
36	50
36	54
36	55
36	58
36	90
36	92
36	108
36	128
36	139
36	171
36	221
36	238
36	291
36	318
36	376
36	393
36	434
36	458
36	486
36	498
36	947
36	949
36	982
37	42
37	60
37	111
37	118
37	130
37	179
37	180
37	193
37	212
37	222
37	242
37	292
37	298
37	463
37	536
37	546
37	600
37	642
37	648
37	649
37	666
37	900
37	904
37	921
38	52
38	61
38	70
38	72
38	76
38	79
38	115
38	133
38	278
38	280
38	281
38	307
38	340
38	351
38	390
38	908
38	914
38	942
39	44
39	56
39	62
39	63
39	77
39	102
39	134
39	151
39	247
39	264
39	267
39	279
39	303
39	316
39	334
39	355
39	391
39	401
39	423
39	477
39	590
39	607
39	741
39	780
39	784
39	829
39	1000
40	49
40	50
40	54
40	55
40	58
40	90
40	128
40	139
40	157
40	171
40	212
40	221
40	237
40	291
40	318
40	393
40	592
40	670
40	677
40	779
40	800
40	856
41	66
41	80
41	86
41	98
41	108
41	153
41	178
41	205
41	233
41	254
41	285
41	300
41	327
41	333
41	347
41	472
41	473
41	585
41	626
41	703
41	764
41	792
41	903
41	985
42	60
42	67
42	91
42	102
42	118
42	176
42	179
42	180
42	191
42	196
42	199
42	299
42	317
42	378
42	389
42	394
42	537
42	557
42	694
42	839
42	901
42	909
43	64
43	83
43	84
43	90
43	91
43	97
43	99
43	100
43	106
43	127
43	162
43	292
43	356
43	580
43	595
44	49
44	56
44	62
44	63
44	77
44	134
44	247
44	261
44	264
44	267
44	279
44	303
44	334
44	344
44	355
44	423
44	474
44	607
44	741
44	784
44	829
45	46
45	48
45	80
45	90
45	101
45	183
45	276
45	283
45	450
45	491
45	494
45	593
45	630
45	639
45	672
45	718
45	780
45	803
45	827
45	879
45	902
45	907
45	965
45	995
46	48
46	101
46	279
46	283
46	491
46	639
46	661
46	672
46	716
46	718
46	780
46	849
46	871
46	874
46	902
46	922
46	958
46	965
46	995
47	54
47	75
47	106
47	163
47	166
47	215
47	235
47	268
47	295
47	336
47	352
47	360
47	458
47	500
47	554
47	559
47	582
47	609
47	616
47	620
47	674
47	680
47	854
47	877
47	957
48	74
48	101
48	194
48	283
48	485
48	491
48	502
48	508
48	639
48	661
48	672
48	780
48	849
48	871
48	872
48	874
48	902
48	907
48	922
48	958
48	965
48	995
49	50
49	54
49	55
49	90
49	128
49	139
49	171
49	221
49	290
49	344
49	393
49	624
49	677
49	690
49	711
49	725
49	968
50	54
50	55
50	58
50	61
50	90
50	128
50	139
50	156
50	171
50	238
50	376
50	468
50	599
50	629
50	670
50	800
50	968
51	59
51	63
51	65
51	149
51	206
51	258
51	313
51	414
51	493
51	625
51	682
51	683
51	740
51	749
51	768
51	778
51	809
51	840
51	869
51	885
51	998
52	124
52	125
52	163
52	208
52	424
52	480
52	500
52	598
52	887
52	942
53	69
53	82
53	177
53	227
53	228
53	237
53	345
53	353
53	379
53	401
53	444
53	494
53	516
53	519
53	533
53	561
53	615
53	697
53	874
53	880
53	942
54	55
54	58
54	63
54	90
54	221
54	238
54	295
54	434
54	486
54	592
54	635
54	677
54	755
54	905
54	951
55	58
55	128
55	139
55	172
55	179
55	238
55	295
55	318
55	449
55	624
55	805
55	881
55	947
56	62
56	63
56	77
56	134
56	138
56	180
56	188
56	247
56	260
56	267
56	303
56	316
56	334
56	344
56	391
56	423
56	474
56	786
56	829
56	898
57	80
57	85
57	88
57	94
57	135
57	137
57	168
57	201
57	293
57	319
57	324
57	358
57	643
57	691
57	719
57	726
57	818
58	67
58	77
58	90
58	111
58	128
58	139
58	221
58	291
58	308
58	328
58	486
58	629
58	708
58	806
59	65
59	149
59	162
59	258
59	273
59	313
59	414
59	493
59	625
59	682
59	740
59	768
59	778
59	809
59	836
59	840
59	885
59	917
59	998
60	111
60	130
60	152
60	179
60	191
60	299
60	389
60	484
60	521
60	588
60	600
60	763
60	902
60	947
61	71
61	78
61	83
61	92
61	95
61	96
61	155
61	355
61	431
61	579
61	669
61	695
61	819
61	938
62	77
62	134
62	144
62	247
62	279
62	303
62	316
62	391
62	423
62	474
62	607
62	784
62	919
62	1000
63	77
63	134
63	247
63	264
63	267
63	279
63	316
63	324
63	334
63	344
63	355
63	381
63	391
63	423
64	82
64	84
64	97
64	99
64	114
64	127
64	184
64	449
64	776
65	77
65	80
65	83
65	96
65	149
65	258
65	313
65	361
65	414
65	493
65	625
65	682
65	683
65	768
65	809
65	840
65	869
65	885
66	80
66	98
66	104
66	153
66	158
66	178
66	205
66	233
66	236
66	254
66	327
66	347
66	473
66	487
66	556
66	652
66	903
66	929
66	985
67	84
67	107
67	135
67	136
67	146
67	186
67	198
67	337
67	383
67	425
67	440
67	463
67	576
67	731
67	757
67	892
67	973
68	110
68	122
68	142
68	174
68	186
68	209
68	213
68	255
68	340
68	346
68	465
68	534
68	587
68	715
68	788
68	850
68	870
68	952
69	82
69	227
69	228
69	353
69	401
69	416
69	444
69	461
69	516
69	519
69	561
69	615
69	640
69	699
69	813
69	823
69	850
69	880
70	72
70	76
70	81
70	115
70	175
70	176
70	310
70	525
70	544
70	746
71	78
71	83
71	92
71	95
71	102
71	346
71	486
71	491
71	601
71	663
71	675
71	716
71	717
71	832
71	858
71	910
72	79
72	115
72	184
72	190
72	202
72	361
72	654
72	828
72	887
72	919
73	74
73	86
73	117
73	241
73	338
73	402
73	455
73	557
73	618
73	633
73	654
73	660
73	714
73	748
73	861
73	873
73	913
73	959
74	76
74	86
74	117
74	241
74	306
74	428
74	429
74	455
74	557
74	569
74	618
74	633
74	654
74	668
74	861
74	913
75	106
75	148
75	163
75	215
75	222
75	235
75	315
75	336
75	378
75	433
75	500
75	554
75	573
75	609
75	616
75	666
75	686
75	757
76	81
76	102
76	109
76	281
76	602
76	791
76	814
76	952
77	134
77	247
77	267
77	316
77	334
77	344
77	355
77	391
77	607
77	741
77	860
78	92
78	95
78	130
78	284
78	285
78	431
78	489
78	575
78	587
78	596
78	644
78	675
78	749
78	988
79	102
79	137
79	208
79	228
79	476
79	636
79	901
80	98
80	104
80	153
80	178
80	205
80	254
80	327
80	473
80	563
80	585
80	622
80	626
80	703
80	985
81	109
81	143
81	184
81	262
81	508
81	802
81	811
81	868
82	228
82	237
82	353
82	364
82	379
82	401
82	443
82	444
82	516
82	578
82	697
82	699
82	823
83	92
83	95
83	96
83	104
83	238
83	366
83	441
83	669
83	749
83	851
83	914
84	99
84	131
84	150
84	577
85	86
85	88
85	89
85	160
85	195
85	252
85	397
85	630
85	704
85	727
85	756
86	99
86	117
86	152
86	241
86	455
86	557
86	569
86	618
86	633
86	654
86	714
86	861
86	873
86	913
87	93
87	95
87	120
87	249
87	296
87	309
87	312
87	319
87	341
87	348
87	367
87	385
87	461
87	535
87	562
87	597
87	830
87	845
88	129
88	135
88	159
88	252
88	261
88	583
88	614
88	681
88	821
88	908
88	915
89	104
89	108
89	154
89	232
89	389
89	430
89	447
89	505
89	586
89	686
89	729
89	735
89	767
89	770
89	794
89	799
90	128
90	328
90	497
90	601
90	708
90	824
90	898
91	140
91	244
91	820
92	95
92	96
92	155
92	185
92	414
92	663
92	859
92	956
93	185
93	202
93	249
93	296
93	309
93	312
93	341
93	348
93	367
93	385
93	436
93	461
93	562
93	830
93	980
94	135
94	159
94	160
94	216
94	400
94	580
94	584
94	594
94	702
94	915
95	285
95	386
95	441
95	565
95	582
95	917
96	115
96	228
96	579
96	596
96	634
96	897
96	975
96	988
96	999
97	200
97	328
97	469
97	714
97	771
97	838
98	104
98	108
98	153
98	178
98	233
98	254
98	294
98	327
98	472
98	585
98	626
98	774
98	810
99	634
99	936
100	165
100	187
100	210
100	243
100	342
100	381
100	420
100	425
100	466
100	504
100	647
100	781
100	865
100	877
100	926
101	144
101	283
101	491
101	494
101	661
101	718
101	849
101	874
101	907
101	922
101	971
102	262
102	545
102	857
103	105
103	112
103	121
103	217
103	229
103	254
103	273
103	335
103	343
103	641
103	897
103	943
103	960
103	981
104	153
104	205
104	233
104	254
104	327
104	347
104	459
104	472
104	567
104	622
104	792
105	112
105	121
105	217
105	229
105	273
105	343
105	377
105	403
105	477
105	548
105	646
105	808
105	829
105	981
106	163
106	166
106	207
106	235
106	336
106	433
106	458
106	500
106	554
106	559
106	711
106	907
107	136
107	141
107	146
107	198
107	383
107	387
107	425
107	463
107	477
107	590
107	636
107	728
107	757
107	892
108	215
108	232
108	447
108	483
108	505
108	586
108	686
108	729
108	767
108	770
108	794
108	909
109	115
109	169
109	297
109	723
109	890
110	122
110	174
110	209
110	213
110	255
110	265
110	340
110	346
110	465
110	534
110	721
110	788
110	952
111	176
111	299
111	436
111	438
111	465
111	839
111	921
112	121
112	217
112	273
112	343
112	409
112	477
112	548
112	808
112	943
112	960
113	172
113	251
113	282
113	301
113	372
113	464
113	490
113	608
113	612
113	685
113	687
113	827
113	920
113	967
114	289
114	323
114	412
114	470
114	492
114	572
114	612
114	661
114	693
114	751
114	798
114	834
114	937
114	950
115	151
115	419
115	698
116	143
116	380
116	398
116	498
116	581
116	645
116	662
116	663
116	678
116	765
116	787
116	841
116	911
116	945
117	131
117	241
117	273
117	455
117	527
117	553
117	569
117	618
117	654
117	660
117	873
117	883
118	176
118	191
118	240
118	299
118	513
118	530
118	600
118	642
119	120
119	202
119	253
119	267
119	320
119	351
119	368
119	384
119	448
119	460
119	722
119	736
119	837
120	125
120	207
120	269
120	298
120	333
120	364
120	431
120	481
120	638
120	812
120	843
121	141
121	217
121	229
121	273
121	287
121	343
121	477
121	548
121	641
121	646
121	960
122	174
122	209
122	213
122	227
122	262
122	340
122	346
122	413
122	587
122	715
122	870
123	190
123	246
123	314
123	496
123	509
123	512
123	518
123	538
123	852
123	866
123	900
123	954
123	964
123	987
124	131
124	173
124	183
124	189
124	204
124	263
124	274
124	595
124	627
124	658
124	734
124	767
124	962
125	207
125	269
125	298
125	316
125	333
125	364
125	431
125	481
125	638
125	704
125	750
125	843
126	140
126	147
126	150
126	161
126	214
126	312
126	359
126	419
126	487
126	882
126	918
126	936
127	129
127	432
127	656
128	295
128	415
128	428
129	132
129	152
129	405
129	456
129	570
129	597
129	713
129	731
129	824
129	826
129	836
129	955
130	154
130	180
130	212
130	256
130	274
130	317
130	440
130	900
131	173
131	183
131	204
131	274
131	294
131	519
131	604
131	627
131	935
131	962
132	152
132	221
132	350
132	456
132	570
132	597
132	713
132	731
132	755
132	824
132	928
132	958
133	182
133	206
133	257
133	308
133	434
133	471
133	495
133	503
133	723
133	744
133	795
134	215
134	247
134	264
134	539
134	653
134	786
135	168
135	358
135	684
135	933
136	146
136	198
136	337
136	387
136	425
136	463
136	636
136	697
136	973
137	284
137	525
137	610
137	775
137	783
137	844
137	876
137	883
137	978
138	158
138	199
138	374
138	392
138	574
138	586
138	628
138	707
138	895
138	946
138	984
139	221
139	548
139	665
139	690
140	147
140	150
140	161
140	190
140	214
140	359
140	419
140	606
140	882
140	936
141	196
141	198
141	418
141	432
141	437
141	501
141	543
141	623
141	724
141	730
141	789
142	162
142	261
142	476
142	502
142	529
142	537
142	886
142	918
142	929
142	930
143	198
143	380
143	398
143	410
143	498
143	581
143	662
143	765
143	826
143	911
143	945
144	192
144	395
144	410
144	475
144	554
144	635
144	696
144	806
144	822
144	940
145	167
145	174
145	304
145	405
145	410
145	452
145	518
145	769
145	814
145	820
145	860
145	899
145	980
146	198
146	217
146	337
146	387
146	399
146	463
146	576
146	590
146	954
147	150
147	158
147	161
147	214
147	267
147	487
147	676
147	734
147	882
147	936
148	164
148	170
148	230
148	290
148	325
148	375
148	391
148	588
148	647
148	742
148	931
149	226
149	258
149	265
149	313
149	414
149	600
149	740
149	778
149	788
149	998
150	161
150	214
150	359
150	409
150	487
150	676
150	734
150	849
151	299
151	977
152	350
152	597
152	755
152	824
152	826
152	836
152	955
153	271
153	347
153	379
153	458
153	652
153	728
153	764
154	275
154	306
154	435
154	454
154	520
154	531
154	611
154	684
154	890
154	925
155	441
155	565
155	613
155	832
155	924
155	956
155	975
156	248
156	260
156	266
156	329
156	335
156	523
156	817
156	839
156	912
156	916
156	977
157	226
157	245
157	291
157	407
157	471
157	527
157	552
157	553
157	621
157	653
157	884
158	199
158	370
158	374
158	392
158	488
158	568
158	574
158	946
159	249
159	272
159	281
159	603
159	790
160	168
160	472
160	540
160	733
160	785
161	214
161	226
161	359
161	419
161	446
161	487
161	713
161	734
162	181
162	261
162	502
162	529
162	537
162	886
162	918
162	929
162	930
163	194
163	235
163	315
163	360
163	500
163	573
163	761
164	170
164	230
164	325
164	375
164	560
164	588
164	847
164	896
164	931
164	989
165	210
165	243
165	342
165	381
165	420
165	429
165	466
165	647
165	781
166	215
166	268
166	315
166	336
166	458
166	573
166	609
166	745
166	865
167	225
167	304
167	405
167	452
167	518
167	809
167	814
167	820
167	860
167	880
167	899
168	205
168	216
168	568
169	186
169	271
169	311
169	326
169	332
169	442
169	807
169	935
169	955
169	966
169	986
170	184
170	230
170	255
170	290
170	325
170	375
170	742
170	835
170	989
171	318
171	323
171	404
171	725
171	898
171	949
172	286
172	287
172	339
172	406
172	409
172	429
172	469
172	656
172	762
173	183
173	189
173	204
173	274
173	294
173	604
173	608
173	688
174	209
174	213
174	220
174	255
174	346
174	413
174	551
175	330
175	546
175	777
176	193
176	394
176	484
176	546
176	690
177	203
177	234
177	268
177	459
177	571
177	589
177	933
177	959
177	976
178	205
178	327
178	585
178	728
178	792
178	938
179	325
179	394
179	436
179	438
180	234
180	416
180	417
180	438
180	763
180	901
181	224
181	250
181	270
181	532
181	603
181	695
181	758
181	815
181	889
181	974
182	206
182	257
182	308
182	495
182	503
182	723
182	744
182	754
182	784
182	984
183	189
183	204
183	218
183	274
183	294
183	721
183	962
184	282
185	216
185	225
185	524
185	825
186	277
186	332
186	373
186	382
186	539
186	556
186	602
186	986
187	396
187	489
187	563
187	606
187	719
187	739
187	863
187	991
187	993
188	211
188	218
188	231
188	233
188	259
188	371
188	386
188	428
188	773
188	858
189	204
189	272
189	294
189	604
189	658
189	721
189	893
189	935
190	220
190	245
190	357
190	365
190	403
190	737
190	759
190	810
191	256
191	378
191	389
191	638
191	753
191	970
192	325
192	341
192	410
192	566
192	696
192	806
192	822
192	848
192	940
193	212
193	415
193	508
193	648
194	223
194	280
194	439
194	478
194	528
194	833
194	948
195	216
195	250
195	293
195	497
195	744
196	437
196	501
196	543
196	623
196	651
196	730
196	997
197	236
197	265
197	517
197	657
197	679
197	717
197	801
197	932
197	992
197	997
198	329
198	337
198	576
198	757
199	349
199	360
199	374
199	488
199	568
199	628
199	984
201	437
201	450
201	921
201	928
202	235
203	234
203	571
203	589
203	650
203	740
203	896
203	959
203	976
204	231
204	307
204	604
204	627
204	658
205	347
205	622
206	257
206	308
206	471
206	503
206	723
206	853
207	333
207	364
207	481
207	704
207	750
207	812
208	306
208	515
209	255
209	370
209	413
209	530
209	534
209	788
210	243
210	342
210	420
210	466
210	738
210	926
211	218
211	223
211	259
211	371
211	399
211	426
211	428
211	511
211	605
212	658
212	753
212	970
213	340
213	346
213	413
213	549
214	270
214	293
214	359
214	676
215	315
215	582
215	674
215	745
216	732
217	273
217	681
217	808
217	981
218	231
218	259
218	371
218	386
218	522
219	362
219	443
219	446
219	601
219	720
219	864
219	924
220	357
220	365
220	403
220	691
220	759
220	878
221	840
223	256
223	263
223	280
223	352
223	439
223	478
223	560
224	250
224	277
224	349
224	695
224	758
224	867
224	974
225	317
225	630
226	245
226	407
226	527
226	553
226	621
226	884
227	578
227	762
227	813
227	823
227	842
227	880
228	561
228	578
228	615
228	697
229	239
229	273
229	343
229	646
229	822
229	943
230	290
230	325
230	347
230	375
230	931
231	371
231	399
231	426
231	522
231	768
231	858
232	430
232	505
232	586
232	735
232	770
232	783
233	652
233	903
233	961
234	513
234	571
234	589
234	650
234	896
234	976
235	268
235	289
235	336
235	941
236	265
236	359
236	559
236	801
236	831
236	951
236	992
237	345
237	353
237	379
237	533
237	561
237	842
238	905
238	974
239	310
239	322
239	438
239	445
239	507
239	593
239	983
240	260
240	300
240	338
240	614
240	747
240	748
240	782
241	462
241	569
241	660
241	714
241	965
242	423
243	254
243	420
243	504
243	647
243	738
244	670
244	981
245	292
245	407
245	653
245	804
245	881
245	884
246	314
246	509
246	538
246	591
246	852
246	866
246	964
247	863
248	266
248	329
248	335
248	363
248	706
248	912
248	916
249	341
249	562
249	845
249	979
249	980
250	270
250	532
250	867
250	889
250	974
251	372
251	685
251	687
251	827
251	910
251	967
252	584
252	655
252	992
253	320
253	368
253	384
253	460
253	705
253	709
254	472
255	340
255	532
255	850
256	392
256	394
256	648
256	655
257	520
257	744
257	795
257	845
257	853
258	313
258	683
258	745
259	365
259	399
259	451
259	773
259	957
260	300
260	338
260	510
260	760
260	893
261	502
261	537
261	688
261	930
262	289
263	302
263	439
263	528
263	560
263	948
264	303
264	474
264	943
265	517
265	932
265	992
265	997
266	329
266	335
266	550
266	817
266	912
266	977
267	279
268	360
268	554
268	741
268	745
269	283
269	298
269	333
269	364
269	481
270	532
270	695
270	730
270	758
270	889
271	311
271	373
271	539
271	556
271	807
271	972
272	324
272	773
274	694
274	721
274	935
275	435
275	520
275	531
275	611
275	925
277	326
277	332
277	373
277	499
277	815
277	816
278	281
278	516
279	344
279	499
280	352
280	478
280	774
280	833
280	892
283	494
283	879
284	525
284	775
284	776
284	783
284	883
285	366
285	912
286	287
286	406
286	409
286	549
286	656
287	406
287	429
287	430
287	549
287	762
288	296
288	505
289	323
289	412
289	470
289	751
289	999
290	375
290	588
290	835
290	854
291	468
291	800
294	627
294	658
295	609
295	725
296	309
296	341
296	348
296	830
297	394
297	973
298	364
298	481
298	750
299	671
299	727
300	358
300	510
300	542
300	747
300	893
301	319
301	356
301	450
302	478
302	528
302	560
302	583
302	772
303	334
303	619
304	405
304	518
304	659
304	814
304	953
305	339
305	369
305	479
305	811
305	846
305	862
305	891
306	454
306	684
306	890
306	925
307	736
308	471
308	495
309	436
309	461
309	535
309	845
310	468
310	507
310	593
310	979
310	990
311	442
311	499
311	556
311	807
312	341
312	367
312	562
312	574
313	369
313	432
314	364
314	496
314	509
314	512
314	987
315	582
315	650
316	645
319	473
320	448
320	493
320	607
320	707
320	722
322	336
322	457
322	595
322	667
322	983
323	567
323	572
323	693
323	798
324	885
325	588
326	332
326	442
326	539
326	815
326	864
327	621
328	434
329	335
329	765
329	916
330	450
331	529
332	442
332	818
332	830
333	478
333	638
334	357
335	706
335	977
336	854
337	383
337	440
337	756
338	542
338	614
338	748
338	833
339	550
339	659
339	664
339	705
339	862
340	870
342	622
342	647
342	877
345	379
345	578
345	699
345	813
345	851
347	472
348	385
348	565
348	616
348	980
349	370
349	392
349	568
349	946
350	570
350	709
350	713
350	836
350	873
351	368
351	384
351	709
351	736
352	439
352	760
352	772
352	833
353	379
353	401
353	916
354	413
355	403
355	1000
356	722
357	631
357	710
357	737
357	759
359	426
360	616
360	666
360	854
362	415
362	443
362	451
362	558
362	872
363	395
363	541
363	566
363	673
363	747
363	803
365	517
365	691
365	710
365	810
366	793
366	961
367	385
367	461
367	535
368	460
368	837
369	479
369	547
369	659
369	664
369	705
370	374
370	488
370	629
370	895
371	399
371	428
371	869
372	549
372	608
372	612
372	920
373	442
373	592
373	966
374	442
374	488
374	574
375	847
377	401
378	521
378	623
379	605
380	581
380	617
380	645
380	778
380	841
381	466
381	467
381	504
381	865
382	412
382	542
382	748
382	760
382	782
382	888
383	387
383	425
383	636
383	639
384	460
384	632
384	709
385	878
386	417
386	522
386	858
387	425
389	835
390	630
390	923
392	552
392	628
393	528
393	805
395	410
395	475
395	488
395	578
396	489
396	563
396	991
396	993
397	613
398	662
398	787
398	841
400	523
402	515
402	551
402	599
402	752
403	691
403	710
404	551
404	632
404	637
404	657
404	752
405	860
405	899
406	656
406	689
407	552
407	563
407	653
408	832
408	927
409	429
409	469
410	635
411	649
411	843
411	904
411	909
412	492
412	524
412	999
413	587
414	968
415	416
416	436
417	766
418	432
418	543
418	651
418	724
419	487
419	960
420	642
420	738
421	700
422	551
422	599
422	620
422	637
422	657
424	507
426	605
426	905
426	957
427	581
427	887
428	773
429	762
430	447
430	505
430	767
432	543
432	789
433	573
433	627
433	674
433	915
435	531
435	890
437	501
437	623
437	651
439	560
439	920
440	480
440	590
440	892
443	446
443	660
443	680
444	519
444	533
445	457
445	507
445	561
445	667
445	743
446	615
446	665
446	828
447	686
448	583
448	707
448	736
451	511
451	558
451	640
451	864
452	518
452	660
452	675
452	769
453	562
454	531
454	611
454	619
454	969
455	633
455	655
456	597
456	928
457	595
457	669
457	743
458	711
460	837
461	535
463	576
464	490
464	608
464	612
464	687
464	967
465	534
465	715
465	850
466	877
466	986
468	629
469	549
469	656
469	939
470	572
470	693
470	725
470	937
471	795
471	853
473	626
473	652
474	492
474	786
475	635
475	777
475	803
477	641
478	528
479	547
479	811
479	891
479	970
480	504
481	789
482	708
482	785
483	801
484	538
484	610
484	970
486	590
488	673
489	863
489	991
489	993
490	564
490	678
490	682
490	685
491	958
492	937
493	831
494	661
495	503
495	737
496	538
496	866
498	581
498	765
499	556
501	651
501	983
502	886
504	926
507	990
509	538
509	867
510	596
510	614
510	782
511	680
511	720
511	864
512	954
513	521
514	808
515	599
515	620
516	842
517	619
517	831
519	576
520	611
520	684
521	751
522	605
523	706
523	817
525	610
525	876
526	551
526	620
526	632
526	664
526	752
527	553
527	621
529	688
530	670
531	598
532	867
533	766
536	574
537	918
539	602
540	664
541	649
541	685
541	803
541	848
542	760
543	720
544	963
547	550
547	659
548	641
550	692
550	705
552	804
553	881
557	729
558	640
558	828
559	761
563	606
566	806
566	940
568	895
569	628
570	731
570	879
571	639
571	650
572	950
573	711
577	615
579	910
582	761
583	772
583	774
585	674
586	799
587	952
589	641
589	896
593	595
593	979
596	644
598	694
599	637
602	609
602	815
604	825
605	957
606	719
606	739
608	827
610	876
610	978
614	888
616	666
619	831
619	997
620	632
621	881
622	728
623	730
624	643
624	708
625	703
625	869
628	984
631	712
632	657
633	978
635	673
636	973
637	657
638	812
640	665
640	924
643	797
645	911
645	945
646	882
648	930
650	933
653	804
659	791
662	787
664	891
665	680
665	720
667	683
667	700
671	763
672	876
673	696
678	687
678	920
679	772
679	932
679	951
688	929
692	811
692	817
692	862
698	710
700	979
700	983
701	807
703	764
704	843
706	752
707	722
719	991
724	789
729	799
735	794
737	878
739	823
739	863
742	847
743	871
743	990
747	856
751	950
755	928
769	782
769	820
770	945
771	889
774	948
775	883
775	904
776	844
776	978
781	865
783	844
792	925
794	844
795	987
798	926
798	999
801	951
804	899
810	878
812	837
822	848
826	955
828	872
835	989
841	875
852	987
853	922
856	888
856	893
871	879
872	924
891	1000
933	959
944	994
946	996
954	964
962	989
966	976
966	986
