1	2
1	3
1	4
1	5
1	6
1	7
1	8
1	9
1	10
1	11
1	14
1	16
1	19
1	22
1	26
1	31
1	43
1	44
1	45
1	50
1	53
1	56
1	62
1	63
1	66
1	73
1	78
1	82
1	85
1	96
1	98
1	100
1	109
1	127
1	128
1	132
1	134
1	139
1	150
1	157
1	160
1	177
1	180
1	185
1	188
1	204
1	208
1	213
1	215
1	221
1	240
1	244
1	253
1	266
1	267
1	271
1	278
1	282
1	286
1	296
1	302
1	309
1	317
1	318
1	321
1	342
1	354
1	358
1	361
1	369
1	394
1	396
1	398
1	406
1	428
1	450
1	462
1	482
1	483
1	520
1	586
1	665
1	722
1	739
1	758
1	779
1	787
1	792
1	827
1	930
1	937
1	938
1	949
1	955
1	961
1	982
2	3
2	4
2	5
2	6
2	7
2	8
2	9
2	10
2	11
2	14
2	19
2	20
2	22
2	26
2	29
2	31
2	32
2	42
2	43
2	44
2	45
2	47
2	50
2	56
2	59
2	62
2	63
2	73
2	83
2	97
2	100
2	108
2	109
2	114
2	119
2	125
2	127
2	134
2	177
2	185
2	195
2	216
2	237
2	240
2	241
2	253
2	309
2	318
2	354
2	357
2	361
2	380
2	398
2	428
2	429
2	453
2	463
2	482
2	483
2	487
2	520
2	539
2	590
2	612
2	617
2	622
2	653
2	660
2	673
2	688
2	694
2	741
2	754
2	828
2	872
2	901
2	905
2	917
2	943
2	951
2	962
2	988
2	1000
3	4
3	5
3	6
3	7
3	8
3	9
3	10
3	11
3	13
3	14
3	19
3	22
3	24
3	26
3	31
3	43
3	44
3	45
3	50
3	62
3	63
3	64
3	67
3	73
3	74
3	76
3	78
3	82
3	84
3	100
3	109
3	116
3	134
3	150
3	182
3	185
3	208
3	215
3	216
3	221
3	222
3	247
3	249
3	253
3	268
3	296
3	297
3	305
3	318
3	326
3	331
3	337
3	380
3	406
3	450
3	458
3	482
3	483
3	493
3	520
3	528
3	542
3	612
3	660
3	665
3	671
3	709
3	759
3	787
3	829
3	839
3	840
3	893
3	930
3	931
3	938
3	957
3	963
3	966
4	5
4	6
4	7
4	8
4	9
4	10
4	11
4	14
4	19
4	22
4	26
4	31
4	33
4	34
4	43
4	45
4	47
4	48
4	50
4	63
4	66
4	78
4	82
4	86
4	98
4	100
4	102
4	109
4	110
4	116
4	121
4	127
4	129
4	134
4	157
4	185
4	188
4	213
4	216
4	233
4	241
4	253
4	265
4	296
4	302
4	305
4	358
4	384
4	394
4	463
4	485
4	487
4	492
4	500
4	528
4	608
4	613
4	655
4	691
4	741
4	769
4	792
4	799
4	921
4	926
4	952
4	957
4	966
4	980
4	990
4	1000
5	6
5	7
5	8
5	9
5	10
5	11
5	14
5	19
5	22
5	26
5	31
5	36
5	43
5	47
5	50
5	56
5	59
5	62
5	63
5	73
5	78
5	79
5	85
5	89
5	98
5	109
5	132
5	137
5	157
5	161
5	177
5	204
5	208
5	213
5	221
5	240
5	241
5	253
5	268
5	286
5	317
5	318
5	326
5	394
5	396
5	417
5	447
5	458
5	463
5	470
5	498
5	520
5	554
5	591
5	601
5	604
5	637
5	655
5	823
5	828
5	864
5	893
5	905
5	959
5	994
6	7
6	8
6	9
6	10
6	11
6	14
6	19
6	22
6	23
6	31
6	43
6	44
6	45
6	47
6	50
6	51
6	56
6	59
6	62
6	63
6	64
6	66
6	73
6	82
6	85
6	102
6	109
6	134
6	141
6	150
6	171
6	182
6	191
6	216
6	240
6	241
6	249
6	263
6	266
6	276
6	302
6	305
6	309
6	326
6	346
6	358
6	366
6	380
6	406
6	429
6	437
6	458
6	482
6	485
6	496
6	498
6	538
6	583
6	716
6	759
6	769
6	779
6	901
6	980
7	8
7	9
7	10
7	11
7	13
7	14
7	19
7	22
7	26
7	31
7	43
7	44
7	45
7	50
7	56
7	59
7	66
7	73
7	82
7	100
7	109
7	110
7	116
7	127
7	130
7	146
7	177
7	188
7	190
7	204
7	211
7	270
7	276
7	298
7	305
7	326
7	337
7	354
7	380
7	382
7	396
7	400
7	412
7	428
7	454
7	455
7	463
7	492
7	493
7	498
7	551
7	554
7	569
7	572
7	604
7	632
7	655
7	769
7	847
7	858
7	880
7	917
7	930
8	9
8	10
8	11
8	12
8	14
8	17
8	19
8	22
8	26
8	31
8	40
8	43
8	44
8	45
8	47
8	50
8	61
8	66
8	73
8	82
8	85
8	98
8	109
8	116
8	150
8	157
8	169
8	177
8	188
8	193
8	216
8	221
8	234
8	240
8	241
8	249
8	253
8	255
8	268
8	328
8	331
8	332
8	358
8	428
8	431
8	438
8	490
8	604
8	647
8	698
8	709
8	711
8	739
8	859
8	917
8	938
8	985
9	10
9	11
9	14
9	19
9	22
9	26
9	32
9	44
9	45
9	46
9	47
9	50
9	56
9	59
9	60
9	62
9	63
9	66
9	72
9	78
9	93
9	98
9	116
9	127
9	134
9	154
9	177
9	204
9	241
9	268
9	271
9	296
9	302
9	335
9	382
9	392
9	394
9	396
9	398
9	406
9	431
9	458
9	462
9	482
9	617
9	665
9	714
9	739
9	779
9	789
9	857
9	892
9	897
9	917
9	952
10	11
10	13
10	14
10	19
10	22
10	31
10	33
10	39
10	44
10	47
10	56
10	62
10	66
10	73
10	78
10	82
10	94
10	125
10	127
10	150
10	157
10	169
10	178
10	185
10	188
10	197
10	205
10	215
10	249
10	271
10	279
10	394
10	431
10	442
10	447
10	450
10	455
10	487
10	492
10	493
10	565
10	608
10	612
10	617
10	672
10	698
10	833
10	893
10	926
10	943
10	956
11	14
11	19
11	43
11	44
11	45
11	47
11	56
11	59
11	62
11	63
11	73
11	74
11	78
11	82
11	85
11	98
11	100
11	116
11	127
11	129
11	185
11	200
11	213
11	230
11	231
11	240
11	266
11	276
11	326
11	331
11	390
11	397
11	412
11	447
11	453
11	543
11	547
11	551
11	569
11	612
11	614
11	660
11	690
11	787
11	842
11	864
11	884
11	939
12	15
12	16
12	20
12	27
12	36
12	51
12	63
12	70
12	72
12	88
12	115
12	120
12	122
12	142
12	146
12	152
12	158
12	166
12	186
12	190
12	211
12	222
12	257
12	258
12	259
12	275
12	295
12	393
12	427
12	464
12	481
12	489
12	490
12	492
12	515
12	543
12	555
12	556
12	563
12	578
12	620
12	628
12	703
12	730
12	844
12	849
12	888
12	916
12	948
12	954
12	968
12	978
12	991
12	997
13	16
13	21
13	24
13	33
13	35
13	54
13	57
13	65
13	69
13	75
13	79
13	91
13	93
13	117
13	128
13	137
13	183
13	184
13	198
13	227
13	230
13	265
13	273
13	274
13	275
13	281
13	335
13	350
13	364
13	379
13	410
13	421
13	437
13	466
13	587
13	597
13	666
13	669
13	679
13	681
13	706
13	715
13	720
13	769
13	775
13	794
13	835
13	903
13	939
13	967
13	978
14	16
14	26
14	31
14	44
14	47
14	50
14	59
14	78
14	100
14	102
14	107
14	115
14	188
14	215
14	221
14	240
14	271
14	276
14	296
14	308
14	317
14	354
14	361
14	412
14	450
14	465
14	472
14	485
14	493
14	538
14	608
14	640
14	672
14	690
14	800
14	806
14	833
14	901
14	938
14	943
14	966
14	981
15	18
15	25
15	28
15	46
15	53
15	58
15	71
15	88
15	90
15	97
15	101
15	121
15	176
15	218
15	222
15	226
15	237
15	279
15	282
15	324
15	330
15	340
15	343
15	346
15	353
15	381
15	409
15	414
15	421
15	422
15	435
15	436
15	441
15	452
15	491
15	553
15	577
15	579
15	595
15	596
15	644
15	680
15	696
15	725
15	741
15	743
15	756
15	804
15	811
15	906
15	956
16	20
16	27
16	29
16	36
16	46
16	49
16	51
16	70
16	72
16	83
16	88
16	106
16	120
16	122
16	143
16	146
16	152
16	158
16	159
16	166
16	186
16	190
16	222
16	257
16	258
16	302
16	344
16	393
16	423
16	427
16	490
16	495
16	515
16	543
16	551
16	563
16	584
16	661
16	666
16	731
16	796
16	812
16	849
16	888
16	916
16	948
16	958
16	991
17	25
17	30
17	40
17	63
17	64
17	96
17	97
17	112
17	114
17	117
17	127
17	129
17	130
17	141
17	147
17	159
17	160
17	193
17	206
17	234
17	246
17	262
17	273
17	323
17	327
17	329
17	344
17	376
17	392
17	464
17	469
17	477
17	524
17	566
17	580
17	729
17	735
17	753
17	780
17	798
17	827
17	830
17	834
17	885
17	904
17	996
18	25
18	30
18	33
18	46
18	52
18	53
18	58
18	90
18	101
18	118
18	121
18	179
18	218
18	237
18	279
18	282
18	296
18	312
18	314
18	317
18	324
18	330
18	340
18	343
18	353
18	381
18	409
18	422
18	435
18	436
18	491
18	528
18	553
18	574
18	577
18	579
18	595
18	596
18	623
18	636
18	680
18	696
18	725
18	743
18	777
18	956
19	22
19	26
19	28
19	29
19	32
19	43
19	44
19	47
19	61
19	62
19	63
19	73
19	78
19	100
19	127
19	138
19	153
19	188
19	215
19	216
19	268
19	331
19	378
19	389
19	398
19	400
19	487
19	558
19	667
19	672
19	673
19	813
19	962
20	21
20	27
20	36
20	43
20	51
20	70
20	72
20	88
20	122
20	142
20	146
20	158
20	190
20	211
20	257
20	283
20	295
20	306
20	327
20	382
20	427
20	471
20	495
20	515
20	543
20	556
20	568
20	584
20	591
20	620
20	661
20	699
20	703
20	796
20	805
20	916
20	960
20	997
21	22
21	24
21	33
21	35
21	54
21	57
21	62
21	68
21	74
21	75
21	79
21	93
21	134
21	181
21	183
21	185
21	230
21	233
21	239
21	259
21	277
21	292
21	303
21	366
21	373
21	434
21	503
21	571
21	611
21	666
21	669
21	695
21	727
21	781
21	871
21	882
21	894
22	26
22	31
22	36
22	43
22	44
22	47
22	50
22	59
22	62
22	66
22	85
22	98
22	100
22	116
22	119
22	150
22	167
22	207
22	354
22	383
22	499
22	557
22	660
22	716
22	722
22	741
22	916
23	28
23	34
23	41
23	48
23	86
23	94
23	99
23	106
23	114
23	162
23	166
23	181
23	189
23	312
23	314
23	338
23	341
23	365
23	379
23	383
23	388
23	404
23	449
23	476
23	491
23	565
23	585
23	630
23	714
23	760
23	859
23	861
23	863
23	874
23	905
23	907
23	943
23	984
24	33
24	35
24	46
24	54
24	65
24	71
24	74
24	78
24	79
24	91
24	93
24	118
24	137
24	230
24	265
24	284
24	299
24	303
24	333
24	357
24	362
24	364
24	366
24	416
24	496
24	505
24	511
24	532
24	627
24	687
24	692
24	715
24	891
24	903
24	928
25	39
25	46
25	51
25	53
25	58
25	63
25	90
25	101
25	121
25	186
25	218
25	220
25	237
25	279
25	282
25	324
25	340
25	375
25	381
25	409
25	414
25	436
25	579
25	596
25	623
25	690
25	696
25	713
25	725
25	743
25	756
25	761
25	804
25	811
26	28
26	30
26	31
26	43
26	45
26	50
26	56
26	73
26	91
26	100
26	102
26	109
26	116
26	127
26	156
26	198
26	199
26	216
26	276
26	318
26	431
26	554
26	905
27	32
27	36
27	37
27	51
27	71
27	72
27	88
27	122
27	132
27	137
27	142
27	158
27	160
27	257
27	258
27	295
27	344
27	382
27	423
27	483
27	515
27	555
27	561
27	586
27	661
27	782
27	844
27	954
27	958
27	980
27	991
28	34
28	41
28	48
28	76
28	86
28	94
28	99
28	106
28	114
28	166
28	189
28	288
28	300
28	312
28	314
28	338
28	341
28	365
28	383
28	388
28	404
28	439
28	471
28	476
28	710
28	718
28	760
28	788
28	933
28	984
29	31
29	38
29	49
29	55
29	60
29	83
29	111
29	119
29	125
29	139
29	151
29	161
29	164
29	201
29	307
29	418
29	448
29	456
29	471
29	486
29	514
29	540
29	559
29	652
29	751
29	805
29	838
29	848
29	918
29	925
29	987
30	37
30	40
30	64
30	77
30	96
30	97
30	112
30	124
30	129
30	130
30	141
30	147
30	159
30	193
30	234
30	246
30	327
30	375
30	385
30	392
30	464
30	469
30	524
30	531
30	533
30	740
30	798
30	904
31	33
31	47
31	55
31	62
31	82
31	85
31	168
31	177
31	183
31	208
31	250
31	317
31	544
31	722
31	872
31	880
31	941
32	37
32	39
32	68
32	90
32	92
32	104
32	210
32	245
32	263
32	361
32	368
32	399
32	401
32	465
32	509
32	535
32	629
32	645
32	713
32	774
32	876
32	896
32	915
32	933
32	976
33	54
33	57
33	69
33	74
33	75
33	87
33	93
33	128
33	163
33	185
33	198
33	288
33	348
33	364
33	373
33	496
33	503
33	546
33	687
33	894
33	928
33	939
34	41
34	48
34	50
34	86
34	94
34	99
34	114
34	120
34	166
34	189
34	242
34	300
34	341
34	365
34	373
34	388
34	404
34	439
34	471
34	565
34	641
34	714
34	718
34	793
34	861
34	984
35	46
35	57
35	65
35	74
35	79
35	93
35	130
35	134
35	150
35	233
35	248
35	275
35	288
35	299
35	348
35	357
35	364
35	373
35	428
35	436
35	493
35	504
35	546
35	781
35	782
36	43
36	51
36	70
36	72
36	88
36	100
36	146
36	152
36	158
36	186
36	211
36	268
36	393
36	489
36	545
36	578
36	584
36	586
36	591
36	731
36	997
37	39
37	68
37	92
37	104
37	115
37	189
37	210
37	245
37	263
37	368
37	381
37	399
37	401
37	465
37	488
37	517
37	629
37	645
37	713
37	775
37	876
37	915
37	933
37	997
38	49
38	59
38	60
38	83
38	161
38	174
38	184
38	201
38	210
38	296
38	307
38	313
38	448
38	454
38	513
38	545
38	547
38	559
38	632
38	652
38	682
38	691
38	751
38	825
38	838
38	888
39	68
39	84
39	92
39	97
39	104
39	210
39	245
39	263
39	383
39	399
39	401
39	465
39	488
39	518
39	606
39	629
39	645
39	662
39	870
39	896
39	897
39	933
39	976
40	64
40	87
40	96
40	97
40	129
40	135
40	147
40	150
40	159
40	160
40	197
40	246
40	263
40	327
40	375
40	385
40	392
40	723
40	740
40	827
40	830
40	899
40	971
41	48
41	53
41	86
41	94
41	99
41	106
41	189
41	312
41	338
41	341
41	379
41	388
41	404
41	442
41	471
41	565
41	617
41	804
41	866
41	886
41	907
41	983
42	76
42	99
42	110
42	139
42	144
42	152
42	168
42	175
42	202
42	225
42	236
42	284
42	372
42	427
42	443
42	460
42	518
42	588
42	659
42	676
42	678
42	826
42	934
42	987
43	50
43	63
43	82
43	173
43	188
43	276
43	281
43	447
43	485
43	763
43	792
44	56
44	62
44	68
44	78
44	109
44	149
44	208
44	241
44	249
44	311
44	360
44	361
44	859
45	62
45	100
45	174
45	177
45	201
45	213
45	215
45	276
45	317
45	350
45	498
45	528
45	754
45	831
45	949
46	53
46	58
46	90
46	101
46	121
46	218
46	237
46	279
46	330
46	414
46	422
46	445
46	474
46	491
46	595
46	756
46	906
46	956
47	50
47	62
47	99
47	167
47	202
47	212
47	213
47	305
47	318
47	339
47	432
47	462
47	843
48	62
48	86
48	99
48	106
48	114
48	168
48	181
48	189
48	300
48	312
48	314
48	379
48	439
48	471
48	476
48	684
48	858
48	863
48	907
49	51
49	55
49	60
49	73
49	111
49	119
49	124
49	164
49	174
49	187
49	307
49	454
49	456
49	463
49	486
49	513
49	559
49	682
49	737
49	852
49	925
50	93
50	185
50	213
50	248
50	306
50	485
50	626
50	865
50	980
51	70
51	88
51	120
51	126
51	142
51	158
51	257
51	295
51	490
51	551
51	561
51	584
51	591
51	796
51	812
51	822
52	81
52	84
52	109
52	154
52	336
52	355
52	395
52	416
52	420
52	438
52	503
52	533
52	557
52	638
52	674
52	752
52	777
52	784
52	835
52	923
52	982
52	994
53	58
53	90
53	101
53	135
53	138
53	237
53	279
53	330
53	343
53	353
53	396
53	422
53	435
53	436
53	623
53	811
53	910
54	57
54	69
54	128
54	174
54	184
54	187
54	227
54	275
54	288
54	333
54	410
54	448
54	571
54	616
54	643
54	728
54	764
54	949
54	999
55	60
55	83
55	111
55	151
55	174
55	209
55	313
55	340
55	448
55	453
55	454
55	512
55	514
55	632
55	802
55	825
55	862
55	912
55	976
55	987
56	63
56	66
56	76
56	85
56	185
56	249
56	250
56	294
56	393
56	412
56	455
56	529
56	883
57	63
57	65
57	75
57	129
57	173
57	183
57	198
57	230
57	248
57	275
57	287
57	366
57	405
57	508
57	532
57	624
57	679
57	871
58	101
58	121
58	232
58	237
58	256
58	324
58	329
58	330
58	340
58	435
58	513
58	553
58	569
58	577
58	641
58	680
58	688
58	696
59	66
59	148
59	150
59	240
59	302
59	307
59	389
59	398
59	400
59	412
59	435
59	665
59	858
60	83
60	105
60	111
60	113
60	151
60	154
60	161
60	201
60	307
60	454
60	456
60	644
60	689
60	737
60	817
60	838
60	852
61	63
61	80
61	226
61	260
61	274
61	367
61	405
61	506
61	610
61	611
61	643
61	647
61	752
61	773
61	774
61	817
61	856
61	889
61	902
61	913
62	296
62	577
62	772
62	791
62	952
63	309
63	410
63	453
63	554
63	957
64	83
64	96
64	97
64	114
64	129
64	234
64	321
64	327
64	375
64	376
64	392
64	469
64	480
64	566
64	885
64	971
65	172
65	198
65	241
65	248
65	275
65	277
65	281
65	350
65	368
65	496
65	503
65	562
65	616
65	727
65	797
65	802
65	909
66	73
66	85
66	90
66	157
66	221
66	244
66	266
66	301
66	338
66	569
66	891
67	107
67	131
67	153
67	167
67	207
67	292
67	294
67	319
67	370
67	417
67	421
67	432
67	712
67	742
67	824
67	870
67	944
67	985
67	992
68	92
68	104
68	188
68	210
68	245
68	263
68	401
68	465
68	522
68	535
68	630
68	713
68	876
68	897
68	915
69	91
69	183
69	194
69	248
69	260
69	265
69	281
69	298
69	347
69	363
69	373
69	410
69	687
69	727
69	782
69	789
69	871
70	72
70	88
70	142
70	152
70	158
70	177
70	190
70	211
70	214
70	495
70	502
70	517
70	578
70	699
70	776
71	72
71	102
71	124
71	195
71	200
71	235
71	269
71	304
71	315
71	325
71	352
71	389
71	425
71	572
71	593
71	842
71	847
72	88
72	101
72	120
72	146
72	152
72	211
72	344
72	556
72	578
72	591
72	854
73	104
73	134
73	204
73	206
73	324
73	431
74	175
74	183
74	184
74	193
74	198
74	277
74	281
74	333
74	335
74	508
74	558
74	716
74	967
75	79
75	137
75	146
75	184
75	233
75	239
75	315
75	335
75	348
75	356
75	362
75	562
75	616
75	689
75	831
76	110
76	139
76	144
76	168
76	175
76	202
76	327
76	372
76	443
76	518
76	560
76	583
76	588
76	855
76	934
77	84
77	306
77	334
77	403
77	406
77	426
77	564
77	664
77	786
77	794
77	836
77	874
77	887
77	900
77	945
77	947
77	953
77	974
78	85
78	268
78	331
78	575
78	667
78	709
78	732
79	93
79	137
79	153
79	234
79	366
79	399
79	418
79	497
79	587
79	597
79	764
79	797
80	101
80	142
80	151
80	226
80	260
80	274
80	313
80	341
80	367
80	405
80	497
80	611
80	643
80	774
80	817
80	913
80	993
81	84
81	154
81	175
81	184
81	355
81	395
81	411
81	416
81	420
81	438
81	507
81	638
81	674
81	777
81	806
81	833
81	982
82	246
82	266
82	316
82	339
82	358
82	458
82	462
82	945
83	111
83	119
83	151
83	214
83	456
83	486
83	513
83	514
83	737
83	852
83	925
84	154
84	300
84	336
84	355
84	395
84	416
84	438
84	507
84	638
84	674
84	784
84	835
84	923
85	116
85	134
85	157
85	319
85	395
85	538
85	895
85	914
86	94
86	106
86	145
86	166
86	189
86	300
86	341
86	439
86	476
86	725
86	894
86	983
87	148
87	155
87	229
87	256
87	293
87	320
87	337
87	360
87	373
87	475
87	479
87	568
87	711
87	724
87	866
88	120
88	122
88	152
88	171
88	257
88	317
88	490
88	563
89	108
89	127
89	156
89	162
89	181
89	197
89	206
89	210
89	279
89	459
89	631
89	746
89	845
89	909
89	920
89	962
90	279
90	282
90	381
90	491
90	532
90	623
90	680
90	688
90	784
90	906
91	128
91	183
91	215
91	239
91	265
91	350
91	357
91	390
91	455
91	795
91	967
91	970
91	977
92	104
92	130
92	210
92	245
92	368
92	438
92	482
92	488
92	490
92	517
92	535
92	738
92	896
93	117
93	137
93	213
93	328
93	335
93	392
93	715
93	903
94	106
94	114
94	227
94	300
94	312
94	314
94	338
94	476
94	740
94	913
95	103
95	217
95	229
95	242
95	267
95	272
95	474
95	525
95	592
95	610
95	646
95	706
95	808
95	815
95	881
95	986
96	97
96	129
96	147
96	193
96	246
96	375
96	376
96	524
96	534
96	554
96	735
97	129
97	140
97	147
97	159
97	273
97	480
97	834
97	996
98	157
98	260
98	266
98	337
98	423
98	425
98	429
98	700
98	926
99	106
99	114
99	148
99	300
99	383
99	439
99	541
99	760
99	861
100	119
100	285
100	818
100	962
101	121
101	343
101	409
101	414
101	641
101	785
101	786
101	804
102	124
102	200
102	235
102	244
102	269
102	304
102	315
102	352
102	389
102	425
103	120
103	242
103	267
103	272
103	525
103	592
103	599
103	625
103	646
103	785
103	815
103	881
103	952
103	972
104	141
104	210
104	303
104	308
104	368
104	488
104	535
104	629
104	897
105	126
105	133
105	169
105	227
105	244
105	417
105	419
105	478
105	621
105	649
105	710
105	758
105	768
105	829
106	136
106	203
106	341
106	365
106	379
106	383
106	678
107	113
107	131
107	153
107	166
107	167
107	287
107	347
107	391
107	402
107	421
107	602
107	944
107	985
108	156
108	162
108	181
108	197
108	206
108	225
108	302
108	459
108	746
108	814
108	834
108	845
108	909
109	453
109	673
109	816
109	946
110	139
110	144
110	162
110	168
110	175
110	225
110	236
110	460
110	583
110	678
110	748
111	151
111	174
111	201
111	228
111	456
111	501
111	514
111	693
111	912
111	974
112	118
112	129
112	141
112	150
112	160
112	273
112	322
112	323
112	375
112	464
112	619
112	971
113	131
113	153
113	167
113	285
113	287
113	292
113	294
113	407
113	592
113	685
113	870
113	992
114	166
114	189
114	404
114	630
114	714
115	125
115	132
115	199
115	457
115	468
115	567
115	590
115	684
115	762
115	770
115	879
116	204
116	213
116	259
116	326
116	443
117	176
117	233
117	259
117	299
117	366
117	434
117	496
117	504
117	626
117	929
117	939
118	212
118	243
118	472
118	494
118	530
118	549
118	573
118	653
118	704
118	821
118	936
119	151
119	164
119	174
119	198
119	513
119	540
119	802
119	825
120	142
120	257
120	265
120	586
120	658
120	854
120	958
121	218
121	320
121	409
121	491
121	556
121	641
121	902
122	142
122	186
122	190
122	222
122	313
122	434
122	715
122	731
122	864
123	125
123	133
123	165
123	178
123	196
123	203
123	271
123	311
123	345
123	358
123	641
123	663
123	686
123	799
124	195
124	200
124	269
124	325
124	352
124	572
124	639
124	823
124	847
124	892
125	199
125	286
125	567
125	585
125	590
125	684
125	705
125	719
125	879
126	169
126	400
126	417
126	419
126	461
126	478
126	635
126	649
126	768
126	829
126	873
126	878
127	144
127	261
127	271
128	184
128	230
128	248
128	281
128	299
128	348
128	527
128	692
128	919
129	130
129	160
129	237
129	480
130	147
130	193
130	207
130	234
130	469
130	566
130	819
130	904
131	292
131	421
131	422
131	432
131	475
131	600
131	712
131	749
131	824
131	941
132	170
132	286
132	457
132	567
132	650
132	708
132	719
132	770
132	832
133	165
133	178
133	196
133	203
133	277
133	377
133	413
133	424
133	553
133	694
133	988
134	188
134	397
134	672
135	187
135	209
135	217
135	221
135	236
135	369
135	430
135	552
135	594
135	788
135	908
136	264
136	359
136	508
136	618
136	626
136	637
136	721
136	749
136	820
136	862
136	863
136	989
137	277
137	282
137	299
137	328
137	373
137	504
138	297
138	446
138	537
138	557
138	603
138	635
138	656
138	762
138	764
138	765
138	837
139	144
139	175
139	202
139	225
139	372
139	583
139	679
139	748
140	238
140	378
140	510
140	607
140	732
140	810
140	853
140	856
140	924
140	929
140	951
140	975
141	159
141	193
141	327
141	477
141	480
141	819
141	867
141	899
142	185
142	393
142	423
142	699
142	868
143	235
143	298
143	308
143	404
143	575
143	582
143	613
143	659
143	790
143	895
143	955
143	970
144	168
144	225
144	236
144	307
144	460
144	560
144	776
144	927
145	164
145	322
145	387
145	531
145	536
145	622
145	633
145	651
145	726
145	808
145	968
146	211
146	222
146	561
146	644
146	954
147	160
147	311
147	323
147	753
147	819
147	861
148	157
148	229
148	256
148	568
148	601
148	657
148	813
148	866
148	935
149	219
149	301
149	323
149	329
149	339
149	359
149	519
149	599
149	851
149	942
149	969
150	759
150	880
151	164
151	388
151	805
151	855
151	918
152	222
152	277
152	295
152	555
152	953
153	294
153	391
153	402
153	407
153	712
153	771
153	992
154	299
154	336
154	355
154	416
154	420
154	507
154	806
155	194
155	229
155	293
155	320
155	360
155	424
155	526
155	552
155	657
155	686
155	783
156	162
156	181
156	197
156	380
156	444
156	631
156	674
156	920
156	979
157	596
157	673
157	719
158	164
158	258
158	494
158	812
158	872
159	183
159	193
159	273
159	323
159	477
159	533
160	323
160	430
160	464
160	566
160	580
161	275
161	313
161	540
161	545
161	632
161	652
161	689
161	848
162	181
162	197
162	206
162	227
162	444
162	459
162	909
163	252
163	268
163	284
163	433
163	441
163	582
163	598
163	671
163	693
163	814
163	865
164	201
164	313
164	486
164	647
164	685
164	918
165	178
165	196
165	311
165	345
165	346
165	349
165	377
165	413
165	603
165	923
166	365
166	388
166	449
166	630
167	207
167	325
167	370
167	407
167	432
167	600
167	944
168	175
168	225
168	236
168	748
168	776
168	825
169	385
169	417
169	419
169	478
169	649
169	758
169	768
169	873
170	172
170	258
170	303
170	310
170	397
170	484
170	574
170	594
170	807
170	839
171	224
171	254
171	511
171	527
171	662
171	763
171	911
171	961
171	965
172	219
172	310
172	397
172	484
172	574
172	594
172	603
172	615
172	807
173	251
173	290
173	293
173	349
173	411
173	445
173	529
173	581
173	697
174	301
174	691
174	805
174	912
175	197
175	225
175	236
175	443
176	220
176	228
176	294
176	437
176	675
176	755
176	850
176	869
176	921
177	396
177	563
178	196
178	203
178	295
178	311
178	424
178	535
178	878
179	272
179	319
179	408
179	466
179	541
179	877
179	884
179	919
179	927
179	979
180	238
180	255
180	371
180	390
180	483
180	499
180	502
180	521
180	544
180	745
181	206
181	378
181	631
181	920
182	223
182	232
182	278
182	386
182	530
182	605
182	750
182	886
182	946
183	360
183	687
183	781
184	217
184	227
184	434
184	977
186	222
186	258
186	481
186	551
186	888
186	986
187	209
187	217
187	369
187	429
187	430
187	588
187	609
187	908
188	356
189	312
189	477
189	863
190	211
190	427
190	475
190	948
190	989
191	216
191	247
191	291
191	452
191	500
191	505
191	593
191	654
191	658
191	772
192	205
192	262
192	290
192	321
192	440
192	602
192	642
192	681
192	766
192	780
192	932
193	209
193	580
193	753
194	229
194	320
194	526
194	536
194	700
194	711
194	724
194	812
194	813
195	200
195	244
195	304
195	315
195	348
195	572
195	823
196	203
196	314
196	424
196	686
196	860
196	995
197	206
197	444
197	459
198	277
198	362
198	669
199	290
199	457
199	501
199	585
199	705
199	816
199	890
200	235
200	244
200	352
200	572
200	651
201	682
201	691
201	751
201	983
202	372
202	435
202	518
202	678
202	855
202	998
203	346
203	375
203	377
203	413
203	779
204	309
204	492
204	516
204	880
205	261
205	316
205	351
205	461
205	467
205	550
205	628
205	963
206	270
206	746
206	845
207	292
207	391
207	407
207	736
207	824
207	941
208	215
208	241
208	305
208	429
208	456
209	217
209	369
209	430
209	548
209	552
209	609
210	263
210	304
211	370
211	489
212	243
212	367
212	472
212	549
212	573
212	742
212	821
212	936
213	305
214	250
214	280
214	418
214	695
214	747
214	767
214	846
214	959
215	462
215	487
216	552
216	645
217	430
217	548
217	609
217	903
217	908
218	353
218	570
218	579
218	595
218	688
219	221
219	270
219	339
219	359
219	519
219	599
219	791
219	940
220	228
220	437
220	675
220	755
220	852
220	869
220	901
220	973
221	305
221	648
222	280
222	854
223	232
223	261
223	278
223	386
223	440
223	530
223	605
223	750
223	796
224	242
224	254
224	527
224	636
224	662
224	750
224	763
224	840
224	961
225	236
225	676
225	787
226	352
226	367
226	643
226	647
226	889
226	902
226	913
227	259
227	303
227	503
227	508
228	412
228	437
228	675
228	850
228	869
228	921
228	973
229	233
229	256
229	293
229	479
230	257
230	277
230	281
231	342
231	451
231	494
231	717
231	801
231	950
231	990
231	998
232	278
232	386
232	402
232	530
232	946
232	965
233	347
233	504
233	616
234	246
234	392
234	729
235	244
235	309
235	389
235	823
235	842
236	708
236	944
237	239
238	255
238	363
238	384
238	473
238	521
238	803
238	940
239	265
239	744
239	807
239	882
239	978
240	561
242	267
242	323
242	625
242	646
242	986
243	285
243	472
243	494
243	549
243	585
243	890
243	936
244	269
244	315
245	368
245	398
245	576
245	606
246	273
246	385
246	834
247	291
247	452
247	500
247	505
247	593
247	654
247	875
248	443
248	546
248	795
249	455
249	608
249	739
250	280
250	418
250	593
250	695
250	747
250	959
251	290
251	349
251	411
251	445
251	529
251	581
251	634
251	682
252	284
252	433
252	441
252	442
252	480
252	757
252	814
252	981
253	269
253	322
253	1000
254	511
254	560
254	636
254	738
254	763
254	770
254	961
255	371
255	376
255	384
255	390
255	415
255	757
256	320
256	360
256	401
256	601
256	700
257	450
258	382
258	736
258	854
259	299
259	347
259	348
259	797
260	274
260	367
260	405
260	752
260	856
261	316
261	332
261	351
261	467
261	550
261	628
262	321
262	440
262	701
262	766
262	803
262	822
262	922
263	517
263	775
264	324
264	331
264	542
264	618
264	637
264	749
264	820
264	862
265	328
265	562
266	798
266	893
266	969
267	272
267	367
267	474
267	525
267	999
268	538
269	325
269	734
269	842
269	892
270	329
270	359
270	657
270	791
270	940
270	969
271	380
271	455
271	627
272	449
272	785
272	808
272	881
272	972
273	347
273	477
273	533
274	457
274	611
274	752
274	856
274	993
275	362
275	831
276	317
276	624
277	410
278	386
278	452
278	571
278	605
278	946
280	304
280	418
280	767
280	846
280	860
281	747
282	324
282	343
283	342
283	451
283	504
283	717
283	801
283	931
283	998
284	442
284	598
284	671
284	981
285	370
285	391
285	402
285	407
285	600
286	457
286	509
286	585
286	684
287	294
287	391
287	402
287	421
287	631
288	615
288	669
288	761
288	978
289	470
289	523
289	587
289	793
289	800
289	843
289	857
289	910
290	411
290	445
290	529
290	570
291	334
291	374
291	505
291	654
291	658
291	772
292	294
292	432
292	873
293	374
293	589
293	700
293	783
294	370
295	344
295	753
297	356
297	434
297	537
297	547
297	557
297	635
298	308
298	506
298	613
298	659
298	932
299	495
300	669
301	329
301	339
301	519
301	702
301	851
302	883
303	328
303	333
303	894
304	352
304	389
304	425
306	334
306	426
306	564
306	874
306	875
307	802
307	987
308	506
308	582
308	613
308	932
309	692
309	792
310	397
310	484
310	603
310	807
310	899
310	936
311	413
311	663
311	878
312	384
313	644
313	848
314	383
314	983
315	325
315	389
315	584
316	351
316	403
316	550
316	628
316	963
318	459
318	559
319	408
319	541
319	919
319	927
319	979
320	479
320	601
320	907
321	440
321	642
321	780
321	822
322	387
322	668
322	723
322	773
322	867
323	376
324	340
325	326
325	352
325	892
326	473
327	580
328	362
328	481
328	558
329	599
329	702
330	489
330	655
331	977
332	351
332	386
332	461
332	467
332	550
333	627
333	629
333	958
334	426
334	564
334	786
334	836
335	562
335	666
336	507
336	650
336	784
336	994
337	400
337	821
337	858
338	610
338	630
339	359
339	969
340	476
342	451
342	620
342	683
342	931
343	354
343	594
344	495
344	543
345	346
345	377
345	663
345	743
345	988
346	377
346	995
347	366
347	558
348	415
349	411
349	570
349	581
349	589
350	621
350	794
350	970
351	461
351	467
351	934
353	381
353	447
353	555
354	539
355	420
355	835
355	967
356	537
356	557
356	656
356	837
357	764
357	782
357	928
358	401
359	599
359	702
360	589
360	601
361	483
361	778
362	558
362	789
363	415
363	466
363	499
363	639
363	757
364	470
364	587
364	612
365	449
365	469
367	902
368	759
369	548
369	744
369	788
370	549
370	736
371	473
371	544
371	609
371	745
371	898
372	564
372	855
372	877
374	522
374	707
374	730
374	734
374	960
376	380
376	798
377	595
377	672
378	510
378	677
378	810
378	853
379	449
379	718
381	553
382	489
382	620
384	502
384	639
384	803
385	477
385	650
385	830
386	530
386	717
387	419
387	651
387	773
387	879
387	968
388	881
390	415
390	502
390	544
391	642
391	736
393	555
393	849
394	453
394	702
395	438
395	777
397	484
399	606
399	976
400	492
402	550
403	564
403	664
403	836
403	953
405	643
405	774
406	447
407	811
408	466
408	607
408	830
408	884
409	712
410	627
411	445
413	799
413	853
414	579
414	633
415	473
415	757
416	820
417	621
418	846
419	710
419	900
420	488
420	519
422	680
423	481
423	661
424	694
424	878
425	587
425	847
426	875
426	887
426	950
427	586
428	690
429	844
430	548
431	790
432	824
433	441
433	598
433	671
433	964
434	831
436	729
437	850
439	605
440	701
440	780
441	619
441	865
442	693
442	868
443	678
444	478
444	631
444	828
445	697
446	524
446	537
446	547
446	656
446	837
448	512
448	644
449	1000
450	511
451	502
451	683
451	950
452	500
452	654
454	611
457	468
458	569
459	496
460	560
460	918
460	924
461	628
461	963
462	949
463	864
464	885
465	775
466	884
466	979
467	915
467	975
468	590
468	703
468	705
468	832
469	827
470	523
470	898
470	910
472	494
472	653
473	499
473	634
474	646
474	785
474	808
475	657
475	813
475	866
478	710
478	758
479	526
479	573
479	935
480	993
481	638
481	844
484	545
484	778
485	885
486	540
486	849
487	926
488	668
489	760
493	596
494	704
495	906
497	532
497	616
497	624
498	608
499	634
500	658
501	590
501	832
501	879
505	772
506	575
506	955
507	566
508	801
509	650
509	770
509	816
510	663
510	853
510	951
511	840
512	528
512	540
512	685
514	649
515	556
516	576
516	619
516	670
516	937
517	810
518	826
519	940
520	925
521	606
521	745
521	803
522	534
522	765
522	960
523	767
523	800
523	809
524	735
525	610
525	727
526	568
526	656
527	662
527	911
529	581
531	536
531	539
531	651
532	679
533	664
534	730
534	734
534	914
536	614
536	815
537	699
538	972
539	614
539	622
541	877
541	919
542	626
542	637
542	749
544	546
545	632
546	720
547	635
548	625
549	957
552	788
559	652
560	670
561	620
562	748
563	703
565	578
567	816
567	883
568	724
570	634
570	697
571	692
571	999
573	821
573	890
574	778
574	839
575	659
575	790
576	640
576	670
576	964
577	783
580	733
581	754
582	895
582	920
583	588
588	676
589	783
589	935
592	625
592	986
593	658
594	839
597	679
597	882
597	971
598	797
598	814
600	870
600	887
602	642
602	681
602	822
603	778
604	768
604	859
605	886
606	876
607	677
607	924
607	975
609	832
610	972
613	895
614	622
614	668
615	726
615	728
615	733
617	754
618	721
618	989
618	992
619	771
619	964
621	829
621	908
622	728
623	922
624	794
624	871
625	815
626	989
627	891
633	723
633	773
633	968
634	639
635	762
636	738
636	840
637	820
638	982
639	701
640	648
640	771
640	947
642	681
645	766
646	935
647	889
648	670
648	937
648	964
649	873
650	708
651	733
652	795
653	742
653	890
654	995
655	716
656	762
657	711
659	932
660	882
661	966
662	724
663	686
664	841
664	945
665	954
666	891
667	697
667	720
667	833
668	723
668	867
670	846
671	865
673	746
674	923
675	718
675	973
676	776
676	848
677	755
677	810
677	929
683	707
683	931
685	689
693	868
694	988
695	860
698	722
698	828
701	922
704	735
704	742
705	809
706	744
706	977
707	765
707	818
708	719
709	841
717	990
720	789
721	781
721	862
726	867
726	996
728	733
729	899
730	914
731	737
732	924
732	929
734	914
738	965
740	996
744	970
745	896
747	767
750	886
751	756
755	921
761	795
761	999
765	818
766	922
771	947
786	841
790	955
791	942
793	800
793	843
799	995
801	998
806	994
809	857
809	898
817	993
818	960
819	838
826	934
826	973
836	837
841	974
843	910
845	930
850	904
851	942
851	984
857	898
860	959
868	981
869	911
872	883
874	900
875	900
877	927
887	953
889	948
911	965
912	942
928	991
937	947
941	985
945	974
950	990
951	975
