1	3
1	7
1	9
1	10
1	11
1	25
1	28
1	31
1	36
1	42
1	45
1	46
1	49
1	59
1	78
1	79
1	80
1	86
1	87
1	91
1	101
1	108
1	110
1	112
1	113
1	122
1	128
1	152
1	153
1	156
1	161
1	165
1	174
1	179
1	182
1	191
1	195
1	198
1	207
1	212
1	222
1	230
1	253
1	324
1	339
1	349
1	354
1	355
1	357
1	371
1	372
1	388
1	396
1	398
1	424
1	430
1	434
1	475
1	498
1	548
1	572
1	579
1	583
1	585
1	641
1	644
1	649
1	660
1	689
1	693
1	705
1	708
1	709
1	715
1	720
1	741
1	748
1	751
1	758
1	794
1	823
1	831
1	837
1	846
1	855
1	873
1	876
1	888
1	904
1	913
1	918
1	950
1	951
1	966
1	983
1	994
1	995
1	996
2	8
2	9
2	12
2	13
2	16
2	17
2	35
2	38
2	44
2	54
2	55
2	66
2	98
2	104
2	122
2	123
2	126
2	129
2	135
2	138
2	160
2	167
2	196
2	199
2	203
2	206
2	209
2	219
2	220
2	226
2	227
2	231
2	262
2	268
2	276
2	287
2	296
2	303
2	332
2	364
2	368
2	379
2	396
2	408
2	416
2	460
2	474
2	484
2	501
2	529
2	551
2	558
2	574
2	608
2	663
2	673
2	700
2	745
2	760
2	772
2	795
2	848
2	940
2	953
2	986
2	989
3	4
3	11
3	13
3	14
3	15
3	17
3	18
3	19
3	23
3	24
3	25
3	26
3	27
3	37
3	44
3	58
3	60
3	67
3	68
3	69
3	74
3	83
3	85
3	96
3	100
3	139
3	156
3	175
3	193
3	202
3	233
3	239
3	248
3	272
3	283
3	288
3	329
3	351
3	361
3	377
3	378
3	399
3	402
3	467
3	473
3	478
3	504
3	510
3	536
3	538
3	574
3	634
3	645
3	687
3	712
3	718
3	745
3	759
3	781
3	832
3	866
3	880
3	910
3	969
3	971
4	7
4	10
4	11
4	12
4	13
4	14
4	15
4	19
4	23
4	24
4	25
4	26
4	27
4	36
4	37
4	58
4	67
4	68
4	69
4	83
4	88
4	95
4	96
4	97
4	100
4	103
4	120
4	139
4	155
4	156
4	157
4	168
4	175
4	189
4	193
4	217
4	288
4	300
4	306
4	314
4	356
4	358
4	374
4	378
4	392
4	399
4	482
4	487
4	496
4	500
4	536
4	538
4	549
4	550
4	619
4	634
4	650
4	652
4	722
4	878
4	949
4	956
4	998
5	6
5	16
5	20
5	29
5	30
5	32
5	33
5	39
5	42
5	48
5	51
5	55
5	72
5	73
5	76
5	105
5	120
5	134
5	136
5	140
5	188
5	204
5	227
5	249
5	266
5	271
5	282
5	340
5	352
5	354
5	405
5	409
5	426
5	429
5	445
5	469
5	528
5	568
5	569
5	593
5	616
5	621
5	645
5	670
5	684
5	694
5	753
5	756
5	761
5	773
5	775
5	777
5	793
5	839
5	855
5	863
5	964
5	965
5	974
5	980
6	20
6	29
6	32
6	33
6	39
6	40
6	48
6	55
6	65
6	72
6	73
6	76
6	105
6	124
6	136
6	140
6	143
6	204
6	227
6	240
6	249
6	266
6	282
6	284
6	340
6	350
6	352
6	354
6	405
6	409
6	429
6	445
6	452
6	469
6	528
6	616
6	621
6	670
6	684
6	694
6	751
6	756
6	760
6	761
6	773
6	777
6	839
6	863
6	891
6	894
6	937
6	950
6	958
6	965
6	974
6	980
6	986
7	9
7	10
7	14
7	17
7	31
7	42
7	43
7	45
7	46
7	49
7	59
7	72
7	78
7	79
7	80
7	86
7	91
7	103
7	108
7	109
7	110
7	113
7	153
7	161
7	174
7	176
7	195
7	198
7	207
7	222
7	224
7	230
7	232
7	238
7	339
7	349
7	367
7	372
7	388
7	430
7	498
7	511
7	547
7	585
7	649
7	660
7	689
7	720
7	730
7	758
7	800
7	811
7	869
7	917
7	934
8	12
8	16
8	17
8	35
8	42
8	54
8	59
8	66
8	81
8	85
8	100
8	104
8	126
8	135
8	160
8	165
8	167
8	169
8	199
8	203
8	220
8	231
8	249
8	262
8	276
8	285
8	287
8	302
8	332
8	349
8	364
8	365
8	379
8	396
8	408
8	416
8	430
8	460
8	486
8	501
8	551
8	569
8	608
8	625
8	630
8	680
8	760
8	771
8	772
8	804
8	810
8	880
8	916
8	940
8	953
8	986
9	10
9	31
9	42
9	46
9	49
9	56
9	59
9	78
9	79
9	80
9	87
9	91
9	108
9	110
9	112
9	113
9	153
9	161
9	165
9	174
9	182
9	185
9	195
9	197
9	224
9	230
9	251
9	292
9	293
9	330
9	349
9	357
9	367
9	398
9	407
9	434
9	475
9	511
9	583
9	606
9	614
9	625
9	755
9	758
9	831
9	852
9	904
9	950
9	951
9	990
10	12
10	16
10	42
10	45
10	46
10	49
10	50
10	53
10	59
10	78
10	79
10	80
10	86
10	91
10	104
10	108
10	110
10	112
10	113
10	144
10	174
10	175
10	176
10	182
10	212
10	223
10	224
10	230
10	253
10	279
10	339
10	367
10	372
10	475
10	552
10	585
10	693
10	705
10	709
10	715
10	804
10	829
10	831
10	852
10	995
11	13
11	14
11	15
11	18
11	23
11	24
11	25
11	26
11	37
11	38
11	47
11	67
11	69
11	78
11	83
11	95
11	96
11	100
11	103
11	112
11	139
11	155
11	157
11	162
11	175
11	181
11	239
11	241
11	314
11	356
11	377
11	393
11	407
11	444
11	467
11	487
11	532
11	533
11	537
11	640
11	650
11	765
11	819
11	920
11	956
12	16
12	17
12	35
12	43
12	52
12	54
12	66
12	85
12	104
12	116
12	126
12	135
12	160
12	167
12	169
12	186
12	187
12	199
12	203
12	214
12	219
12	226
12	231
12	239
12	268
12	276
12	287
12	303
12	332
12	376
12	379
12	479
12	630
12	663
12	700
12	721
12	737
12	745
12	771
12	804
12	808
12	880
12	953
12	999
13	14
13	15
13	18
13	19
13	24
13	25
13	26
13	37
13	58
13	68
13	69
13	83
13	100
13	120
13	168
13	183
13	230
13	287
13	294
13	314
13	338
13	345
13	358
13	444
13	476
13	478
13	484
13	500
13	532
13	533
13	586
13	636
13	671
13	673
13	729
13	734
13	788
13	792
13	805
13	842
13	969
13	971
14	15
14	18
14	19
14	23
14	24
14	25
14	26
14	37
14	58
14	68
14	69
14	72
14	83
14	100
14	127
14	168
14	181
14	200
14	202
14	233
14	239
14	263
14	281
14	283
14	319
14	345
14	361
14	387
14	410
14	473
14	504
14	612
14	718
14	740
14	782
14	856
14	861
14	888
14	910
15	16
15	18
15	19
15	20
15	23
15	24
15	25
15	26
15	27
15	37
15	58
15	68
15	69
15	76
15	83
15	96
15	112
15	133
15	139
15	156
15	162
15	202
15	228
15	239
15	276
15	281
15	288
15	343
15	377
15	378
15	392
15	399
15	510
15	533
15	542
15	622
15	640
15	652
15	906
16	17
16	35
16	54
16	66
16	89
16	104
16	126
16	135
16	142
16	167
16	169
16	214
16	219
16	220
16	226
16	231
16	262
16	276
16	287
16	303
16	364
16	365
16	379
16	408
16	416
16	460
16	501
16	569
16	686
16	700
16	745
16	792
16	821
16	954
16	989
17	33
17	35
17	54
17	66
17	91
17	104
17	135
17	149
17	160
17	167
17	169
17	220
17	226
17	231
17	268
17	287
17	365
17	379
17	416
17	448
17	460
17	484
17	529
17	630
17	651
17	680
17	696
17	736
17	772
17	846
17	880
17	933
17	999
18	19
18	21
18	22
18	23
18	24
18	25
18	27
18	39
18	67
18	68
18	120
18	156
18	162
18	221
18	233
18	235
18	243
18	314
18	317
18	374
18	392
18	399
18	444
18	458
18	510
18	557
18	574
18	612
18	779
18	781
18	794
18	851
18	866
19	23
19	24
19	25
19	27
19	37
19	58
19	68
19	83
19	90
19	100
19	102
19	103
19	106
19	139
19	156
19	160
19	162
19	173
19	283
19	323
19	329
19	410
19	538
19	550
19	573
19	601
19	671
19	675
19	784
19	788
19	794
20	29
20	32
20	33
20	39
20	48
20	52
20	55
20	72
20	73
20	74
20	76
20	88
20	105
20	106
20	121
20	189
20	204
20	227
20	266
20	282
20	354
20	362
20	409
20	429
20	445
20	469
20	528
20	550
20	621
20	684
20	694
20	839
20	863
20	894
21	33
21	40
21	57
21	61
21	63
21	87
21	88
21	101
21	114
21	132
21	166
21	238
21	292
21	293
21	296
21	338
21	360
21	394
21	406
21	418
21	421
21	427
21	433
21	456
21	561
21	631
21	691
21	715
21	754
21	809
21	899
21	903
21	955
21	959
21	985
21	992
22	23
22	30
22	34
22	43
22	53
22	70
22	93
22	109
22	152
22	170
22	189
22	192
22	221
22	225
22	255
22	260
22	295
22	310
22	319
22	335
22	338
22	348
22	376
22	505
22	573
22	660
22	670
22	677
22	723
22	729
22	765
22	767
22	836
22	955
22	962
23	24
23	25
23	27
23	67
23	68
23	75
23	100
23	120
23	162
23	168
23	175
23	193
23	217
23	239
23	265
23	318
23	403
23	487
23	493
23	533
23	545
23	636
23	767
23	805
23	851
23	930
23	962
23	998
24	25
24	26
24	27
24	36
24	37
24	67
24	68
24	83
24	103
24	120
24	131
24	155
24	193
24	202
24	393
24	402
24	410
24	493
24	499
24	548
24	553
24	675
24	697
24	704
24	782
24	835
24	971
25	27
25	37
25	48
25	68
25	69
25	83
25	139
25	149
25	155
25	156
25	168
25	175
25	193
25	281
25	473
25	487
25	492
25	499
25	504
25	683
25	762
25	782
25	861
25	984
26	29
26	38
26	58
26	59
26	68
26	100
26	103
26	139
26	180
26	202
26	217
26	226
26	283
26	361
26	402
26	473
26	504
26	536
26	574
26	632
26	640
26	650
26	653
26	767
26	772
26	778
26	859
26	915
27	38
27	67
27	83
27	84
27	96
27	100
27	161
27	162
27	163
27	168
27	181
27	202
27	239
27	329
27	333
27	358
27	458
27	478
27	650
27	652
27	675
27	706
27	788
27	942
27	956
27	978
28	44
28	48
28	52
28	53
28	65
28	68
28	72
28	124
28	125
28	213
28	223
28	234
28	319
28	345
28	384
28	449
28	452
28	463
28	470
28	564
28	589
28	657
28	669
28	711
28	755
28	791
28	803
28	837
28	928
28	938
28	970
28	975
29	32
29	33
29	48
29	50
29	55
29	72
29	73
29	76
29	77
29	105
29	136
29	204
29	249
29	277
29	282
29	325
29	340
29	352
29	362
29	469
29	495
29	578
29	581
29	593
29	645
29	669
29	773
29	891
29	980
30	34
30	43
30	51
30	70
30	109
30	152
30	170
30	192
30	225
30	229
30	255
30	260
30	275
30	295
30	310
30	319
30	334
30	335
30	375
30	437
30	458
30	505
30	573
30	629
30	719
30	765
30	827
30	907
30	955
30	962
31	46
31	49
31	59
31	78
31	80
31	86
31	87
31	110
31	115
31	165
31	184
31	212
31	224
31	230
31	253
31	254
31	324
31	367
31	372
31	444
31	475
31	524
31	625
31	640
31	757
31	766
31	918
31	981
31	994
32	33
32	48
32	55
32	72
32	73
32	76
32	83
32	105
32	136
32	139
32	140
32	195
32	227
32	249
32	266
32	340
32	362
32	363
32	445
32	501
32	528
32	616
32	621
32	640
32	662
32	694
32	744
33	41
33	48
33	55
33	66
33	72
33	73
33	76
33	105
33	136
33	140
33	149
33	155
33	156
33	308
33	340
33	362
33	409
33	445
33	469
33	568
33	645
33	670
33	756
33	777
34	42
34	43
34	70
34	82
34	87
34	109
34	112
34	122
34	134
34	137
34	152
34	170
34	189
34	192
34	221
34	225
34	255
34	260
34	310
34	314
34	334
34	336
34	505
34	590
34	723
34	827
34	836
34	872
34	962
35	54
35	61
35	93
35	102
35	104
35	126
35	135
35	167
35	169
35	199
35	219
35	220
35	226
35	303
35	364
35	365
35	372
35	448
35	498
35	680
35	808
35	823
35	848
35	860
35	999
36	51
36	60
36	62
36	63
36	102
36	103
36	117
36	132
36	142
36	145
36	187
36	195
36	313
36	423
36	517
36	521
36	562
36	618
36	701
36	712
36	717
36	785
36	796
36	807
36	835
36	845
36	1000
37	41
37	78
37	100
37	120
37	143
37	173
37	202
37	217
37	356
37	378
37	458
37	467
37	479
37	500
37	585
37	632
37	663
37	752
37	861
37	866
37	911
38	47
38	54
38	75
38	81
38	94
38	147
38	167
38	236
38	250
38	256
38	258
38	264
38	265
38	353
38	507
38	552
38	609
38	768
38	779
38	813
38	824
38	832
38	850
38	871
38	874
38	875
39	41
39	118
39	119
39	131
39	154
39	157
39	166
39	261
39	263
39	285
39	289
39	422
39	515
39	543
39	582
39	601
39	603
39	750
39	780
39	815
39	822
39	849
39	889
39	908
40	50
40	57
40	61
40	88
40	101
40	114
40	132
40	163
40	172
40	238
40	245
40	249
40	316
40	338
40	360
40	391
40	406
40	418
40	419
40	433
40	456
40	535
40	713
40	894
40	992
41	61
41	118
41	131
41	148
41	154
41	157
41	166
41	255
41	261
41	263
41	285
41	289
41	384
41	422
41	515
41	530
41	543
41	603
41	750
41	780
41	815
41	862
41	889
41	957
42	49
42	67
42	78
42	79
42	86
42	87
42	91
42	92
42	113
42	176
42	195
42	233
42	253
42	315
42	624
42	625
42	677
42	800
42	981
42	990
43	70
43	103
43	109
43	152
43	170
43	189
43	204
43	221
43	255
43	260
43	295
43	319
43	334
43	411
43	421
43	505
43	629
43	723
43	765
43	836
43	907
43	968
44	52
44	53
44	65
44	108
44	125
44	126
44	138
44	151
44	213
44	223
44	345
44	452
44	454
44	463
44	564
44	589
44	711
44	731
44	896
44	928
44	938
44	970
44	975
45	46
45	59
45	78
45	80
45	86
45	96
45	108
45	110
45	112
45	113
45	198
45	355
45	388
45	475
45	500
45	521
45	548
45	689
45	726
45	733
45	776
45	888
45	917
46	49
46	59
46	78
46	87
46	165
46	198
46	207
46	237
46	267
46	299
46	398
46	524
46	621
46	625
46	641
46	709
46	788
46	852
46	918
47	60
47	75
47	81
47	94
47	147
47	226
47	250
47	256
47	264
47	265
47	282
47	300
47	353
47	486
47	552
47	584
47	739
47	768
47	779
47	824
47	832
47	874
47	875
48	55
48	72
48	73
48	75
48	105
48	113
48	136
48	140
48	204
48	227
48	362
48	402
48	409
48	607
48	645
48	670
48	965
49	79
49	80
49	87
49	110
49	174
49	198
49	207
49	208
49	230
49	405
49	494
49	511
49	524
49	579
49	685
49	741
49	815
49	946
50	97
50	98
50	122
50	129
50	137
50	141
50	159
50	171
50	183
50	215
50	298
50	327
50	366
50	385
50	404
50	436
50	447
50	559
50	586
50	658
50	936
50	953
51	60
51	62
51	63
51	102
51	107
51	115
51	117
51	142
51	147
51	187
51	269
51	294
51	313
51	594
51	699
51	706
51	717
51	754
51	845
51	858
51	864
51	1000
52	53
52	65
52	125
52	213
52	223
52	345
52	449
52	452
52	463
52	470
52	589
52	610
52	657
52	731
52	791
52	803
52	814
52	837
52	871
52	892
52	970
53	59
53	65
53	125
53	213
53	223
53	273
53	345
53	452
53	454
53	470
53	564
53	669
53	711
53	755
53	791
53	837
53	943
53	975
53	988
54	160
54	203
54	220
54	268
54	276
54	287
54	432
54	459
54	484
54	501
54	716
54	760
54	769
54	848
54	940
54	989
54	996
55	67
55	72
55	76
55	105
55	136
55	140
55	227
55	282
55	388
55	471
55	674
55	684
55	761
55	778
55	891
55	894
56	76
56	77
56	94
56	111
56	177
56	185
56	209
56	269
56	321
56	395
56	462
56	465
56	489
56	491
56	672
56	774
56	787
56	797
56	806
56	945
56	946
56	948
56	963
57	61
57	81
57	88
57	114
57	132
57	163
57	238
57	293
57	338
57	341
57	355
57	391
57	418
57	427
57	679
57	703
57	749
57	795
57	850
57	867
57	903
57	985
58	69
58	83
58	96
58	103
58	155
58	188
58	260
58	276
58	362
58	485
58	578
58	667
58	734
58	740
58	853
58	923
58	998
59	71
59	153
59	155
59	182
59	207
59	355
59	394
59	498
59	649
59	693
59	748
59	888
59	996
60	62
60	63
60	102
60	117
60	136
60	142
60	187
60	193
60	218
60	294
60	423
60	562
60	771
60	783
60	796
60	858
60	864
60	886
60	1000
61	88
61	103
61	111
61	157
61	234
61	242
61	245
61	292
61	316
61	344
61	391
61	406
61	456
61	631
61	691
61	785
61	899
61	959
62	63
62	102
62	117
62	142
62	187
62	205
62	208
62	313
62	385
62	423
62	521
62	594
62	706
62	724
62	785
62	807
62	845
62	886
62	997
63	102
63	142
63	216
63	253
63	280
63	294
63	313
63	423
63	517
63	562
63	701
63	712
63	783
63	796
63	818
63	858
64	89
64	95
64	97
64	173
64	201
64	278
64	281
64	299
64	317
64	322
64	365
64	384
64	397
64	401
64	412
64	435
64	472
64	508
64	553
64	738
64	982
65	116
65	125
65	132
65	213
65	223
65	449
65	452
65	454
65	669
65	722
65	731
65	738
65	755
65	803
65	886
65	938
66	104
66	126
66	135
66	160
66	180
66	199
66	247
66	264
66	318
66	364
66	501
66	529
66	569
66	570
66	737
67	68
67	74
67	103
67	162
67	217
67	392
67	454
67	510
67	578
67	767
67	851
67	942
68	107
68	141
68	226
68	306
68	496
68	499
68	558
68	882
69	120
69	162
69	202
69	329
69	331
69	360
69	377
69	402
69	478
69	537
69	602
69	636
69	842
70	77
70	109
70	152
70	159
70	170
70	189
70	192
70	218
70	221
70	249
70	295
70	334
70	335
70	420
70	573
70	827
70	955
71	127
71	134
71	150
71	209
71	221
71	279
71	297
71	324
71	343
71	369
71	375
71	421
71	460
71	465
71	474
71	514
71	611
71	752
71	820
71	885
72	73
72	76
72	87
72	105
72	136
72	140
72	354
72	405
72	843
73	76
73	136
73	169
73	204
73	246
73	249
73	266
73	291
73	352
73	557
73	616
73	893
74	116
74	138
74	143
74	148
74	178
74	214
74	311
74	373
74	381
74	407
74	411
74	441
74	565
74	619
74	685
74	937
74	976
75	81
75	94
75	147
75	250
75	256
75	264
75	265
75	329
75	340
75	507
75	552
75	584
75	620
75	638
75	875
75	978
76	90
76	136
76	249
76	266
76	320
76	405
76	429
76	532
76	568
77	94
77	111
77	177
77	185
77	269
77	371
77	395
77	489
77	531
77	599
77	619
77	666
77	776
77	797
77	806
77	948
77	963
78	86
78	87
78	91
78	96
78	283
78	498
78	563
78	624
78	917
78	994
79	110
79	113
79	140
79	153
79	162
79	165
79	174
79	176
79	324
79	434
79	437
79	540
79	655
79	811
80	108
80	118
80	153
80	240
80	342
80	367
80	424
80	506
80	579
80	660
80	715
80	751
80	960
81	94
81	147
81	188
81	206
81	250
81	256
81	264
81	353
81	406
81	507
81	609
81	638
81	768
81	871
82	93
82	151
82	180
82	196
82	211
82	243
82	271
82	275
82	330
82	347
82	563
82	590
82	598
82	615
82	647
82	808
82	833
82	966
83	103
83	168
83	281
83	283
83	358
83	381
83	675
84	95
84	216
84	267
84	302
84	305
84	343
84	380
84	422
84	455
84	502
84	508
84	512
84	547
84	576
84	618
84	661
84	865
84	921
85	98
85	115
85	122
85	137
85	159
85	247
85	298
85	308
85	366
85	385
85	439
85	470
85	653
85	658
85	897
85	935
86	91
86	113
86	154
86	269
86	509
86	524
86	562
86	707
86	904
86	950
86	981
86	990
87	113
87	176
87	195
87	212
87	398
87	660
87	689
87	823
87	995
88	101
88	114
88	163
88	238
88	245
88	313
88	338
88	341
88	972
88	985
88	989
88	992
89	97
89	173
89	201
89	278
89	299
89	322
89	384
89	401
89	435
89	472
89	553
89	595
89	714
89	746
89	819
89	877
90	111
90	172
90	179
90	183
90	185
90	259
90	368
90	420
90	443
90	544
90	545
90	591
90	623
90	762
90	821
90	961
91	140
91	161
91	195
91	207
91	253
91	312
91	441
91	624
91	677
91	995
92	186
92	200
92	223
92	228
92	290
92	389
92	431
92	441
92	461
92	563
92	604
92	678
92	799
92	902
92	914
92	915
93	105
93	151
93	180
93	211
93	224
93	243
93	275
93	330
93	417
93	450
93	488
93	598
93	615
93	716
94	147
94	220
94	427
94	486
94	507
94	638
94	779
94	813
94	824
94	850
94	978
95	133
95	216
95	302
95	380
95	455
95	508
95	512
95	547
95	566
95	576
95	605
95	766
95	921
96	120
96	304
96	306
96	392
96	458
96	465
96	538
96	861
96	948
97	173
97	278
97	322
97	384
97	401
97	412
97	435
97	448
97	472
97	595
97	763
97	877
97	982
98	115
98	129
98	137
98	141
98	308
98	327
98	400
98	404
98	436
98	502
98	798
98	887
98	927
98	967
99	136
99	149
99	194
99	208
99	211
99	296
99	363
99	418
99	425
99	439
99	479
99	482
99	614
99	820
99	872
99	931
99	988
100	103
100	164
100	199
100	281
100	652
101	114
101	132
101	137
101	234
101	238
101	264
101	292
101	293
101	341
101	391
101	631
101	679
102	117
102	150
102	294
102	313
102	594
102	717
102	825
102	845
102	886
103	181
103	550
103	574
104	167
104	171
104	262
104	276
104	295
104	484
104	529
104	737
105	113
105	140
105	405
105	480
105	568
105	613
106	107
106	127
106	280
106	321
106	389
106	446
106	520
106	596
106	626
106	642
106	814
106	857
106	895
107	146
107	280
107	347
107	389
107	446
107	483
107	495
107	607
107	613
107	615
107	661
107	816
108	165
108	253
108	339
108	430
108	485
108	548
108	583
108	592
109	131
109	192
109	225
109	247
109	260
109	319
109	629
109	834
109	907
110	160
110	180
110	210
110	322
110	324
110	720
110	758
111	177
111	269
111	424
111	489
111	491
111	619
111	666
111	776
111	824
111	945
111	946
112	161
112	222
112	544
112	548
112	572
112	846
112	855
112	873
113	161
113	198
113	764
113	996
114	123
114	181
114	293
114	344
114	351
114	527
114	535
114	679
114	917
114	929
115	129
115	141
115	169
115	171
115	247
115	555
115	586
115	648
115	653
115	725
115	753
116	138
116	143
116	148
116	214
116	311
116	364
116	373
116	411
116	565
116	710
116	976
117	121
117	123
117	124
117	142
117	494
117	594
117	701
117	807
117	835
118	154
118	157
118	166
118	261
118	263
118	285
118	289
118	519
118	628
118	668
118	907
119	218
119	274
119	312
119	440
119	489
119	509
119	510
119	516
119	633
119	655
119	667
119	713
119	967
120	186
120	558
120	593
120	628
120	740
121	123
121	307
121	317
121	323
121	346
121	471
121	526
121	733
121	799
121	825
121	881
121	904
122	129
122	137
122	320
122	342
122	366
122	400
122	436
122	696
122	830
123	130
123	307
123	317
123	323
123	346
123	471
123	492
123	526
123	539
123	881
124	370
124	513
124	617
124	647
124	665
124	809
124	828
124	829
124	856
124	882
124	926
125	205
125	213
125	223
125	345
125	353
125	454
125	463
125	470
125	666
126	160
126	220
126	377
126	448
126	673
126	700
126	970
127	134
127	150
127	279
127	297
127	318
127	375
127	482
127	514
127	611
127	847
127	972
128	184
128	244
128	251
128	309
128	383
128	464
128	480
128	525
128	560
128	602
128	658
128	688
128	867
129	221
129	308
129	385
129	696
129	753
129	830
129	890
129	936
129	993
130	181
130	229
130	300
130	376
130	382
130	477
130	557
130	742
130	830
130	920
130	925
130	991
131	154
131	157
131	179
131	263
131	398
131	422
131	582
131	603
131	849
132	234
132	242
132	245
132	248
132	341
132	406
132	691
133	302
133	305
133	380
133	400
133	502
133	505
133	508
133	566
133	618
133	766
133	964
134	150
134	343
134	465
134	481
134	556
134	611
134	683
134	730
134	899
135	205
135	396
135	429
135	446
135	608
135	803
136	593
137	171
137	215
137	327
137	490
137	648
137	714
137	887
138	143
138	148
138	165
138	178
138	311
138	373
138	407
138	411
138	685
139	146
139	193
139	339
139	449
139	493
140	282
140	354
140	623
141	159
141	202
141	215
141	308
141	342
141	382
141	555
141	854
141	936
142	187
142	397
142	584
142	706
142	712
142	783
143	148
143	214
143	230
143	311
143	381
143	710
143	976
144	325
144	497
144	519
144	580
144	646
144	654
144	695
144	812
144	858
144	865
144	979
145	254
145	284
145	432
145	468
145	512
145	518
145	559
145	656
145	707
145	744
145	983
146	205
146	216
146	309
146	321
146	389
146	446
146	483
146	520
146	642
146	857
147	250
147	256
147	265
147	373
147	871
147	974
148	359
148	381
148	641
148	685
148	704
148	736
148	937
149	194
149	208
149	296
149	363
149	425
149	439
149	614
149	820
150	297
150	316
150	481
150	507
150	611
150	683
150	847
150	885
151	180
151	196
151	243
151	271
151	309
151	330
151	336
151	598
151	966
152	192
152	207
152	221
152	483
152	573
152	629
153	212
153	224
153	230
153	260
153	643
153	693
154	157
154	166
154	289
154	524
154	530
154	702
154	908
155	193
155	360
155	558
155	632
155	878
156	298
156	356
156	467
156	722
157	263
157	515
157	668
157	849
158	164
158	210
158	224
158	291
158	680
158	732
158	822
158	844
158	898
158	947
158	954
158	959
159	164
159	171
159	247
159	327
159	426
159	447
159	648
159	868
160	169
160	332
160	817
161	198
161	224
161	798
161	846
161	847
162	199
162	596
162	636
163	234
163	263
163	292
163	394
163	527
163	795
163	909
163	929
164	210
164	291
164	681
164	708
164	769
164	822
164	844
164	984
165	266
165	693
165	829
166	285
166	378
166	422
166	815
166	862
166	957
167	172
167	210
167	663
168	190
168	246
168	392
168	455
169	199
169	225
169	231
170	221
170	225
170	255
170	335
170	359
170	641
171	209
171	215
171	311
171	753
171	830
171	897
172	183
172	242
172	259
172	368
172	725
172	762
172	821
172	961
173	322
173	397
173	412
173	472
173	595
173	994
174	176
174	230
174	431
174	650
174	926
175	272
175	393
175	399
175	805
175	878
176	195
176	207
176	217
176	631
176	639
177	185
177	197
177	438
177	462
177	634
177	680
177	787
177	945
178	214
178	381
178	407
178	521
178	565
178	694
178	704
178	710
178	736
179	259
179	545
179	591
179	623
179	725
179	813
179	818
179	905
180	243
180	275
180	330
180	347
180	417
181	233
181	454
181	487
181	532
181	536
182	207
182	212
182	396
182	412
182	579
182	829
182	963
183	368
183	544
183	545
183	617
183	623
183	818
183	905
184	244
184	251
184	309
184	383
184	523
184	542
184	602
184	649
184	840
185	209
185	269
185	489
185	531
185	774
185	806
186	200
186	228
186	290
186	431
186	604
186	678
186	799
186	842
187	347
187	517
187	699
187	835
187	895
188	304
188	315
188	348
188	390
188	697
188	746
188	786
188	883
189	255
189	295
189	334
189	729
189	747
190	206
190	237
190	258
190	301
190	420
190	534
190	687
190	924
190	927
190	941
191	241
191	248
191	437
191	453
191	586
191	664
191	834
191	908
191	913
191	1000
192	247
192	255
192	505
192	539
192	583
193	444
193	634
193	637
194	208
194	259
194	374
194	425
194	435
194	439
194	479
194	614
194	931
195	207
195	481
196	211
196	274
196	417
196	488
196	590
196	615
196	627
196	716
197	235
197	277
197	403
197	442
197	471
197	570
197	588
197	698
197	784
198	341
198	435
198	885
199	262
199	979
200	228
200	290
200	441
200	563
200	604
200	726
200	911
201	278
201	322
201	412
201	472
201	587
201	738
201	838
201	982
202	361
203	226
203	303
203	339
203	346
203	448
203	916
204	252
204	311
204	974
205	280
205	321
205	389
205	520
205	661
205	895
206	237
206	258
206	301
206	426
206	687
206	840
206	927
208	296
208	363
208	479
208	820
208	991
209	269
209	395
209	672
209	776
209	946
210	291
210	681
210	690
210	769
210	884
210	947
211	243
211	271
211	450
211	488
211	646
211	966
212	222
212	442
212	624
212	919
213	223
213	373
213	379
213	522
214	311
214	373
214	381
214	937
215	327
215	366
215	404
215	664
215	884
215	900
216	512
216	547
216	566
216	576
216	600
216	921
217	281
217	286
217	393
217	675
218	274
218	509
218	516
218	713
218	739
218	802
218	973
219	226
219	365
219	469
219	593
219	663
219	916
220	528
220	608
221	729
222	305
222	388
222	487
222	583
222	748
222	918
223	669
224	355
224	483
225	260
225	780
225	872
225	931
227	352
227	608
227	711
228	431
228	441
228	678
228	726
228	881
228	914
229	307
229	477
229	557
229	742
229	912
229	968
229	977
229	991
231	335
231	434
231	804
232	252
232	272
232	413
232	474
232	662
232	721
232	728
232	906
233	288
233	636
233	842
233	985
234	338
234	341
234	427
234	862
235	277
235	403
235	442
235	588
235	609
235	698
235	949
236	240
236	286
236	332
236	350
236	359
236	415
236	464
236	932
237	258
237	340
237	387
237	687
237	924
237	941
238	534
238	541
238	631
239	380
239	457
240	286
240	415
240	464
240	555
240	643
240	810
241	248
241	437
241	453
241	646
241	690
241	833
241	913
242	293
242	391
242	535
242	678
242	691
242	796
243	463
243	488
243	598
244	251
244	309
244	523
244	727
244	806
244	867
244	875
245	268
245	418
245	541
245	761
245	925
246	357
246	461
246	600
246	605
246	749
246	826
246	870
247	298
247	658
247	993
248	437
248	453
248	664
248	690
248	834
250	270
250	638
250	813
250	971
251	307
251	523
251	542
251	602
251	688
252	272
252	344
252	413
252	522
252	662
252	728
252	789
253	577
253	855
254	256
254	284
254	518
254	656
254	686
254	741
254	983
255	801
256	264
256	334
256	928
257	270
257	546
257	552
257	571
257	606
257	624
257	671
257	743
257	997
258	301
258	397
258	534
258	770
258	840
259	303
259	591
259	725
259	818
259	905
260	319
261	263
261	265
261	329
261	582
261	668
261	889
262	303
262	532
262	551
262	808
263	285
264	486
265	353
265	584
266	334
267	273
267	494
267	599
267	719
267	843
267	934
268	516
268	551
268	771
269	438
270	387
270	506
270	575
270	606
270	759
270	930
271	330
271	450
271	590
271	891
272	413
272	522
272	662
272	906
273	328
273	459
273	494
273	599
273	936
273	960
274	367
274	667
274	739
274	802
274	967
275	347
275	450
275	716
275	786
277	570
277	588
277	698
277	935
277	949
278	299
278	369
278	435
278	438
279	343
279	421
279	481
279	683
279	993
280	531
280	596
280	607
280	642
281	633
282	591
283	289
283	722
284	432
284	468
284	518
284	686
284	728
285	386
285	908
286	415
286	417
286	464
286	643
286	674
287	836
288	331
288	478
288	692
288	911
289	530
289	780
289	987
290	431
290	531
290	630
290	799
290	902
291	708
291	802
291	838
291	884
292	301
292	344
292	561
293	372
293	535
294	313
294	785
294	857
295	310
295	781
296	363
296	479
296	614
297	304
297	375
297	752
297	853
297	890
298	308
298	426
298	653
298	655
299	397
299	401
299	635
299	877
300	376
300	382
300	477
300	747
300	968
301	361
301	387
301	534
301	941
302	305
302	425
302	865
302	964
303	595
304	315
304	348
304	390
304	746
304	786
305	380
305	455
305	497
305	618
306	314
306	374
306	410
306	506
306	912
307	323
307	346
307	492
307	539
308	400
308	541
309	383
309	480
309	727
310	335
310	416
310	872
310	889
311	411
312	509
312	549
312	633
312	703
312	802
312	958
313	582
314	580
314	652
315	348
315	697
315	746
315	922
316	360
316	427
316	433
316	541
317	346
317	825
317	939
318	343
318	369
318	885
318	901
320	370
320	466
320	637
320	793
320	892
321	607
321	873
321	895
322	384
323	471
323	492
323	733
324	430
324	677
325	497
325	515
325	519
325	580
325	979
326	428
326	476
326	724
326	735
326	938
326	943
326	987
327	478
327	586
328	385
328	459
328	486
328	587
328	599
328	843
329	467
330	450
331	503
331	639
331	790
331	869
331	879
332	408
332	816
333	414
333	457
333	592
333	628
333	635
333	817
335	377
336	419
336	676
336	896
336	923
336	944
337	456
337	637
337	665
337	682
337	692
337	793
337	801
339	349
341	400
342	555
342	560
342	714
342	798
343	465
344	366
344	394
344	561
346	408
346	881
347	417
347	615
348	390
348	883
348	922
349	388
349	787
350	359
350	620
350	643
350	674
350	932
351	357
351	461
351	605
351	626
351	826
352	924
352	941
353	486
353	698
354	827
355	424
355	522
356	365
356	485
356	870
357	461
357	600
357	626
358	388
358	496
358	558
359	464
359	620
359	810
360	527
360	541
361	536
361	792
362	957
363	498
363	931
364	554
366	757
366	863
367	831
368	443
368	544
368	762
369	421
369	551
369	567
369	847
370	513
370	637
370	793
370	801
370	876
371	386
371	525
371	635
371	644
371	817
372	641
373	381
374	444
374	578
374	942
375	503
375	901
375	972
376	549
376	554
376	912
377	794
378	679
378	853
379	732
380	447
380	455
382	554
382	695
382	764
382	977
383	480
383	688
383	727
383	965
384	595
385	757
385	897
386	525
386	592
386	627
386	702
386	805
387	651
387	687
387	770
389	520
389	814
390	547
390	697
390	786
390	883
391	399
391	538
392	468
393	853
393	854
394	456
394	750
395	462
395	480
395	672
396	673
397	738
398	672
400	404
401	553
401	565
402	671
403	570
403	949
403	961
404	684
404	696
406	929
407	685
408	986
409	484
410	594
410	778
411	743
412	553
413	473
413	659
413	721
414	509
414	635
414	644
414	702
414	790
415	461
415	464
415	643
416	600
417	450
418	754
419	490
419	676
419	860
419	944
420	443
420	623
420	961
421	683
422	601
423	562
423	791
424	434
424	690
425	482
425	514
426	653
426	696
427	959
428	476
428	540
428	581
428	616
428	987
429	659
430	434
431	902
432	518
432	744
432	983
433	629
433	679
433	903
436	555
436	588
436	854
437	913
438	491
438	731
438	948
439	482
439	988
440	520
440	713
440	958
440	973
440	975
441	563
442	588
442	698
442	784
443	544
443	561
443	851
445	737
446	642
446	661
447	502
447	798
447	854
448	511
449	517
449	564
451	463
451	490
451	676
451	860
451	923
451	944
453	705
453	734
453	833
455	566
456	561
457	525
457	592
457	635
457	644
458	537
459	494
459	587
459	719
460	673
461	749
462	666
462	919
462	981
465	514
466	682
466	688
466	692
466	717
466	775
467	740
468	560
468	686
468	707
470	928
471	492
472	569
473	496
474	481
474	752
474	901
475	932
476	540
476	581
476	763
477	664
477	920
477	968
480	867
481	571
482	988
483	495
483	607
485	778
485	901
485	910
488	609
488	883
489	963
490	900
490	923
490	952
491	657
491	787
491	929
492	956
493	500
493	504
493	723
494	843
495	613
495	816
495	951
496	499
496	626
497	590
497	654
497	893
499	612
499	921
500	612
502	508
502	865
503	577
503	622
503	639
503	933
504	533
506	546
506	571
506	610
507	535
508	512
509	909
510	903
511	585
511	800
512	766
513	617
513	665
513	868
514	567
515	603
516	667
516	703
517	969
518	770
519	580
519	646
521	699
522	728
523	560
523	598
525	702
526	539
526	848
526	939
527	572
527	754
529	691
530	601
530	982
531	919
534	924
537	579
537	819
539	733
540	859
540	943
542	560
542	602
543	564
543	582
543	601
545	638
546	556
546	681
546	997
549	557
549	977
550	634
554	912
554	925
556	606
556	610
556	759
559	656
559	686
559	744
565	977
566	657
567	668
567	730
567	910
568	998
570	784
571	575
571	743
572	811
572	951
575	930
575	945
575	997
576	774
576	964
577	622
577	639
577	790
578	911
580	646
581	735
581	943
584	832
587	719
587	960
589	657
589	944
591	821
592	627
596	661
596	709
597	622
597	869
597	879
597	933
597	947
599	934
600	870
603	789
604	678
604	682
605	826
605	870
606	759
609	874
610	743
610	930
611	720
612	841
613	797
613	857
617	647
617	665
618	887
619	919
620	674
620	932
622	639
626	749
627	628
627	817
628	644
630	768
632	819
632	844
633	655
633	703
637	775
642	807
647	841
647	926
648	878
648	887
649	873
651	770
651	840
651	927
654	695
654	735
654	812
655	909
656	707
656	800
658	714
659	662
659	789
659	906
664	833
665	841
666	797
667	967
668	862
671	734
672	774
674	810
676	748
676	952
677	751
681	732
681	769
682	775
682	876
688	727
689	823
690	834
692	801
692	892
695	893
695	979
697	922
699	782
699	864
700	922
701	710
704	736
705	741
708	954
718	792
718	999
721	789
724	763
724	859
726	915
730	890
732	984
735	987
739	958
742	756
742	925
747	764
747	920
750	957
757	935
763	859
764	991
773	916
777	942
781	969
783	812
790	933
795	899
809	841
809	926
811	866
812	893
814	816
822	898
825	939
826	914
828	849
828	856
828	882
838	898
838	954
839	864
844	884
850	978
852	905
856	868
860	896
868	882
869	879
874	976
876	892
877	940
879	992
890	972
896	900
897	898
900	952
902	990
909	973
914	915
934	960
935	993
939	973
947	984
952	980
