1	2
1	3
1	4
1	5
1	6
1	7
1	10
1	13
1	14
1	15
1	17
1	22
1	23
1	26
1	28
1	29
1	30
1	46
1	47
1	48
1	52
1	54
1	57
1	59
1	61
1	71
1	101
1	105
1	107
1	110
1	114
1	123
1	126
1	133
1	147
1	152
1	164
1	169
1	194
1	221
1	241
1	242
1	243
1	246
1	258
1	259
1	277
1	281
1	294
1	298
1	336
1	350
1	355
1	357
1	403
1	407
1	416
1	418
1	464
1	482
1	500
1	515
1	523
1	530
1	534
1	543
1	546
1	586
1	643
1	658
1	687
1	710
1	745
1	750
1	790
1	792
1	825
1	831
1	835
1	839
1	912
1	931
1	986
1	1000
2	3
2	4
2	5
2	7
2	8
2	11
2	14
2	16
2	17
2	21
2	22
2	26
2	28
2	30
2	31
2	46
2	52
2	55
2	57
2	66
2	71
2	103
2	110
2	113
2	114
2	118
2	126
2	134
2	143
2	144
2	146
2	150
2	152
2	178
2	183
2	209
2	210
2	220
2	240
2	242
2	252
2	258
2	259
2	262
2	268
2	271
2	299
2	352
2	353
2	360
2	367
2	372
2	382
2	387
2	432
2	474
2	478
2	481
2	530
2	533
2	543
2	589
2	602
2	658
2	734
2	745
2	843
2	860
2	861
2	872
2	924
2	934
2	953
2	962
2	982
2	998
3	4
3	5
3	6
3	7
3	8
3	10
3	13
3	14
3	16
3	18
3	19
3	20
3	22
3	26
3	29
3	30
3	39
3	40
3	47
3	52
3	59
3	64
3	71
3	113
3	144
3	147
3	151
3	152
3	174
3	180
3	183
3	194
3	202
3	220
3	231
3	246
3	262
3	270
3	288
3	317
3	336
3	367
3	371
3	386
3	394
3	399
3	416
3	418
3	432
3	438
3	439
3	448
3	500
3	513
3	515
3	564
3	566
3	574
3	589
3	610
3	612
3	639
3	711
3	760
3	802
3	807
3	824
3	851
3	875
3	902
3	920
3	934
3	957
4	5
4	6
4	7
4	8
4	13
4	14
4	16
4	22
4	26
4	27
4	28
4	29
4	30
4	45
4	46
4	50
4	52
4	54
4	55
4	56
4	61
4	66
4	87
4	89
4	101
4	110
4	113
4	114
4	144
4	147
4	150
4	167
4	169
4	281
4	288
4	291
4	294
4	371
4	382
4	393
4	403
4	420
4	426
4	441
4	466
4	474
4	479
4	507
4	522
4	536
4	542
4	558
4	668
4	720
4	753
4	835
4	853
4	891
4	917
5	6
5	7
5	8
5	13
5	14
5	16
5	23
5	26
5	28
5	29
5	30
5	33
5	39
5	43
5	50
5	51
5	52
5	55
5	57
5	59
5	61
5	72
5	96
5	110
5	114
5	116
5	133
5	152
5	153
5	169
5	198
5	204
5	208
5	209
5	220
5	258
5	260
5	265
5	271
5	308
5	380
5	416
5	421
5	478
5	499
5	546
5	547
5	626
5	678
5	720
5	777
5	806
5	844
5	876
5	959
6	7
6	13
6	14
6	17
6	22
6	26
6	28
6	31
6	46
6	47
6	50
6	51
6	54
6	55
6	57
6	61
6	71
6	88
6	106
6	112
6	139
6	144
6	147
6	151
6	194
6	204
6	233
6	242
6	270
6	280
6	289
6	298
6	303
6	318
6	347
6	418
6	421
6	426
6	428
6	448
6	455
6	481
6	534
6	588
6	668
6	777
6	820
6	846
6	860
6	872
6	924
6	926
6	952
6	962
7	8
7	16
7	17
7	22
7	26
7	28
7	38
7	46
7	51
7	55
7	59
7	61
7	66
7	91
7	101
7	113
7	114
7	133
7	144
7	147
7	169
7	171
7	176
7	182
7	192
7	209
7	220
7	239
7	260
7	265
7	323
7	336
7	350
7	362
7	367
7	380
7	490
7	639
7	643
7	687
7	791
7	843
7	879
7	882
7	913
7	928
7	934
7	952
7	953
7	962
8	11
8	13
8	14
8	16
8	17
8	22
8	26
8	27
8	37
8	39
8	47
8	52
8	54
8	56
8	64
8	66
8	101
8	113
8	126
8	147
8	152
8	183
8	192
8	214
8	246
8	258
8	260
8	286
8	288
8	367
8	390
8	401
8	418
8	432
8	474
8	478
8	481
8	501
8	515
8	542
8	557
8	574
8	626
8	636
8	668
8	705
8	782
8	787
8	844
8	888
8	945
9	50
9	53
9	62
9	65
9	87
9	104
9	123
9	136
9	138
9	145
9	153
9	155
9	156
9	187
9	204
9	216
9	218
9	273
9	290
9	296
9	324
9	332
9	359
9	367
9	373
9	384
9	389
9	396
9	411
9	412
9	419
9	427
9	451
9	525
9	527
9	539
9	590
9	612
9	616
9	617
9	635
9	708
9	743
9	756
9	816
9	826
9	838
9	856
9	871
9	901
9	956
9	964
9	996
10	20
10	27
10	33
10	38
10	39
10	52
10	99
10	103
10	121
10	137
10	140
10	158
10	176
10	190
10	201
10	207
10	211
10	278
10	285
10	321
10	328
10	354
10	446
10	550
10	577
10	623
10	638
10	655
10	656
10	657
10	666
10	689
10	766
10	767
10	771
10	774
10	781
10	786
10	789
10	794
10	863
10	870
10	874
10	893
10	896
10	900
10	903
10	907
10	954
10	974
11	18
11	22
11	31
11	34
11	36
11	39
11	53
11	60
11	61
11	72
11	85
11	93
11	133
11	143
11	177
11	185
11	230
11	231
11	243
11	276
11	287
11	291
11	323
11	327
11	335
11	373
11	404
11	435
11	448
11	457
11	461
11	487
11	499
11	541
11	551
11	578
11	631
11	656
11	700
11	760
11	779
11	828
11	879
11	880
11	915
11	929
11	958
11	967
12	19
12	32
12	38
12	65
12	75
12	78
12	97
12	122
12	127
12	131
12	212
12	223
12	230
12	280
12	289
12	297
12	335
12	353
12	368
12	402
12	413
12	422
12	449
12	450
12	467
12	476
12	520
12	545
12	555
12	560
12	569
12	578
12	626
12	632
12	671
12	680
12	697
12	709
12	716
12	734
12	751
12	782
12	870
12	886
12	899
12	909
12	926
12	963
12	965
13	14
13	17
13	18
13	21
13	27
13	28
13	30
13	37
13	50
13	51
13	52
13	54
13	55
13	66
13	71
13	80
13	102
13	151
13	167
13	178
13	183
13	216
13	246
13	258
13	350
13	490
13	500
13	510
13	543
13	610
13	626
13	632
13	687
13	695
13	733
13	741
13	745
13	768
13	896
13	917
13	926
13	928
14	16
14	17
14	19
14	22
14	26
14	30
14	47
14	50
14	54
14	59
14	61
14	64
14	65
14	107
14	194
14	200
14	201
14	204
14	286
14	362
14	379
14	382
14	391
14	403
14	507
14	547
14	549
14	585
14	612
14	628
14	690
14	701
14	711
14	748
14	766
14	953
14	960
15	19
15	21
15	35
15	42
15	43
15	49
15	51
15	67
15	68
15	78
15	85
15	89
15	94
15	99
15	100
15	111
15	116
15	153
15	157
15	188
15	198
15	264
15	272
15	284
15	317
15	325
15	332
15	356
15	413
15	428
15	471
15	473
15	491
15	493
15	555
15	558
15	630
15	699
15	713
15	866
15	932
15	981
15	998
16	20
16	28
16	38
16	47
16	51
16	52
16	100
16	150
16	192
16	231
16	262
16	271
16	279
16	288
16	300
16	303
16	308
16	340
16	350
16	351
16	355
16	362
16	439
16	448
16	464
16	482
16	491
16	547
16	556
16	598
16	735
16	750
16	787
16	891
16	920
16	931
17	18
17	22
17	26
17	27
17	29
17	30
17	47
17	52
17	57
17	60
17	61
17	92
17	113
17	118
17	144
17	147
17	151
17	167
17	197
17	220
17	222
17	252
17	259
17	286
17	300
17	362
17	372
17	426
17	455
17	507
17	559
17	690
17	711
17	818
17	906
17	959
18	20
18	28
18	31
18	32
18	36
18	39
18	49
18	60
18	72
18	93
18	110
18	111
18	125
18	143
18	177
18	185
18	230
18	243
18	245
18	287
18	291
18	327
18	335
18	404
18	457
18	461
18	487
18	499
18	521
18	551
18	570
18	700
18	709
18	755
18	828
18	879
18	915
18	919
18	929
19	21
19	32
19	34
19	42
19	46
19	49
19	67
19	68
19	78
19	85
19	89
19	100
19	111
19	116
19	122
19	124
19	153
19	188
19	198
19	199
19	235
19	264
19	284
19	302
19	356
19	413
19	471
19	473
19	491
19	493
19	555
19	630
19	754
19	764
19	770
19	880
19	955
20	27
20	30
20	33
20	37
20	103
20	137
20	140
20	165
20	190
20	201
20	211
20	241
20	278
20	328
20	352
20	354
20	446
20	458
20	550
20	577
20	603
20	623
20	638
20	655
20	656
20	657
20	666
20	767
20	771
20	789
20	794
20	810
20	863
20	900
20	954
20	974
21	42
21	49
21	63
21	67
21	68
21	78
21	85
21	89
21	95
21	100
21	103
21	111
21	116
21	124
21	153
21	188
21	198
21	199
21	264
21	304
21	319
21	356
21	428
21	471
21	473
21	475
21	491
21	493
21	630
21	650
21	658
21	699
21	770
21	932
21	981
21	994
22	25
22	26
22	28
22	29
22	30
22	46
22	52
22	54
22	64
22	104
22	110
22	113
22	131
22	298
22	316
22	334
22	349
22	414
22	478
22	500
22	501
22	574
22	582
22	628
22	652
22	745
22	768
22	820
22	876
22	929
23	24
23	34
23	35
23	52
23	74
23	86
23	99
23	112
23	135
23	179
23	181
23	182
23	191
23	197
23	269
23	409
23	436
23	453
23	475
23	486
23	497
23	505
23	508
23	514
23	619
23	625
23	764
23	778
23	788
23	837
23	845
23	855
23	892
24	34
24	35
24	59
24	86
24	99
24	135
24	151
24	181
24	184
24	191
24	197
24	252
24	269
24	306
24	346
24	392
24	436
24	453
24	475
24	486
24	497
24	508
24	519
24	619
24	673
24	721
24	764
24	778
24	837
24	845
24	855
24	892
24	977
25	37
25	40
25	44
25	48
25	49
25	74
25	128
25	136
25	179
25	217
25	240
25	301
25	311
25	336
25	366
25	477
25	544
25	549
25	599
25	600
25	620
25	634
25	670
25	671
25	676
25	783
25	862
25	889
25	900
25	938
25	951
25	966
25	991
26	30
26	46
26	57
26	64
26	81
26	131
26	133
26	143
26	152
26	204
26	209
26	231
26	252
26	255
26	268
26	308
26	536
26	815
26	865
26	876
26	891
26	979
27	33
27	66
27	79
27	103
27	137
27	140
27	201
27	211
27	266
27	278
27	328
27	446
27	532
27	566
27	577
27	603
27	623
27	638
27	655
27	656
27	657
27	771
27	794
27	863
27	893
27	903
27	907
28	29
28	47
28	51
28	52
28	55
28	57
28	66
28	101
28	150
28	191
28	265
28	288
28	293
28	301
28	341
28	548
28	561
28	572
28	628
28	804
28	934
28	941
29	30
29	39
29	51
29	52
29	83
29	113
29	128
29	142
29	144
29	246
29	249
29	268
29	288
29	291
29	334
29	357
29	416
29	479
29	548
29	571
29	591
29	648
29	819
29	844
29	850
30	47
30	50
30	54
30	59
30	110
30	119
30	364
30	407
30	414
30	445
30	448
30	497
30	507
30	643
30	649
30	650
30	658
30	863
30	865
31	36
31	39
31	60
31	72
31	73
31	93
31	143
31	177
31	186
31	276
31	287
31	404
31	429
31	444
31	457
31	521
31	533
31	541
31	551
31	570
31	700
31	760
31	779
31	787
31	880
31	919
31	987
32	38
32	56
32	75
32	80
32	122
32	131
32	280
32	289
32	321
32	353
32	368
32	434
32	450
32	451
32	467
32	545
32	560
32	565
32	569
32	578
32	632
32	734
32	852
32	886
32	909
32	963
32	965
33	58
33	101
33	103
33	137
33	140
33	190
33	201
33	211
33	238
33	254
33	278
33	301
33	328
33	550
33	556
33	603
33	627
33	657
33	664
33	666
33	774
33	786
33	893
33	954
33	974
33	986
34	35
34	36
34	86
34	99
34	135
34	181
34	191
34	192
34	197
34	269
34	281
34	436
34	453
34	475
34	484
34	486
34	508
34	526
34	537
34	606
34	619
34	673
34	837
34	845
34	855
34	916
35	46
35	51
35	86
35	99
35	135
35	145
35	179
35	181
35	191
35	197
35	269
35	409
35	436
35	486
35	490
35	505
35	508
35	526
35	537
35	584
35	721
35	764
35	778
35	788
35	889
35	916
36	39
36	59
36	60
36	72
36	93
36	143
36	177
36	185
36	230
36	276
36	287
36	291
36	296
36	457
36	463
36	499
36	518
36	521
36	533
36	546
36	631
36	720
36	893
36	915
36	958
36	987
37	40
37	44
37	48
37	74
37	128
37	179
37	219
37	232
37	240
37	301
37	311
37	366
37	375
37	385
37	416
37	477
37	502
37	625
37	646
37	651
37	688
37	776
37	887
37	897
37	951
37	989
38	42
38	75
38	122
38	131
38	141
38	280
38	368
38	449
38	450
38	467
38	468
38	476
38	520
38	569
38	628
38	680
38	709
38	734
38	824
38	852
38	870
38	899
38	963
38	965
38	971
39	60
39	67
39	72
39	93
39	116
39	177
39	185
39	287
39	291
39	335
39	487
39	499
39	518
39	521
39	533
39	570
39	631
39	879
39	919
39	958
40	44
40	48
40	74
40	128
40	179
40	240
40	301
40	311
40	366
40	375
40	385
40	406
40	549
40	576
40	600
40	661
40	670
40	676
40	742
40	754
40	783
40	858
40	887
40	914
40	989
40	991
41	45
41	58
41	70
41	139
41	149
41	161
41	174
41	196
41	207
41	212
41	236
41	238
41	245
41	305
41	321
41	338
41	343
41	387
41	417
41	444
41	511
41	517
41	577
41	604
41	647
41	800
41	828
41	832
41	946
42	49
42	67
42	68
42	78
42	85
42	89
42	96
42	100
42	111
42	116
42	153
42	161
42	188
42	198
42	284
42	320
42	358
42	428
42	473
42	493
42	545
42	699
42	854
42	866
43	57
43	81
43	109
43	175
43	200
43	244
43	263
43	297
43	351
43	383
43	408
43	430
43	431
43	447
43	622
43	684
43	692
43	740
43	747
43	796
43	803
43	811
43	875
43	994
43	995
44	46
44	48
44	74
44	126
44	128
44	162
44	179
44	205
44	288
44	301
44	311
44	366
44	395
44	502
44	549
44	599
44	651
44	667
44	688
44	723
44	776
44	783
44	887
44	914
45	56
45	92
45	103
45	157
45	209
45	225
45	267
45	277
45	304
45	327
45	342
45	429
45	435
45	488
45	512
45	582
45	641
45	665
45	703
45	707
45	736
45	785
45	791
45	895
45	937
46	57
46	113
46	127
46	169
46	242
46	258
46	265
46	270
46	515
46	557
46	559
46	612
46	649
46	825
46	834
46	888
47	50
47	52
47	59
47	63
47	69
47	114
47	240
47	260
47	265
47	281
47	286
47	424
47	438
47	500
47	720
47	860
48	66
48	70
48	74
48	125
48	128
48	220
48	240
48	244
48	311
48	375
48	385
48	549
48	620
48	625
48	670
48	723
48	862
48	897
49	67
49	68
49	78
49	85
49	89
49	100
49	111
49	116
49	154
49	186
49	264
49	413
49	418
49	483
49	555
49	866
49	981
50	53
50	64
50	66
50	95
50	178
50	257
50	298
50	407
50	417
50	438
50	506
50	648
50	695
50	756
50	851
51	52
51	64
51	66
51	121
51	161
51	217
51	259
51	265
51	476
51	513
51	546
51	612
51	792
51	1000
52	137
52	150
52	231
52	401
52	410
52	432
52	865
53	57
53	62
53	65
53	75
53	87
53	136
53	187
53	218
53	222
53	255
53	324
53	332
53	525
53	590
53	616
53	708
53	816
53	956
53	969
54	59
54	71
54	72
54	101
54	156
54	189
54	252
54	286
54	426
54	482
54	587
54	650
54	941
54	1000
55	64
55	150
55	184
55	246
55	248
55	268
55	286
55	306
55	372
55	466
55	474
55	552
55	561
55	609
55	908
56	86
56	92
56	157
56	193
56	215
56	225
56	267
56	277
56	304
56	342
56	435
56	488
56	512
56	641
56	665
56	727
56	736
56	791
57	73
57	178
57	260
57	293
57	303
57	357
57	382
57	464
57	488
57	534
57	695
57	835
58	95
58	112
58	115
58	247
58	274
58	287
58	358
58	377
58	390
58	395
58	524
58	621
58	637
58	696
58	705
58	797
58	836
58	868
58	894
58	961
59	61
59	101
59	152
59	221
59	242
59	298
59	303
59	322
59	571
59	614
59	843
60	72
60	76
60	88
60	143
60	185
60	187
60	211
60	243
60	276
60	287
60	335
60	461
60	551
60	631
61	147
61	152
61	168
61	178
61	183
61	189
61	414
61	418
61	506
61	802
62	65
62	87
62	98
62	146
62	156
62	216
62	290
62	324
62	338
62	389
62	396
62	451
62	590
62	609
62	664
62	731
62	743
63	109
63	184
63	199
63	333
63	472
63	498
63	530
63	615
63	674
63	678
63	683
63	761
63	795
63	798
63	806
63	873
63	942
64	270
64	334
64	357
64	446
64	501
64	561
64	630
64	683
64	785
64	872
64	877
65	87
65	156
65	187
65	218
65	273
65	290
65	356
65	405
65	411
65	714
65	838
65	909
65	956
65	996
66	114
66	204
66	221
66	284
66	347
66	559
66	639
66	855
66	877
67	68
67	78
67	85
67	86
67	89
67	100
67	198
67	202
67	493
67	713
67	954
67	963
67	998
68	89
68	100
68	109
68	111
68	116
68	188
68	198
68	318
68	461
68	539
68	567
68	955
68	998
69	84
69	125
69	208
69	245
69	248
69	259
69	330
69	357
69	402
69	470
69	568
69	586
69	605
69	614
69	634
69	682
69	884
69	999
70	78
70	139
70	161
70	190
70	196
70	207
70	236
70	238
70	305
70	321
70	343
70	387
70	390
70	511
70	647
70	649
70	946
71	133
71	152
71	167
71	252
71	380
71	438
71	443
71	619
71	644
71	931
71	960
71	989
72	93
72	177
72	243
72	261
72	276
72	327
72	487
72	563
72	828
72	939
73	80
73	185
73	250
73	318
73	393
73	395
73	437
73	457
73	562
73	567
73	622
73	659
73	812
73	818
73	830
73	972
74	116
74	179
74	500
74	502
74	544
74	620
74	625
74	691
74	776
74	889
74	914
74	989
75	122
75	131
75	155
75	289
75	348
75	350
75	467
75	492
75	520
75	632
75	709
75	751
75	852
76	79
76	82
76	146
76	219
76	272
76	306
76	312
76	374
76	446
76	581
76	583
76	606
76	611
76	715
76	717
76	807
77	108
77	112
77	158
77	163
77	394
77	463
77	484
77	556
77	576
77	597
77	672
77	726
77	730
77	759
77	874
77	925
77	936
78	81
78	111
78	116
78	153
78	182
78	284
78	356
78	491
78	932
79	146
79	163
79	164
79	219
79	222
79	306
79	312
79	374
79	424
79	581
79	606
79	715
79	738
79	923
79	933
80	82
80	91
80	127
80	149
80	398
80	440
80	492
80	531
80	580
80	710
80	757
80	869
80	930
81	104
81	109
81	146
81	175
81	200
81	263
81	351
81	383
81	514
81	538
81	692
81	796
81	811
82	91
82	127
82	149
82	257
82	285
82	295
82	440
82	492
82	553
82	580
82	757
82	835
82	910
82	930
83	96
83	138
83	155
83	215
83	322
83	345
83	442
83	510
83	558
83	596
83	801
83	827
83	845
83	949
83	960
84	125
84	138
84	179
84	188
84	207
84	208
84	248
84	400
84	402
84	568
84	634
84	661
84	712
84	884
84	993
85	89
85	100
85	116
85	153
85	309
85	314
85	428
85	648
85	754
86	135
86	172
86	191
86	409
86	453
86	487
86	497
86	619
86	721
86	916
87	93
87	145
87	156
87	165
87	290
87	304
87	324
87	359
87	708
87	775
87	871
88	97
88	98
88	106
88	210
88	217
88	218
88	235
88	266
88	454
88	465
88	504
88	598
88	728
88	854
89	100
89	198
89	284
89	543
89	738
89	830
89	866
90	123
90	160
90	170
90	171
90	173
90	203
90	232
90	310
90	319
90	380
90	386
90	480
90	574
90	594
90	608
91	127
91	144
91	285
91	374
91	398
91	408
91	440
91	492
91	553
91	580
91	757
91	869
92	193
92	225
92	267
92	277
92	368
92	435
92	445
92	512
92	582
92	610
92	703
92	785
93	230
93	327
93	356
93	461
93	518
93	570
93	880
93	944
94	124
94	168
94	239
94	249
94	339
94	415
94	494
94	640
94	672
94	725
94	793
94	813
94	938
94	990
95	112
95	115
95	140
95	180
95	247
95	310
95	377
95	388
95	473
95	627
95	696
95	957
96	123
96	160
96	170
96	171
96	173
96	189
96	229
96	232
96	480
96	496
96	601
96	654
97	98
97	106
97	148
97	210
97	217
97	235
97	263
97	266
97	269
97	443
97	465
97	483
97	504
98	106
98	210
98	229
98	235
98	266
98	419
98	443
98	453
98	465
98	483
98	853
98	854
99	135
99	191
99	197
99	265
99	436
99	439
99	788
99	892
100	124
100	264
100	356
100	962
101	110
101	486
101	546
101	643
101	777
101	935
102	129
102	272
102	295
102	322
102	325
102	339
102	370
102	384
102	636
102	676
102	810
102	922
102	985
103	556
103	623
103	655
103	762
103	766
103	774
103	986
104	105
104	117
104	121
104	234
104	363
104	364
104	369
104	427
104	485
104	652
104	923
105	117
105	121
105	166
105	234
105	363
105	364
105	369
105	427
105	539
105	652
105	857
105	923
106	120
106	165
106	210
106	217
106	235
106	266
106	443
106	483
106	728
106	853
107	299
107	347
107	445
107	554
107	592
107	663
107	701
107	739
107	746
107	840
107	842
107	975
108	109
108	158
108	394
108	463
108	484
108	551
108	597
108	714
108	726
108	727
108	789
108	826
108	925
109	175
109	244
109	297
109	383
109	396
109	447
109	747
109	811
109	875
110	178
110	234
110	469
110	557
110	750
110	753
111	116
111	153
111	284
111	441
111	570
111	955
112	227
112	274
112	279
112	388
112	410
112	468
112	637
112	735
112	970
113	183
113	236
113	560
113	566
113	758
114	169
114	183
114	219
114	233
114	336
114	693
114	721
115	223
115	227
115	246
115	247
115	274
115	501
115	621
115	679
115	718
115	735
115	797
115	894
116	153
116	195
117	121
117	140
117	234
117	363
117	369
117	427
117	652
117	819
117	857
117	911
117	923
118	253
118	320
118	379
118	425
118	531
118	535
118	645
118	746
118	784
118	947
118	980
119	166
119	316
119	337
119	345
119	573
119	579
119	583
119	602
119	618
119	763
119	836
119	976
120	205
120	206
120	302
120	329
120	337
120	344
120	516
120	617
120	737
120	803
120	872
120	912
121	226
121	234
121	363
121	364
121	369
121	427
121	485
121	857
122	280
122	289
122	565
122	680
122	697
122	824
122	857
122	958
123	154
123	160
123	171
123	173
123	189
123	203
123	496
123	608
123	979
124	168
124	188
124	206
124	239
124	249
124	415
124	494
124	672
124	990
125	238
125	248
125	400
125	568
125	586
125	712
125	815
125	884
125	927
126	151
126	439
126	448
126	523
126	905
126	920
126	928
126	968
126	975
127	149
127	285
127	398
127	440
127	553
127	643
127	869
127	930
128	240
128	436
128	477
128	646
128	651
128	730
128	991
129	264
129	272
129	325
129	339
129	370
129	384
129	636
129	797
129	810
129	873
129	911
129	985
130	176
130	237
130	251
130	261
130	342
130	354
130	365
130	410
130	456
130	584
130	588
130	679
130	968
131	207
131	212
131	353
131	368
131	449
131	560
131	578
132	159
132	162
132	192
132	254
132	361
132	420
132	423
132	495
132	552
132	629
132	646
132	681
132	864
133	169
133	260
133	352
133	506
133	587
133	626
133	904
134	190
134	233
134	296
134	527
134	575
134	593
134	660
134	849
134	940
134	976
134	988
134	992
135	372
135	475
135	505
135	526
135	635
135	673
135	725
136	151
136	156
136	216
136	218
136	359
136	635
136	775
136	901
136	965
137	201
137	354
137	398
137	481
137	550
137	656
137	903
138	155
138	168
138	215
138	282
138	322
138	345
138	558
138	686
138	801
139	159
139	161
139	196
139	236
139	238
139	245
139	315
139	517
139	689
140	180
140	201
140	603
140	900
140	907
140	986
141	142
141	223
141	255
141	256
141	309
141	331
141	537
141	595
141	653
141	772
141	809
142	223
142	255
142	256
142	303
142	309
142	519
142	653
142	716
142	772
142	809
143	230
143	541
143	550
143	929
143	987
144	209
144	403
144	492
144	696
145	156
145	187
145	199
145	216
145	290
145	373
145	389
145	901
145	930
146	163
146	219
146	374
146	702
146	715
146	717
146	738
147	289
147	323
147	466
147	759
148	195
148	202
148	224
148	226
148	294
148	313
148	644
148	677
148	722
148	786
148	977
149	285
149	397
149	398
149	472
149	580
149	691
149	710
149	910
150	400
150	439
150	474
150	543
150	684
150	905
151	213
151	271
151	288
151	298
151	522
152	194
152	382
152	658
153	225
153	754
154	160
154	189
154	203
154	274
154	386
154	601
154	608
154	694
154	936
154	947
155	215
155	282
155	322
155	510
155	558
155	596
155	801
155	825
156	221
156	222
156	359
156	369
156	969
157	173
157	193
157	267
157	535
157	707
157	727
157	785
157	805
158	394
158	484
158	517
158	576
158	597
158	714
158	726
158	730
159	162
159	254
159	307
159	361
159	423
159	681
159	773
159	864
159	974
160	203
160	232
160	263
160	319
160	466
160	601
160	947
161	174
161	196
161	207
161	305
161	417
161	971
162	254
162	269
162	351
162	361
162	552
162	629
162	729
162	864
163	178
163	219
163	374
163	606
163	611
163	717
163	722
163	933
164	165
164	360
164	434
164	458
164	459
164	604
164	822
164	902
164	932
165	349
165	360
165	434
165	458
165	459
165	529
165	902
166	528
166	579
166	583
166	602
166	618
166	823
166	836
166	850
166	976
167	227
167	399
167	441
167	481
167	542
167	640
167	975
168	239
168	249
168	314
168	415
168	494
168	725
168	793
169	194
169	242
169	592
169	753
170	171
170	203
170	232
170	246
170	386
170	453
170	496
170	608
170	702
171	173
171	203
171	316
171	414
171	452
171	654
172	241
172	341
172	381
172	444
172	450
172	685
172	698
172	744
172	821
172	883
173	195
173	452
173	480
173	654
173	839
173	887
174	189
174	196
174	245
174	338
174	426
174	444
174	689
174	946
175	196
175	244
175	408
175	431
175	447
175	514
175	878
175	953
176	237
176	261
176	365
176	456
176	532
176	679
176	718
176	984
177	230
177	300
177	512
177	541
177	760
178	414
178	516
178	522
178	979
179	240
179	375
179	951
180	247
180	310
180	390
180	705
180	718
180	921
180	961
181	197
181	269
181	279
181	404
181	497
181	633
182	292
182	429
182	460
182	563
182	607
182	667
182	937
183	327
183	432
183	438
184	199
184	386
184	472
184	498
184	795
184	806
184	873
185	243
185	291
185	461
185	869
186	275
186	293
186	624
186	633
186	841
186	939
186	944
186	950
187	273
187	365
187	405
187	411
187	412
188	264
188	597
188	770
189	203
189	232
189	601
189	694
190	211
190	213
190	766
190	786
190	874
191	197
191	464
191	723
192	221
192	421
192	536
192	574
192	846
193	206
193	225
193	278
193	283
193	304
193	582
193	665
194	329
194	564
194	846
194	903
195	202
195	224
195	294
195	340
195	495
195	589
195	644
196	305
196	321
196	447
196	971
197	333
197	505
198	422
198	713
199	333
199	498
199	674
199	873
199	942
200	323
200	431
200	441
200	538
200	692
200	747
200	994
201	278
201	577
201	886
202	224
202	226
202	313
202	591
202	644
202	677
203	258
203	298
203	839
204	220
204	281
204	308
204	895
205	206
205	302
205	329
205	372
205	737
205	813
205	885
205	912
206	302
206	329
206	516
206	617
206	813
206	885
207	238
207	338
207	387
207	752
208	402
208	470
208	509
208	605
208	634
208	864
208	927
209	262
209	371
209	478
209	501
210	217
210	266
210	504
210	598
210	600
211	354
211	397
211	789
211	924
212	353
212	368
212	467
212	476
212	544
212	565
212	686
213	324
213	540
213	662
213	742
213	848
213	878
213	948
213	973
214	326
214	379
214	509
214	528
214	572
214	859
214	922
214	997
215	345
215	442
215	686
215	827
215	899
216	222
216	382
216	411
216	412
217	465
217	504
217	598
218	324
218	362
218	664
218	969
219	424
219	738
219	933
220	594
220	906
221	260
221	431
221	566
221	908
222	273
222	451
222	590
222	635
223	255
223	256
223	309
223	331
223	519
224	226
224	294
224	305
224	495
224	695
224	977
225	435
225	512
225	641
225	711
226	313
226	340
226	495
226	703
226	722
227	279
227	310
227	415
227	468
227	637
227	735
228	275
228	283
228	318
228	369
228	393
228	562
228	790
228	812
228	818
229	250
229	283
229	437
229	567
229	622
229	706
229	881
230	251
230	457
231	300
231	355
231	399
231	926
232	839
232	947
232	980
233	296
233	527
233	575
233	578
233	593
233	988
234	311
234	364
234	427
234	482
235	411
235	483
235	728
235	854
236	238
236	444
236	517
236	649
236	729
237	261
237	456
237	584
237	630
237	867
237	877
237	968
238	305
238	321
239	242
239	640
239	725
239	793
239	938
240	862
241	348
241	378
241	381
241	724
241	861
241	921
242	352
242	882
243	423
243	470
243	779
244	388
244	408
244	677
244	994
244	995
245	305
245	338
245	353
245	971
246	271
247	255
247	310
247	358
247	430
247	821
248	470
248	524
248	614
248	682
248	927
249	494
249	545
249	640
249	672
249	938
250	282
250	393
250	395
250	409
250	437
250	706
250	881
251	261
251	365
251	456
251	584
251	792
251	867
251	978
252	371
252	589
252	908
253	320
253	379
253	425
253	493
253	645
253	674
253	746
253	980
254	336
254	420
254	467
254	681
254	729
255	256
255	309
255	595
256	259
256	331
256	519
256	595
256	945
257	307
257	433
257	454
257	690
257	765
257	784
257	817
258	300
258	465
259	355
259	426
259	850
260	523
261	365
261	410
261	608
262	733
262	849
262	851
262	961
263	383
263	447
263	514
263	995
264	713
265	780
266	483
266	628
267	304
267	330
267	895
267	988
268	317
268	904
268	949
268	952
269	486
270	607
270	882
270	906
270	982
271	424
271	536
271	834
272	295
272	325
272	384
272	636
273	389
273	405
273	485
273	827
274	390
274	627
274	705
274	840
275	293
275	406
275	633
275	654
275	841
275	858
276	291
276	403
276	704
277	342
277	477
277	665
277	805
278	666
278	698
279	377
279	524
279	719
279	961
280	289
280	794
280	870
281	482
281	777
281	959
282	345
282	442
282	827
282	834
282	949
283	352
283	395
283	769
283	830
283	881
284	456
285	691
285	910
285	931
286	403
286	951
287	498
289	489
290	373
290	389
290	431
292	391
292	397
292	412
292	460
292	469
292	607
292	788
293	624
293	858
293	944
293	950
294	313
294	495
294	722
295	310
295	339
295	370
295	804
295	985
296	660
296	849
296	940
296	988
297	383
297	408
297	431
297	684
297	707
298	670
299	330
299	445
299	554
299	701
299	712
299	840
300	367
300	559
300	715
301	385
301	477
302	337
302	513
302	737
302	912
303	513
303	799
303	882
304	791
304	895
305	489
306	312
306	374
306	581
306	702
307	433
307	765
307	784
307	799
307	847
307	915
308	376
308	441
308	464
308	802
309	331
309	519
309	948
310	377
310	868
311	385
311	502
312	389
312	581
312	611
312	669
312	807
313	329
313	340
313	908
313	977
314	344
314	503
314	509
314	642
314	755
314	808
315	320
315	531
315	535
315	645
315	829
315	892
316	573
316	579
316	602
316	618
317	371
317	409
317	547
317	780
318	769
318	812
318	972
319	452
319	480
319	496
319	739
320	645
320	883
320	980
321	647
322	345
322	596
323	490
323	506
323	530
324	743
325	422
325	804
325	911
326	528
326	572
326	585
326	808
326	952
326	997
327	335
328	354
328	376
328	896
329	516
329	588
330	347
330	445
330	592
330	663
331	521
331	653
331	731
332	405
332	525
332	623
332	775
333	472
333	498
333	795
333	940
334	383
334	648
334	751
334	888
335	700
336	639
337	588
337	611
337	617
337	813
338	343
338	645
339	370
339	440
339	804
340	591
340	677
340	765
341	348
341	557
341	698
341	861
341	921
342	688
342	727
342	805
343	417
343	517
343	832
343	985
344	376
344	437
344	503
344	642
344	859
345	442
346	392
346	609
346	749
346	758
346	781
346	814
347	554
347	739
347	840
348	613
348	685
348	918
348	995
349	360
349	434
349	459
349	529
349	902
350	479
350	982
351	383
351	796
351	803
352	455
352	589
353	782
354	378
355	555
355	620
355	748
357	407
357	439
358	468
358	524
358	627
358	638
359	396
359	964
359	987
360	458
360	529
360	641
361	541
361	552
361	629
361	841
362	522
362	753
363	485
363	489
363	652
364	460
364	485
365	532
365	581
366	375
366	685
366	966
367	913
368	991
369	485
370	405
370	438
370	810
371	432
371	881
372	548
372	557
373	419
373	525
373	756
374	692
375	480
375	897
376	503
376	509
376	528
376	890
377	407
377	696
377	718
378	381
378	462
378	613
378	744
378	763
379	425
379	531
379	746
380	399
380	496
380	913
381	462
381	561
381	704
381	762
382	668
384	497
384	636
384	911
385	393
385	629
386	694
386	943
387	800
387	832
387	916
388	390
388	430
388	571
388	627
389	856
390	468
391	413
391	429
391	469
391	667
391	937
392	609
392	669
392	814
392	983
393	567
394	597
394	730
395	972
396	451
396	664
397	429
397	469
397	607
398	492
399	513
399	694
400	815
400	981
400	999
401	490
401	747
401	876
401	945
402	614
402	815
404	518
404	842
405	871
406	624
406	633
406	858
406	939
407	917
408	684
409	537
410	978
410	984
411	964
412	419
412	817
413	471
414	820
415	672
415	990
416	462
417	752
417	800
419	756
419	816
420	552
420	741
420	773
421	561
421	571
421	838
422	450
422	716
422	899
423	629
423	729
423	773
424	606
424	611
425	520
425	535
425	829
428	640
429	607
430	621
430	957
430	970
433	454
433	548
433	799
433	847
434	458
434	604
435	703
437	562
437	567
440	553
441	741
442	564
442	596
443	465
443	693
444	689
445	701
446	638
447	773
449	455
449	824
449	972
450	520
451	538
452	594
452	654
452	856
454	765
454	817
454	847
455	668
455	850
456	679
458	459
459	699
459	822
460	563
460	667
460	937
462	685
462	698
462	821
463	482
463	484
463	826
464	996
466	733
466	768
468	719
469	563
469	667
470	614
470	816
471	475
471	479
472	615
472	740
473	885
474	825
476	489
476	565
477	600
478	665
479	523
479	919
480	529
481	955
484	925
487	573
488	641
488	707
488	800
489	569
489	716
490	748
491	910
494	717
494	859
495	591
496	943
498	761
499	660
501	648
502	676
503	642
503	752
504	594
505	737
506	542
507	662
508	726
509	755
510	686
510	949
511	647
511	871
511	898
514	538
515	650
516	588
518	613
522	536
523	690
524	970
525	959
526	537
526	837
527	593
527	823
528	585
529	604
530	693
531	829
532	968
532	978
533	990
534	564
534	568
535	942
538	946
539	616
539	635
540	795
540	848
540	878
540	948
542	897
544	600
544	776
545	697
547	651
548	792
553	564
554	653
554	663
556	896
559	719
560	909
562	659
562	848
563	793
565	584
566	905
568	661
569	970
571	904
572	755
572	890
573	763
573	833
575	732
575	778
575	992
576	714
576	936
579	618
579	890
580	706
582	736
583	763
583	823
585	769
585	890
586	595
586	993
587	787
587	901
587	969
590	780
591	644
592	739
592	842
593	624
593	660
594	943
595	772
596	796
598	853
599	688
599	749
599	767
601	805
602	833
603	999
604	822
605	682
605	783
605	851
609	749
610	924
610	927
613	883
613	918
615	683
615	697
615	942
616	731
616	905
617	885
618	918
620	646
621	673
621	894
622	659
622	706
624	944
625	889
631	933
632	886
633	950
634	661
637	772
637	844
639	808
642	724
642	997
646	663
647	950
649	752
650	960
651	723
653	809
655	973
657	744
659	732
659	769
660	849
661	993
662	742
662	898
662	973
663	842
664	733
666	820
669	671
669	758
669	983
670	966
671	758
671	781
674	798
675	742
675	898
675	948
675	964
678	683
678	761
680	743
681	984
682	914
687	852
691	710
693	979
702	807
704	762
704	883
708	814
712	999
719	957
724	821
724	921
728	761
731	838
732	940
732	992
736	801
740	798
740	806
741	834
744	762
748	809
749	781
750	1000
751	782
757	862
759	826
759	936
767	874
768	831
770	774
771	829
775	888
779	798
780	941
784	967
790	818
790	830
797	868
799	967
802	975
803	875
808	922
811	832
812	992
814	983
817	967
819	913
819	941
822	920
823	836
831	847
831	860
833	868
833	976
841	939
843	978
846	935
848	898
856	996
859	922
861	918
865	904
867	884
867	984
877	917
878	973
891	997
894	925
906	935
907	956
928	943
935	945
966	982
983	993
