1	4
1	6
1	11
1	12
1	13
1	26
1	36
1	43
1	55
1	58
1	61
1	65
1	71
1	81
1	84
1	88
1	91
1	98
1	100
1	105
1	107
1	110
1	112
1	114
1	135
1	144
1	155
1	158
1	171
1	192
1	194
1	196
1	197
1	198
1	200
1	203
1	214
1	215
1	221
1	231
1	234
1	250
1	265
1	277
1	311
1	315
1	320
1	337
1	341
1	346
1	352
1	353
1	378
1	379
1	385
1	399
1	443
1	455
1	456
1	478
1	487
1	497
1	508
1	512
1	515
1	526
1	529
1	536
1	540
1	544
1	552
1	563
1	588
1	593
1	603
1	612
1	648
1	700
1	705
1	749
1	758
1	794
1	797
1	799
1	803
1	852
1	862
1	878
1	882
1	884
1	926
1	933
1	940
1	952
1	956
1	967
1	988
2	5
2	6
2	7
2	10
2	17
2	19
2	23
2	30
2	31
2	32
2	38
2	40
2	53
2	54
2	57
2	73
2	74
2	76
2	86
2	94
2	117
2	121
2	123
2	124
2	132
2	134
2	138
2	146
2	160
2	178
2	191
2	193
2	199
2	225
2	230
2	236
2	237
2	249
2	250
2	276
2	284
2	295
2	299
2	323
2	324
2	359
2	367
2	369
2	384
2	389
2	395
2	420
2	422
2	425
2	453
2	470
2	520
2	521
2	531
2	538
2	559
2	576
2	587
2	599
2	609
2	615
2	628
2	643
2	649
2	655
2	661
2	665
2	687
2	708
2	712
2	718
2	730
2	749
2	807
2	821
2	831
2	832
2	886
2	899
2	907
2	919
2	932
2	972
2	991
3	5
3	7
3	10
3	11
3	12
3	13
3	16
3	17
3	21
3	22
3	26
3	31
3	33
3	42
3	43
3	44
3	45
3	46
3	50
3	51
3	59
3	62
3	68
3	72
3	84
3	89
3	95
3	96
3	108
3	122
3	125
3	132
3	169
3	172
3	208
3	217
3	221
3	226
3	233
3	249
3	254
3	342
3	348
3	355
3	363
3	365
3	382
3	386
3	394
3	404
3	417
3	420
3	482
3	486
3	522
3	540
3	549
3	571
3	606
3	610
3	623
3	636
3	658
3	675
3	697
3	723
3	776
3	808
3	828
3	879
3	910
3	935
3	946
3	962
3	987
3	992
4	12
4	15
4	26
4	36
4	39
4	43
4	55
4	58
4	71
4	83
4	88
4	91
4	98
4	99
4	100
4	105
4	110
4	112
4	114
4	135
4	144
4	152
4	155
4	158
4	171
4	175
4	186
4	196
4	197
4	198
4	200
4	203
4	234
4	251
4	259
4	265
4	277
4	283
4	320
4	341
4	346
4	352
4	353
4	378
4	388
4	399
4	443
4	464
4	478
4	481
4	501
4	508
4	529
4	568
4	570
4	580
4	582
4	593
4	600
4	606
4	622
4	683
4	714
4	731
4	789
4	848
4	863
4	878
4	897
4	930
4	963
4	967
4	997
5	30
5	32
5	38
5	40
5	53
5	57
5	58
5	63
5	73
5	76
5	84
5	89
5	91
5	94
5	98
5	117
5	121
5	124
5	132
5	134
5	138
5	160
5	169
5	178
5	202
5	223
5	225
5	230
5	237
5	238
5	249
5	250
5	276
5	284
5	352
5	358
5	367
5	369
5	381
5	389
5	395
5	399
5	434
5	453
5	473
5	521
5	531
5	538
5	559
5	601
5	609
5	618
5	643
5	687
5	703
5	730
5	754
5	778
5	807
5	826
5	831
5	856
5	862
5	899
5	903
5	930
5	934
5	972
5	977
5	991
6	7
6	8
6	9
6	12
6	13
6	18
6	20
6	23
6	24
6	26
6	29
6	48
6	52
6	56
6	67
6	70
6	98
6	116
6	128
6	141
6	154
6	158
6	162
6	179
6	207
6	264
6	279
6	297
6	300
6	321
6	322
6	325
6	344
6	347
6	361
6	390
6	395
6	404
6	410
6	447
6	466
6	471
6	514
6	523
6	543
6	557
6	558
6	617
6	641
6	650
6	653
6	654
6	680
6	689
6	692
6	705
6	706
6	711
6	771
6	816
6	838
6	841
6	844
6	858
6	873
6	874
6	965
6	973
6	974
7	11
7	15
7	16
7	17
7	18
7	19
7	21
7	22
7	28
7	31
7	32
7	33
7	42
7	44
7	45
7	46
7	50
7	51
7	59
7	62
7	68
7	72
7	76
7	78
7	84
7	95
7	96
7	108
7	123
7	151
7	167
7	169
7	172
7	191
7	217
7	219
7	233
7	257
7	274
7	321
7	369
7	394
7	400
7	404
7	435
7	444
7	457
7	461
7	464
7	466
7	469
7	479
7	493
7	554
7	567
7	569
7	592
7	606
7	625
7	629
7	634
7	681
7	710
7	768
7	828
7	896
7	962
8	9
8	10
8	12
8	13
8	16
8	23
8	29
8	36
8	41
8	47
8	52
8	56
8	67
8	111
8	116
8	128
8	142
8	154
8	156
8	157
8	162
8	179
8	207
8	215
8	239
8	264
8	273
8	297
8	300
8	321
8	322
8	325
8	361
8	390
8	410
8	427
8	456
8	460
8	466
8	487
8	491
8	514
8	523
8	535
8	557
8	572
8	585
8	617
8	641
8	653
8	654
8	692
8	694
8	706
8	711
8	750
8	790
8	833
8	844
8	872
8	901
8	941
8	965
8	974
8	978
9	12
9	13
9	16
9	17
9	23
9	29
9	41
9	52
9	56
9	67
9	94
9	116
9	124
9	128
9	149
9	154
9	162
9	163
9	179
9	186
9	207
9	234
9	239
9	256
9	264
9	300
9	305
9	308
9	309
9	321
9	322
9	325
9	328
9	361
9	390
9	405
9	430
9	447
9	460
9	491
9	523
9	543
9	557
9	585
9	609
9	617
9	641
9	654
9	689
9	692
9	697
9	705
9	739
9	816
9	833
9	844
9	861
9	872
9	941
9	959
9	973
9	991
10	15
10	19
10	20
10	27
10	35
10	48
10	49
10	54
10	85
10	86
10	92
10	104
10	123
10	129
10	131
10	145
10	146
10	147
10	159
10	192
10	229
10	247
10	250
10	266
10	269
10	278
10	295
10	310
10	327
10	331
10	339
10	343
10	356
10	377
10	392
10	428
10	436
10	476
10	484
10	532
10	558
10	588
10	611
10	624
10	630
10	674
10	723
10	761
10	767
10	785
10	810
10	863
10	867
10	901
10	908
10	939
10	961
10	969
11	21
11	22
11	28
11	29
11	31
11	33
11	42
11	44
11	45
11	46
11	50
11	59
11	68
11	72
11	78
11	82
11	84
11	89
11	103
11	113
11	122
11	151
11	171
11	183
11	204
11	208
11	216
11	220
11	254
11	257
11	262
11	263
11	292
11	299
11	391
11	404
11	467
11	482
11	493
11	495
11	500
11	589
11	625
11	646
11	664
11	684
11	736
11	786
11	827
11	853
12	13
12	21
12	23
12	29
12	34
12	51
12	52
12	56
12	59
12	60
12	67
12	99
12	116
12	128
12	139
12	154
12	162
12	179
12	207
12	264
12	273
12	297
12	300
12	309
12	310
12	321
12	322
12	325
12	409
12	410
12	447
12	466
12	491
12	514
12	523
12	535
12	689
12	697
12	739
12	752
12	766
12	805
12	833
12	872
12	874
13	14
13	23
13	25
13	29
13	52
13	56
13	67
13	116
13	128
13	154
13	162
13	179
13	198
13	207
13	239
13	264
13	271
13	273
13	297
13	300
13	309
13	322
13	325
13	361
13	390
13	410
13	452
13	460
13	532
13	535
13	564
13	566
13	617
13	650
13	689
13	692
13	787
13	816
13	838
13	858
13	886
13	941
13	974
13	977
13	992
14	18
14	39
14	56
14	61
14	82
14	93
14	106
14	120
14	137
14	139
14	150
14	164
14	167
14	179
14	246
14	250
14	270
14	272
14	282
14	304
14	332
14	333
14	345
14	360
14	366
14	376
14	378
14	410
14	442
14	456
14	468
14	510
14	513
14	550
14	555
14	598
14	621
14	701
14	727
14	789
14	829
14	844
14	847
14	894
14	918
14	923
14	924
14	949
14	979
14	984
15	19
15	20
15	26
15	35
15	41
15	48
15	54
15	85
15	104
15	109
15	133
15	139
15	152
15	153
15	162
15	168
15	186
15	192
15	198
15	228
15	229
15	308
15	310
15	356
15	357
15	376
15	377
15	392
15	398
15	409
15	411
15	420
15	450
15	480
15	503
15	527
15	584
15	588
15	589
15	611
15	637
15	726
15	729
15	792
15	842
15	867
15	871
16	17
16	24
16	28
16	31
16	33
16	42
16	44
16	45
16	50
16	59
16	75
16	78
16	84
16	89
16	95
16	96
16	103
16	113
16	133
16	205
16	217
16	220
16	231
16	233
16	235
16	299
16	350
16	365
16	427
16	482
16	489
16	556
16	591
16	592
16	612
16	658
16	674
16	786
16	933
16	978
16	981
17	21
17	22
17	33
17	42
17	45
17	50
17	62
17	72
17	78
17	86
17	108
17	113
17	120
17	122
17	133
17	134
17	150
17	190
17	275
17	350
17	394
17	406
17	464
17	479
17	519
17	522
17	533
17	554
17	570
17	589
17	591
17	664
17	724
17	737
17	776
17	808
17	828
17	896
17	978
17	987
18	39
18	42
18	51
18	55
18	61
18	74
18	82
18	93
18	106
18	120
18	137
18	150
18	164
18	167
18	205
18	232
18	238
18	246
18	270
18	282
18	304
18	332
18	345
18	360
18	442
18	510
18	511
18	513
18	514
18	539
18	555
18	574
18	601
18	621
18	673
18	747
18	854
18	918
18	949
18	984
19	20
19	27
19	41
19	52
19	54
19	85
19	92
19	98
19	109
19	131
19	136
19	139
19	229
19	247
19	306
19	308
19	309
19	356
19	392
19	411
19	484
19	527
19	530
19	532
19	600
19	630
19	639
19	684
19	690
19	709
19	729
19	730
19	782
19	794
19	842
19	850
19	873
19	908
19	942
20	27
20	35
20	38
20	40
20	41
20	48
20	54
20	92
20	104
20	111
20	113
20	128
20	129
20	146
20	161
20	192
20	199
20	228
20	254
20	278
20	307
20	308
20	310
20	420
20	436
20	505
20	513
20	616
20	626
20	630
20	639
20	772
20	811
20	871
20	938
20	995
21	22
21	27
21	44
21	47
21	51
21	78
21	84
21	103
21	123
21	129
21	142
21	151
21	160
21	172
21	208
21	214
21	219
21	221
21	226
21	269
21	305
21	342
21	435
21	446
21	464
21	506
21	571
21	640
21	675
21	739
21	740
21	765
21	805
21	865
22	26
22	31
22	33
22	42
22	44
22	45
22	46
22	50
22	51
22	62
22	78
22	84
22	95
22	108
22	208
22	251
22	280
22	355
22	382
22	403
22	417
22	446
22	495
22	540
22	549
22	591
22	625
22	675
22	740
22	772
22	867
22	870
22	876
22	944
23	29
23	47
23	51
23	52
23	56
23	67
23	116
23	128
23	149
23	154
23	162
23	179
23	184
23	207
23	239
23	266
23	297
23	309
23	432
23	447
23	460
23	466
23	514
23	535
23	543
23	630
23	654
23	661
23	739
23	758
23	873
24	60
24	77
24	83
24	87
24	90
24	101
24	149
24	173
24	188
24	243
24	330
24	362
24	368
24	416
24	448
24	471
24	478
24	542
24	656
24	694
24	699
24	722
24	741
24	742
24	778
24	787
24	827
24	845
24	855
24	877
24	890
24	891
24	956
24	989
24	1000
25	34
25	39
25	47
25	58
25	64
25	67
25	76
25	80
25	99
25	118
25	125
25	130
25	140
25	163
25	175
25	176
25	199
25	211
25	280
25	339
25	434
25	459
25	596
25	677
25	678
25	686
25	744
25	762
25	774
25	806
25	864
25	883
25	922
25	951
25	953
26	30
26	36
26	43
26	55
26	71
26	91
26	100
26	105
26	112
26	114
26	135
26	155
26	171
26	198
26	200
26	218
26	311
26	341
26	397
26	477
26	529
26	536
26	579
26	685
26	717
26	725
26	780
26	797
26	826
26	847
27	35
27	41
27	54
27	60
27	85
27	92
27	104
27	109
27	131
27	139
27	146
27	161
27	177
27	278
27	295
27	307
27	392
27	405
27	409
27	416
27	472
27	532
27	584
27	595
27	616
27	751
27	792
27	811
27	824
27	863
27	961
27	968
28	31
28	42
28	44
28	45
28	46
28	72
28	115
28	142
28	151
28	161
28	195
28	199
28	235
28	254
28	262
28	263
28	269
28	280
28	399
28	415
28	417
28	432
28	440
28	522
28	658
28	825
28	834
28	851
28	860
28	865
28	905
28	946
29	52
29	53
29	56
29	67
29	71
29	100
29	116
29	132
29	143
29	162
29	239
29	273
29	297
29	309
29	321
29	361
29	380
29	410
29	413
29	447
29	466
29	491
29	557
29	578
29	585
29	858
29	965
29	973
30	32
30	38
30	40
30	53
30	73
30	76
30	80
30	94
30	104
30	117
30	121
30	124
30	132
30	134
30	138
30	159
30	160
30	234
30	276
30	284
30	324
30	384
30	400
30	473
30	587
30	601
30	643
30	730
30	785
30	802
30	807
30	966
31	44
31	46
31	50
31	70
31	72
31	78
31	122
31	219
31	220
31	280
31	290
31	355
31	415
31	457
31	488
31	496
31	533
31	546
31	548
31	570
31	625
31	640
31	699
31	724
31	851
31	859
31	967
32	36
32	37
32	38
32	40
32	53
32	57
32	67
32	76
32	81
32	94
32	134
32	160
32	225
32	236
32	237
32	249
32	358
32	367
32	373
32	395
32	419
32	521
32	576
32	609
32	749
32	780
32	855
32	907
32	932
32	939
33	46
33	64
33	68
33	72
33	84
33	88
33	89
33	103
33	108
33	172
33	208
33	221
33	342
33	361
33	393
33	464
33	619
33	623
33	627
33	636
33	641
33	681
33	702
33	720
33	906
33	935
34	47
34	64
34	66
34	80
34	99
34	118
34	125
34	127
34	130
34	176
34	199
34	207
34	240
34	300
34	312
34	434
34	459
34	541
34	578
34	645
34	677
34	678
34	762
34	771
34	798
34	806
34	883
34	900
34	922
34	951
35	36
35	48
35	54
35	77
35	92
35	104
35	109
35	129
35	131
35	135
35	136
35	139
35	159
35	192
35	228
35	266
35	289
35	308
35	328
35	331
35	356
35	408
35	484
35	509
35	611
35	856
35	871
35	929
36	43
36	55
36	58
36	70
36	71
36	107
36	110
36	196
36	259
36	283
36	286
36	310
36	311
36	319
36	320
36	341
36	353
36	388
36	487
36	497
36	499
36	552
36	568
36	700
36	734
36	780
37	52
37	62
37	65
37	66
37	70
37	74
37	79
37	82
37	88
37	97
37	98
37	152
37	314
37	317
37	396
37	398
37	433
37	452
37	488
37	498
37	506
37	651
37	736
37	756
37	773
37	791
37	809
37	903
37	943
37	947
38	40
38	53
38	73
38	76
38	117
38	120
38	121
38	126
38	174
38	178
38	191
38	225
38	238
38	359
38	367
38	369
38	384
38	528
38	643
38	651
38	698
38	907
38	919
38	939
38	966
38	973
39	61
39	82
39	93
39	120
39	141
39	150
39	167
39	205
39	232
39	246
39	270
39	272
39	406
39	442
39	479
39	511
39	550
39	574
39	727
39	731
39	747
39	789
39	829
39	866
39	923
39	951
39	979
40	53
40	57
40	76
40	108
40	113
40	117
40	121
40	132
40	160
40	225
40	238
40	266
40	309
40	367
40	391
40	576
40	587
40	615
40	628
40	661
40	748
40	849
40	855
40	943
41	43
41	83
41	85
41	87
41	129
41	139
41	145
41	153
41	229
41	254
41	307
41	327
41	328
41	357
41	377
41	411
41	492
41	709
41	723
41	863
41	942
41	985
42	44
42	45
42	46
42	50
42	69
42	78
42	95
42	103
42	108
42	113
42	169
42	202
42	294
42	570
42	585
42	801
42	825
42	940
42	995
43	44
43	58
43	81
43	112
43	114
43	117
43	131
43	144
43	155
43	158
43	163
43	186
43	212
43	234
43	337
43	478
43	512
43	700
43	862
43	923
43	944
44	46
44	51
44	62
44	68
44	95
44	173
44	231
44	235
44	391
44	489
44	510
44	592
44	648
44	667
44	868
44	917
44	974
45	46
45	59
45	62
45	68
45	89
45	92
45	108
45	129
45	254
45	262
45	269
45	284
45	382
45	418
45	469
45	583
45	610
45	950
45	999
46	54
46	117
46	123
46	217
46	219
46	350
46	415
46	496
46	594
46	610
46	671
46	702
46	710
46	898
46	916
46	992
47	64
47	78
47	80
47	99
47	118
47	125
47	130
47	140
47	175
47	176
47	199
47	334
47	339
47	596
47	613
47	645
47	744
47	757
47	806
47	893
47	900
48	71
48	104
48	109
48	122
48	136
48	145
48	146
48	153
48	229
48	247
48	266
48	307
48	392
48	397
48	402
48	480
48	616
48	674
48	726
48	784
48	955
49	68
49	70
49	84
49	136
49	184
49	204
49	216
49	222
49	291
49	329
49	338
49	350
49	375
49	381
49	406
49	423
49	485
49	506
49	528
49	564
49	573
49	691
49	779
49	840
49	913
50	51
50	58
50	62
50	103
50	111
50	123
50	127
50	174
50	221
50	299
50	302
50	374
50	400
50	417
50	435
50	604
50	857
51	54
51	59
51	172
51	243
51	258
51	263
51	348
51	350
51	391
51	468
51	566
51	667
51	710
51	719
51	766
51	767
52	55
52	56
52	67
52	128
52	154
52	179
52	264
52	319
52	438
52	514
52	543
52	608
52	697
52	711
52	838
52	873
53	58
53	62
53	76
53	124
53	132
53	134
53	139
53	230
53	323
53	324
53	358
53	473
53	538
53	593
53	599
53	754
53	821
53	947
54	87
54	94
54	145
54	159
54	201
54	303
54	357
54	463
54	505
54	572
54	624
54	729
54	761
54	764
54	937
54	961
55	81
55	91
55	101
55	107
55	110
55	135
55	144
55	153
55	155
55	158
55	198
55	251
55	259
55	286
55	314
55	319
55	397
55	803
55	926
56	57
56	67
56	99
56	112
56	116
56	128
56	179
56	207
56	239
56	273
56	309
56	641
56	705
56	763
56	874
57	73
57	85
57	94
57	138
57	140
57	159
57	178
57	191
57	230
57	276
57	284
57	425
57	609
57	687
57	770
57	821
57	930
57	939
57	943
58	71
58	81
58	105
58	107
58	112
58	141
58	158
58	163
58	197
58	234
58	259
58	283
58	291
58	315
58	374
58	622
59	84
59	113
59	151
59	157
59	167
59	181
59	214
59	257
59	365
59	409
59	567
59	664
59	745
59	846
59	906
59	960
59	994
60	77
60	83
60	87
60	90
60	99
60	101
60	149
60	188
60	243
60	330
60	362
60	368
60	459
60	471
60	475
60	659
60	741
60	787
60	845
60	956
60	958
61	79
61	82
61	120
61	137
61	164
61	167
61	193
61	232
61	246
61	270
61	272
61	345
61	425
61	426
61	437
61	513
61	751
61	894
61	918
61	990
62	78
62	96
62	102
62	123
62	178
62	221
62	233
62	285
62	302
62	457
62	533
62	572
62	767
62	972
63	69
63	97
63	126
63	133
63	143
63	147
63	190
63	204
63	212
63	258
63	306
63	334
63	383
63	449
63	517
63	561
63	577
63	620
63	695
63	753
63	823
63	981
64	75
64	80
64	99
64	118
64	130
64	140
64	175
64	199
64	211
64	339
64	414
64	421
64	459
64	503
64	578
64	645
64	677
64	678
64	883
65	66
65	74
65	79
65	88
65	97
65	131
65	227
65	293
65	314
65	317
65	398
65	498
65	614
65	756
65	791
65	804
65	809
65	889
65	982
65	985
66	74
66	79
66	81
66	88
66	97
66	101
66	283
66	293
66	314
66	317
66	396
66	398
66	433
66	452
66	462
66	498
66	747
66	903
66	982
67	154
67	226
67	239
67	273
67	300
67	302
67	321
67	520
67	615
67	650
67	720
68	95
68	97
68	103
68	116
68	176
68	301
68	363
68	467
68	468
68	479
68	565
68	851
68	880
68	905
68	975
69	126
69	133
69	143
69	147
69	190
69	191
69	209
69	212
69	294
69	337
69	408
69	448
69	449
69	509
69	577
69	640
69	725
69	743
69	970
70	184
70	204
70	216
70	222
70	291
70	423
70	485
70	499
70	575
70	690
70	691
70	779
70	819
70	835
70	893
70	964
71	81
71	98
71	114
71	134
71	171
71	215
71	259
71	283
71	299
71	337
71	374
71	424
71	626
71	885
72	99
72	108
72	113
72	157
72	226
72	254
72	262
72	317
72	411
72	589
72	658
72	805
72	876
72	906
73	94
73	121
73	134
73	138
73	236
73	237
73	249
73	263
73	276
73	453
73	601
73	607
73	716
73	826
73	831
73	881
74	88
74	97
74	264
74	293
74	314
74	317
74	396
74	398
74	452
74	488
74	614
74	736
74	773
74	843
74	885
74	947
75	86
75	202
75	242
75	286
75	289
75	303
75	407
75	430
75	493
75	500
75	546
75	635
75	679
75	715
75	752
75	812
75	818
75	890
75	948
76	87
76	94
76	121
76	124
76	191
76	284
76	322
76	618
76	622
76	640
76	703
76	934
77	83
77	87
77	90
77	101
77	149
77	169
77	243
77	416
77	535
77	621
77	656
77	690
77	694
77	827
77	845
77	877
77	890
78	84
78	103
78	107
78	108
78	214
78	280
78	302
78	305
78	439
78	567
79	88
79	97
79	119
79	181
79	293
79	314
79	317
79	488
79	498
79	564
79	736
79	791
79	809
79	871
79	903
79	982
80	118
80	125
80	175
80	211
80	317
80	459
80	578
80	596
80	613
80	645
80	650
80	677
80	686
80	792
80	816
81	171
81	319
81	346
81	477
81	480
81	501
81	511
81	519
81	731
81	884
81	885
81	952
81	988
82	93
82	106
82	137
82	150
82	164
82	167
82	179
82	205
82	282
82	366
82	503
82	621
82	635
82	924
83	87
83	90
83	101
83	111
83	173
83	188
83	243
83	368
83	416
83	536
83	639
83	656
83	787
83	827
83	891
84	108
84	280
84	285
84	301
84	594
84	623
84	667
84	832
85	96
85	131
85	145
85	146
85	153
85	159
85	295
85	349
85	377
85	454
85	484
85	511
85	600
85	676
86	174
86	202
86	242
86	289
86	392
86	407
86	493
86	500
86	546
86	635
86	679
86	804
86	812
86	818
86	1000
87	90
87	101
87	173
87	188
87	330
87	382
87	416
87	614
87	656
87	741
87	958
87	989
88	97
88	293
88	396
88	398
88	452
88	488
88	647
88	651
88	756
88	773
88	889
89	96
89	122
89	214
89	226
89	342
89	351
89	415
89	527
89	590
89	629
89	706
89	719
89	960
90	101
90	149
90	173
90	245
90	362
90	387
90	523
90	694
90	722
90	778
90	836
90	890
90	956
90	989
91	105
91	110
91	149
91	171
91	197
91	251
91	268
91	277
91	427
91	428
91	483
91	882
91	895
91	967
92	109
92	146
92	153
92	310
92	331
92	463
92	484
92	661
92	674
92	762
92	781
92	785
92	856
93	106
93	137
93	140
93	150
93	151
93	167
93	232
93	246
93	261
93	360
93	437
93	517
93	701
93	774
93	809
94	132
94	146
94	160
94	236
94	238
94	339
94	389
94	599
94	718
94	930
95	113
95	217
95	277
95	446
95	468
95	540
95	590
95	681
95	696
95	898
95	960
96	172
96	206
96	217
96	221
96	418
96	486
96	496
96	566
96	853
96	919
96	952
96	953
97	186
97	244
97	293
97	317
97	396
97	433
97	488
97	614
97	651
97	692
98	107
98	114
98	171
98	311
98	438
98	481
98	483
98	603
98	760
98	884
98	944
99	130
99	140
99	176
99	312
99	434
99	541
99	596
99	922
99	953
100	105
100	112
100	144
100	194
100	234
100	287
100	315
100	378
100	379
100	477
100	552
100	743
100	847
100	997
101	126
101	149
101	173
101	188
101	243
101	362
101	368
101	471
101	494
101	928
102	111
102	141
102	165
102	166
102	174
102	238
102	343
102	495
102	502
102	569
102	632
102	655
102	796
102	868
102	971
102	980
102	996
103	121
103	138
103	142
103	172
103	301
103	363
103	468
103	583
103	735
103	767
104	145
104	168
104	205
104	228
104	278
104	315
104	356
104	377
104	453
104	630
104	931
105	197
105	215
105	438
105	461
105	471
105	481
105	531
105	544
105	563
105	568
105	586
106	164
106	173
106	272
106	304
106	332
106	360
106	364
106	456
106	513
106	530
106	605
106	701
106	924
107	114
107	117
107	163
107	194
107	245
107	268
107	277
107	353
107	498
107	885
107	933
108	198
108	208
108	226
108	231
108	323
108	394
109	146
109	217
109	229
109	242
109	420
109	566
109	616
109	676
109	764
109	784
109	821
110	163
110	185
110	308
110	319
110	341
110	478
110	512
110	529
110	669
110	754
110	891
111	141
111	165
111	166
111	174
111	502
111	569
111	632
111	796
111	950
111	971
111	980
112	160
112	182
112	196
112	251
112	268
112	352
112	438
112	725
112	829
113	257
113	263
113	284
113	320
113	464
113	776
113	906
114	158
114	203
114	255
114	283
114	313
114	379
114	648
114	818
114	988
115	279
115	401
115	440
115	537
115	539
115	595
115	647
115	652
115	657
115	660
115	733
115	782
115	790
115	853
115	990
116	128
116	151
116	268
116	410
116	706
116	875
117	178
117	191
117	230
117	367
117	384
117	704
117	934
118	125
118	191
118	211
118	289
118	312
118	426
118	459
118	541
118	744
118	771
119	156
119	177
119	213
119	241
119	274
119	426
119	458
119	518
119	534
119	638
119	688
119	742
119	756
119	757
120	176
120	246
120	272
120	304
120	366
120	511
120	747
120	751
120	986
121	128
121	230
121	276
121	340
121	358
121	453
121	463
122	172
122	233
122	257
122	269
122	461
122	519
122	618
122	719
122	735
123	214
123	220
123	301
123	365
123	394
123	484
123	604
123	709
124	233
124	323
124	561
124	618
124	718
124	832
124	840
124	855
124	977
125	130
125	140
125	143
125	145
125	176
125	199
125	211
125	312
125	543
126	133
126	147
126	161
126	365
126	383
126	448
126	509
126	561
126	665
126	915
126	976
127	146
127	182
127	248
127	474
127	504
127	509
127	666
127	685
127	768
127	814
127	841
127	860
127	927
128	322
128	361
128	452
129	153
129	161
129	192
129	307
129	505
129	682
129	872
129	901
130	140
130	176
130	211
130	282
130	312
130	339
130	491
130	920
131	159
131	168
131	312
131	676
131	726
131	761
131	765
132	144
132	250
132	560
132	587
132	601
132	826
133	147
133	213
133	472
133	734
133	743
133	788
133	837
133	976
134	178
134	422
134	562
134	628
134	966
134	972
135	144
135	163
135	215
135	357
135	481
135	483
135	568
135	884
135	904
136	139
136	194
136	247
136	318
136	327
136	463
136	532
136	784
136	867
136	901
137	257
137	272
137	418
137	437
137	456
137	510
137	726
137	774
138	212
138	250
138	384
138	628
138	769
138	819
138	832
139	331
139	611
139	639
139	908
140	175
140	541
140	548
140	678
140	900
141	165
141	166
141	174
141	343
141	502
141	569
141	701
141	980
142	148
142	244
142	390
142	490
142	732
142	795
142	802
142	912
142	921
143	189
143	371
143	448
143	508
143	517
143	560
143	695
143	970
143	976
144	200
144	211
144	397
144	536
144	597
144	758
145	247
145	385
145	505
145	572
145	824
145	921
146	228
146	356
146	850
147	306
147	334
147	356
147	383
147	448
147	472
147	627
147	899
148	182
148	244
148	271
148	490
148	520
148	677
148	732
148	795
148	802
148	912
148	921
148	945
149	173
149	188
149	362
149	368
149	471
150	164
150	303
150	376
150	437
150	727
150	789
150	975
151	228
151	302
151	355
151	382
151	475
151	565
152	287
152	590
152	671
152	680
152	715
152	799
152	820
152	864
152	914
152	994
153	159
153	228
153	447
153	503
153	588
153	733
154	162
154	169
154	220
154	653
154	905
155	171
155	234
155	286
155	444
155	501
155	722
155	852
155	983
156	177
156	241
156	274
156	458
156	494
156	534
156	596
156	700
156	742
156	888
156	955
157	187
157	224
157	240
157	318
157	424
157	524
157	556
157	748
157	902
157	963
158	320
158	428
158	760
158	822
158	862
158	949
159	161
159	168
159	229
159	510
160	237
160	250
160	395
160	602
161	168
161	232
161	310
161	476
161	676
161	810
162	653
162	945
162	969
163	194
163	268
163	315
163	438
163	911
164	260
164	269
164	376
164	437
164	755
164	866
165	166
165	168
165	174
165	290
165	343
165	496
165	502
165	950
165	971
166	174
166	179
166	343
166	369
166	502
166	632
166	837
166	996
167	270
167	282
167	304
167	776
168	192
168	479
168	572
168	785
168	914
168	985
169	219
169	231
169	350
169	549
169	646
169	801
170	180
170	195
170	318
170	347
170	349
170	393
170	445
170	525
170	597
170	633
170	662
170	895
171	196
171	305
171	334
172	214
172	366
172	589
172	773
173	304
173	778
173	877
173	891
174	569
174	632
174	950
174	996
175	339
175	434
175	613
175	759
175	877
175	922
176	199
176	249
176	771
176	953
177	239
177	241
177	274
177	412
177	458
177	518
177	688
177	955
178	236
178	323
178	358
178	369
180	195
180	239
180	265
180	267
180	349
180	393
180	445
180	631
180	839
180	892
181	208
181	400
181	482
181	707
181	724
181	812
181	896
181	917
181	993
182	248
182	474
182	485
182	504
182	737
182	768
182	841
182	927
183	193
183	281
183	340
183	354
183	380
183	413
183	515
183	562
183	649
183	670
184	222
184	341
184	375
184	402
184	406
184	423
184	691
184	835
185	256
185	292
185	326
185	402
185	414
185	545
185	574
185	775
185	822
185	881
186	200
186	277
186	311
186	497
186	544
186	944
187	240
187	290
187	433
187	524
187	534
187	556
187	607
187	902
187	913
187	961
188	228
188	253
188	330
188	477
188	958
189	260
189	333
189	432
189	470
189	592
189	608
189	628
189	638
189	777
189	843
190	195
190	294
190	371
190	383
190	665
190	695
190	753
190	915
191	230
191	425
191	977
192	274
192	420
192	588
192	772
193	281
193	340
193	380
193	413
193	515
193	562
193	670
193	958
194	203
194	311
194	351
194	352
194	563
194	579
195	347
195	393
195	631
195	633
195	755
195	892
195	898
196	219
196	526
196	889
196	926
196	996
197	351
197	366
197	399
197	559
197	579
198	265
198	593
198	714
199	211
200	203
200	259
200	300
200	389
200	622
201	209
201	218
201	237
201	292
201	405
201	462
201	465
201	663
201	704
202	303
202	407
202	635
202	679
202	804
202	1000
203	277
203	581
203	714
203	758
203	960
204	602
204	634
204	698
204	835
204	836
204	957
205	360
205	574
205	829
205	876
205	923
206	364
206	454
206	507
206	533
206	637
206	659
206	716
206	904
206	925
207	252
207	491
208	219
208	264
208	571
209	292
209	405
209	411
209	462
209	663
209	666
209	696
209	708
210	329
210	335
210	490
210	516
210	558
210	598
210	668
210	859
210	888
210	936
211	530
211	605
212	244
212	306
212	449
212	517
212	561
212	753
213	227
213	245
213	525
213	551
213	581
213	642
213	777
213	920
214	552
214	616
214	975
215	225
215	259
215	346
215	394
215	603
216	219
216	287
216	291
216	375
216	499
216	573
216	819
217	469
217	857
217	989
218	292
218	462
218	465
218	663
218	704
218	708
218	839
218	869
219	299
219	612
220	570
220	591
220	735
220	916
220	999
221	288
221	305
221	667
222	329
222	406
222	499
222	836
222	854
222	936
222	964
223	267
223	316
223	354
223	385
223	763
223	830
223	875
223	931
223	998
224	240
224	253
224	318
224	421
224	524
224	556
224	607
224	861
224	887
225	236
225	323
225	446
225	531
226	254
226	358
226	415
226	506
227	313
227	329
227	516
227	551
227	581
227	642
227	683
227	920
228	740
228	968
229	480
229	494
229	813
230	319
230	348
230	359
231	489
231	657
231	853
231	978
232	298
232	332
232	513
232	550
233	355
233	450
233	629
234	320
235	251
235	254
235	263
235	348
235	486
235	548
236	425
236	869
236	886
237	644
237	919
237	932
238	422
238	655
238	991
240	318
240	424
240	607
240	643
240	861
241	262
241	407
241	412
241	426
241	494
241	518
242	289
242	303
242	653
242	752
242	795
242	812
243	362
243	416
243	834
244	490
244	520
244	732
244	795
244	945
245	344
245	435
245	581
245	642
245	672
245	750
246	283
246	685
246	751
247	626
247	669
247	842
247	938
248	504
248	650
248	666
248	685
248	737
248	815
248	927
249	324
249	359
249	703
250	473
251	399
251	427
251	725
252	253
252	258
252	271
252	275
252	431
252	573
252	744
252	770
253	258
253	273
253	275
253	575
253	728
253	770
255	261
255	316
255	542
255	644
255	813
255	846
255	954
255	971
256	326
256	346
256	402
256	414
256	439
256	545
256	775
257	617
257	646
257	675
258	271
258	791
258	798
258	929
258	983
259	273
259	623
260	296
260	333
260	553
260	594
260	638
260	713
260	897
261	373
261	451
261	626
261	644
261	684
261	846
262	342
262	522
262	962
263	285
263	824
265	399
265	568
265	675
265	794
266	476
266	723
266	782
267	354
267	385
267	586
267	875
267	954
267	998
268	482
268	508
268	803
269	549
269	636
270	712
270	729
270	979
271	431
271	575
271	728
271	929
272	417
272	472
274	426
274	458
274	757
275	331
275	431
275	728
275	769
275	798
276	591
276	746
277	964
278	368
278	451
278	600
278	938
279	316
279	401
279	537
279	595
279	733
279	990
280	350
280	363
281	343
281	380
281	413
281	507
281	649
281	670
282	366
282	396
282	456
283	580
284	559
285	302
285	590
285	876
285	880
285	979
286	428
286	487
286	848
286	882
287	370
287	680
287	717
287	864
287	914
288	364
288	454
288	604
288	659
288	716
288	904
288	925
289	407
289	804
289	948
290	421
290	424
290	607
290	748
290	913
291	423
291	528
291	836
291	980
292	405
292	465
292	663
293	823
293	900
294	306
294	577
294	743
294	788
294	984
295	463
295	527
295	660
295	783
296	432
296	469
296	470
296	553
296	713
296	843
296	845
297	360
297	925
298	336
298	372
298	430
298	441
298	781
298	825
298	957
299	301
299	646
301	401
301	446
301	834
302	612
302	720
303	500
303	546
303	948
304	401
304	854
305	699
305	707
305	987
306	334
306	472
306	682
307	310
307	760
307	969
308	503
308	584
311	648
311	807
312	613
312	998
313	419
313	525
313	551
313	642
313	683
313	968
314	336
314	433
315	524
315	580
315	794
316	373
316	542
316	813
316	954
316	993
318	424
318	861
318	963
319	443
319	887
320	364
320	738
321	454
322	522
323	505
324	429
324	712
324	848
325	390
325	788
326	545
326	581
326	673
326	822
326	881
327	387
327	409
327	682
327	811
328	400
328	480
328	530
328	985
329	338
329	690
329	698
330	590
330	695
330	722
331	372
331	411
332	390
332	555
332	656
333	470
333	608
333	629
333	909
334	408
334	837
335	379
335	387
335	668
335	693
335	859
335	936
336	372
336	441
336	605
336	801
336	817
337	351
337	372
337	379
338	450
338	485
338	796
338	964
338	987
340	380
340	413
340	515
340	649
341	780
342	355
342	828
343	796
344	419
344	486
344	672
344	683
344	920
345	360
345	376
345	510
345	738
346	374
346	496
347	537
347	755
347	928
347	959
348	475
348	489
348	612
349	393
349	597
349	820
349	839
351	388
351	548
351	848
352	847
352	937
353	443
353	465
353	642
354	385
354	586
354	763
354	830
355	917
357	587
357	709
357	937
358	899
359	551
359	687
359	982
362	724
363	461
363	814
363	898
364	507
364	904
364	925
365	496
365	868
366	984
367	633
368	924
369	618
370	681
370	715
370	799
370	842
370	879
370	994
371	388
371	560
371	620
371	665
371	830
372	386
372	605
372	817
373	451
373	547
373	813
373	993
374	582
374	668
374	878
375	485
375	528
375	544
375	599
376	550
376	554
377	412
377	497
378	438
378	487
378	526
379	571
379	731
380	562
380	850
381	499
381	564
381	573
381	691
381	713
382	801
382	834
383	397
383	518
383	753
384	395
384	422
385	586
385	931
386	430
386	516
386	781
386	817
386	957
387	516
387	558
387	598
387	668
388	467
388	478
388	512
389	422
389	476
389	576
391	482
391	554
391	565
392	422
393	622
393	662
394	565
395	764
396	889
397	481
397	582
398	797
400	506
400	720
401	539
401	652
401	660
402	414
402	673
402	815
403	429
403	439
403	476
403	492
403	619
403	800
404	435
404	680
404	825
405	696
405	869
406	779
406	840
407	818
407	1000
408	517
408	734
408	761
408	823
409	856
409	995
411	436
412	494
412	534
412	580
412	955
413	457
413	649
414	545
414	815
415	604
417	870
418	435
418	519
418	905
419	436
419	551
419	750
421	424
421	902
421	963
423	602
423	800
425	615
426	742
427	443
427	738
428	547
428	997
429	492
429	619
429	759
429	800
430	441
430	781
431	575
431	691
431	983
432	470
432	909
433	614
434	951
436	503
436	942
437	786
439	492
439	619
439	627
440	537
440	595
440	652
440	660
441	605
441	957
441	976
442	555
442	663
442	927
443	490
444	467
444	469
444	865
444	916
445	633
445	858
445	895
445	928
446	623
448	501
449	509
449	560
449	935
450	485
450	690
450	893
451	644
451	746
451	954
453	599
454	716
454	793
455	477
455	552
455	563
455	565
455	610
457	469
457	689
458	579
458	645
460	575
460	714
461	745
461	835
462	465
462	966
463	995
465	986
467	707
467	940
468	857
470	909
472	915
473	620
473	661
474	504
474	666
474	718
474	737
475	592
475	765
475	831
476	611
477	915
479	702
480	624
481	550
483	745
483	797
483	965
486	710
486	992
487	582
489	851
489	935
490	912
492	627
492	911
493	500
493	679
494	534
495	506
495	606
495	640
497	526
497	952
498	947
499	602
500	896
501	544
501	669
502	687
504	538
504	685
505	810
507	637
507	659
507	793
508	738
508	892
509	837
511	854
512	941
512	997
515	562
515	926
516	859
516	888
517	577
518	688
518	732
519	604
520	921
521	655
521	779
524	652
525	672
525	683
526	579
527	784
528	573
529	549
530	783
531	538
533	870
536	887
537	657
539	595
539	657
540	766
541	636
542	577
542	746
545	561
546	902
547	606
547	644
547	684
548	740
553	608
553	658
553	897
554	808
555	584
556	557
558	693
559	754
560	823
563	648
564	634
566	571
567	735
567	999
574	894
576	721
578	686
580	933
582	631
583	703
583	721
583	940
584	782
585	686
586	830
593	887
594	629
594	669
597	662
597	839
598	888
598	936
600	764
602	681
603	669
603	962
608	713
610	808
613	866
615	655
619	759
620	734
620	788
621	866
624	793
624	833
625	699
626	938
627	910
631	633
631	959
632	667
634	819
634	840
635	752
636	880
637	659
637	793
638	777
638	897
639	852
646	908
647	652
647	790
647	990
651	870
654	741
657	660
662	755
662	948
664	775
664	868
665	970
666	970
668	693
670	857
670	880
671	820
671	849
671	879
672	693
672	750
673	775
673	822
674	942
676	918
678	865
679	878
680	849
682	783
682	850
684	993
686	762
688	757
688	783
693	727
696	986
698	893
702	803
704	708
707	907
711	811
712	943
715	717
717	849
719	721
721	946
728	894
733	790
745	805
746	846
748	913
749	886
759	911
760	988
763	931
765	975
766	981
768	860
769	770
769	983
772	937
774	949
777	843
786	981
792	824
798	929
799	879
800	910
802	945
806	817
810	909
814	841
814	860
815	881
820	914
838	874
852	882
864	994
869	986
875	998
883	912
892	895
910	911
916	917
928	959
932	999
934	946
968	969
